 200 334
 3 3 3 3 6 8 10 12 12 12 14 15 15 15 18 18 18 18 19 21 22 24 24 24 26 27 27 27 30 30 30 32 33 35 36 36 36 39 39 42 42 42 45 45 45 46 48 48 48 48 48 50 51 51 51 54 54 54 57 57 60 61 63 64 66 66 66 67 69 72 72 72 72 72 72 75 75 76 78 78 78 81 81 81 81 81 83 84 85 87 87 87 87 90 90 90 91 93 93 93 96 96 96 96 99 99 101 102 102 102 103 105 105 107 108 108 110 111 111 111 113 114 116 117 118 120 123 123 123 126 127 129 129 129 131 132 132 134 135 135 135 136 138 141 141 142 144 144 144 146 147 149 150 150 152 153 153 153 155 158 159 159 159 160 162 162 164 165 165 166 168 168 171 171 173 174 174 175 177 177 177 179 180 180 182 183 186 186 186 186 186 188 189 189 189 190 192 192 192 192 194 195 195 195 197 198 198 198 199 201 201 201 204 204 204 205 207 207 207 207 207 207 209 210 210 210 212 213 213 213 213 216 216 216 216 217 219 219 219 220 222 222 224 225 225 226 228 229 231 231 231 231 233 234 234 234 234 235 237 237 238 240 240 240 242 243 243 245 246 246 249 249 249 252 252 252 253 255 255 255 257 258 258 258 258 261 262 264 264 264 264 264 267 267 267 270 270 270 270 273 273 275 276 276 276 278 279 282 282 282 282 284 285 285 285 287 288 288 288 290 291 292 294 294 294 295 297 297 298 300 300 300 300 100 
 20 16 18 47 112 140 158 160 166 181 182 188 201 216 233 237 264 286 290 322 323 
 17 46 71 99 132 145 174 177 178 179 197 222 228 259 262 274 279 332 
 12 6 8 108 115 135 189 208 224 232 294 315 326 
 13 2 44 52 80 89 153 181 234 239 240 268 276 289 
 19 16 19 29 47 49 53 107 109 124 133 140 167 176 231 233 247 278 314 327 
 18 26 27 33 64 65 71 100 130 140 185 237 252 271 272 281 293 296 302 
 16 25 53 72 76 88 101 110 114 144 227 241 296 300 301 320 322 
 28 10 13 23 27 35 59 61 62 64 85 132 145 157 175 176 183 185 202 224 232 276 279 281 284 292 307 312 327 
 15 29 37 45 60 79 176 185 198 206 251 259 273 274 281 291 
 19 8 22 25 40 44 69 89 101 123 155 163 203 277 278 297 308 326 332 333 
 20 1 11 25 52 94 110 131 136 145 165 171 174 190 195 223 246 253 281 311 312 
 15 2 10 19 47 68 77 115 130 166 167 208 223 248 321 329 
 27 8 23 48 50 62 79 91 107 124 126 141 156 164 184 194 210 215 218 232 285 298 304 310 311 321 322 328 
 23 8 11 13 19 40 46 57 79 89 102 105 155 158 197 224 228 251 253 257 271 292 293 316 
 21 16 23 30 53 56 105 114 117 148 152 192 218 224 227 234 263 269 272 284 312 327 
 20 32 38 41 63 91 107 132 152 157 169 175 186 187 197 218 228 237 263 275 328 
 17 7 26 38 40 55 88 125 152 180 214 220 221 241 284 297 308 314 
 18 4 31 46 60 63 94 103 109 113 131 152 153 196 219 225 228 245 263 
 17 40 77 83 101 103 107 130 133 144 157 185 211 247 248 251 273 279 
 19 15 34 37 54 61 72 118 123 144 155 173 233 242 255 276 282 293 307 324 
 23 18 23 35 52 60 62 79 121 152 176 178 184 187 188 192 194 213 229 239 248 252 272 294 
 18 6 36 41 98 113 157 160 176 177 196 197 230 249 265 266 293 298 309 
 23 15 29 38 44 50 62 68 94 139 146 150 184 205 216 230 233 242 245 261 262 271 278 309 
 15 1 11 34 47 73 89 109 122 131 184 194 195 217 278 328 
 23 27 29 33 42 58 70 94 107 108 111 126 129 144 165 169 187 194 209 281 284 300 312 317 
 23 13 21 23 36 44 53 54 82 88 91 92 103 112 139 145 148 168 173 177 193 194 307 331 
 16 38 67 70 73 79 143 154 173 174 206 233 235 296 303 312 332 
 22 12 32 52 54 61 62 78 88 123 127 136 148 158 159 167 175 178 203 254 265 289 295 
 17 5 30 33 48 50 54 99 108 119 159 170 197 212 217 223 226 247 
 19 8 15 57 59 67 153 161 165 173 179 199 223 225 249 257 296 312 323 328 
 22 6 17 23 40 76 87 97 121 132 172 201 206 217 248 254 255 281 295 300 313 320 331 
 23 9 34 112 117 135 140 144 149 165 188 193 209 213 223 229 230 262 278 283 294 300 318 326 
 20 32 34 35 94 104 113 117 156 157 173 210 211 227 241 243 244 246 294 303 331 
 22 1 7 39 46 53 65 74 98 101 109 119 146 149 154 184 205 211 213 228 234 323 327 
 22 5 18 21 34 38 51 58 72 91 111 118 120 146 161 221 242 250 283 299 306 308 314 
 21 5 12 19 33 62 66 71 72 92 107 120 144 150 154 172 216 230 291 305 318 333 
 21 16 24 32 56 75 90 113 115 139 161 201 215 222 233 238 240 272 274 291 301 324 
 26 15 16 17 22 57 61 84 87 92 133 139 144 150 156 162 179 183 236 238 270 286 287 290 293 307 317 
 20 25 40 78 118 133 135 160 163 173 182 193 216 224 227 251 277 298 324 326 327 
 17 12 41 69 82 92 97 102 111 118 152 175 182 187 232 244 272 308 
 20 22 23 40 43 61 62 80 102 106 109 114 119 134 148 171 217 227 299 304 323 
 15 22 25 42 54 79 137 142 170 206 207 225 239 245 272 332 
 13 7 20 36 56 87 92 131 132 243 253 259 269 289 
 21 8 16 37 43 72 93 124 128 138 190 193 195 215 232 249 258 280 281 287 308 322 
 19 14 34 50 58 103 107 148 150 151 168 171 178 216 233 270 296 303 326 327 
 16 28 32 38 48 61 63 102 105 133 137 150 175 213 251 288 320 
 22 22 34 39 43 63 69 84 108 116 120 130 164 217 219 237 241 259 262 301 308 312 317 
 16 24 72 115 144 166 194 197 226 246 248 259 275 286 313 314 333 
 24 32 34 36 61 66 68 72 78 96 133 156 166 168 200 201 211 245 256 273 289 298 303 304 308 
 20 37 79 88 93 110 114 139 162 174 199 210 211 220 244 274 279 288 303 313 331 
 19 5 34 62 73 84 95 104 122 125 127 132 138 140 176 227 249 270 277 306 
 18 15 16 34 50 82 95 103 132 170 196 199 205 212 254 288 305 311 324 
 25 20 47 68 79 98 101 115 117 140 160 164 176 196 206 209 230 242 243 249 253 263 272 277 290 327 
 22 3 10 15 25 52 82 103 111 134 154 155 182 185 186 205 206 243 251 287 289 303 328 
 19 3 41 61 63 98 105 126 130 147 156 214 246 248 264 295 302 311 313 316 
 20 15 54 68 76 83 119 127 139 153 157 164 175 185 188 224 250 253 265 313 322 
 18 39 62 78 82 101 105 106 160 185 192 193 210 222 263 267 274 287 320 
 24 8 24 29 30 66 71 79 91 118 123 132 135 148 150 159 216 238 249 258 263 272 283 306 309 
 26 6 12 15 20 33 36 43 63 65 66 69 104 108 112 140 142 145 171 199 203 205 219 234 298 312 317 
 18 8 28 48 91 108 120 143 144 149 229 233 262 275 287 289 319 323 330 
 17 42 97 107 111 132 150 151 158 169 180 196 213 217 227 254 288 313 
 25 15 24 43 57 64 65 71 99 117 126 132 134 161 162 164 166 202 203 205 238 245 254 278 286 332 
 14 1 2 38 39 84 89 136 167 182 194 209 228 308 318 
 21 21 61 65 77 94 161 169 184 186 205 216 228 232 236 269 282 312 315 324 328 329 
 29 5 9 30 53 71 115 121 125 126 138 155 167 171 175 197 206 212 219 220 227 232 233 244 248 265 283 286 293 305 
 13 57 60 94 111 151 157 198 244 256 305 306 308 333 
 14 25 47 65 89 125 130 176 211 213 237 271 286 329 333 
 18 3 38 41 122 138 159 182 187 198 201 214 230 250 253 258 259 271 305 
 19 1 13 24 37 104 118 130 149 150 197 209 217 219 232 257 306 307 317 320 
 23 5 8 21 35 38 47 76 100 105 109 126 131 139 177 187 192 202 242 244 247 254 264 309 
 20 9 62 66 80 82 87 96 164 167 182 191 206 213 236 241 247 308 312 314 333 
 17 19 25 43 64 71 87 90 187 223 237 245 250 257 265 270 275 308 
 15 16 21 25 41 46 53 70 99 123 131 136 138 165 178 329 
 15 4 61 65 67 72 84 90 104 107 131 138 173 195 217 256 
 20 22 58 76 87 94 108 116 117 146 153 162 183 238 239 260 271 278 300 303 320 
 18 26 43 48 51 65 117 128 162 168 177 198 205 219 221 232 237 243 322 
 29 28 43 47 55 57 63 65 77 83 88 117 127 138 141 146 147 156 186 188 218 224 225 235 256 278 296 302 305 332 
 14 93 147 204 221 223 250 256 261 267 269 277 290 303 332 
 13 28 42 43 67 110 112 131 179 193 203 258 259 274 
 21 26 41 48 49 60 66 68 120 135 136 170 175 198 212 244 253 269 288 301 308 321 
 16 16 42 82 83 143 175 182 192 249 253 265 277 283 306 312 323 
 18 20 33 109 112 124 143 173 180 203 216 229 237 248 254 289 294 296 306 
 16 6 18 26 40 72 93 128 147 175 195 211 232 244 293 297 323 
 16 2 20 30 31 43 116 124 127 133 163 181 196 217 224 278 317 
 11 40 91 106 140 154 192 203 238 246 287 312 
 19 12 41 50 61 62 79 89 90 94 122 193 200 212 220 224 237 287 294 317 
 16 2 48 78 103 106 119 143 156 175 209 211 224 246 249 266 334 
 17 22 23 29 57 58 66 147 168 181 192 202 206 227 241 262 280 323 
 19 12 29 62 66 84 121 126 162 167 217 228 233 236 246 250 276 281 305 332 
 27 22 32 41 44 105 109 120 142 147 151 166 179 196 210 218 224 238 240 265 266 273 279 282 283 304 306 325 
 11 59 92 103 132 168 197 212 227 253 255 263 
 18 26 29 31 50 56 58 100 105 136 142 149 187 195 210 265 289 295 308 
 13 25 34 59 64 128 166 167 196 202 235 255 289 312 
 26 11 33 36 83 85 114 133 138 141 150 153 158 160 161 174 182 198 202 238 260 286 287 294 300 327 330 
 21 15 19 27 52 53 63 83 93 98 101 161 170 192 225 228 255 275 291 297 327 331 
 15 19 63 86 113 128 130 153 172 189 232 308 310 316 317 323 
 17 15 26 38 43 49 70 77 83 98 101 112 138 147 193 205 254 288 
 27 7 9 33 38 46 49 59 62 90 118 126 147 155 193 213 214 217 221 224 231 234 247 266 293 296 299 308 
 15 1 10 116 120 121 177 187 195 202 250 264 282 287 299 317 
 24 1 6 13 25 54 61 70 100 115 139 144 187 189 198 199 202 220 261 275 278 282 287 288 322 
 20 38 65 73 76 121 123 137 144 147 155 193 200 256 278 285 291 307 313 320 324 
 18 44 47 54 58 96 123 137 142 184 198 210 247 248 250 297 300 319 328 
 20 21 31 35 60 75 80 88 99 116 126 165 173 178 185 232 241 245 278 302 327 
 19 29 31 35 47 57 112 121 136 140 148 151 165 169 176 200 271 279 300 314 
 17 56 65 66 82 89 128 134 139 207 217 240 259 260 263 272 284 299 
 22 18 38 66 76 82 85 139 150 156 160 179 183 189 198 201 202 229 265 283 288 325 333 
 22 17 21 51 57 73 99 106 144 148 152 172 181 183 201 214 241 255 262 279 280 302 305 
 17 11 43 59 87 103 151 191 201 239 252 255 273 277 278 290 308 309 
 23 13 32 71 90 114 146 161 172 183 192 199 209 239 241 243 257 259 275 277 280 289 310 318 
 24 32 45 53 65 74 108 120 142 153 168 175 178 183 205 218 223 235 244 262 274 302 308 320 323 
 11 14 26 44 70 76 168 221 275 282 300 327 
 19 3 5 69 98 101 119 127 132 139 161 167 176 196 244 263 269 303 306 316 
 22 9 16 36 63 78 95 96 110 123 125 140 154 166 167 178 180 182 205 251 263 275 289 
 21 3 7 10 15 35 65 80 84 88 95 151 162 206 238 248 255 283 297 301 310 321 
 17 8 12 23 34 51 154 163 193 229 245 248 265 285 290 297 316 324 
 16 2 30 33 45 49 51 64 71 77 127 130 132 160 168 170 254 
 18 32 35 47 54 61 74 91 107 114 125 143 200 219 250 274 279 303 318 
 19 19 26 55 56 81 84 89 118 130 141 143 147 173 194 197 233 280 283 296 
 24 36 47 55 59 87 113 122 123 141 146 161 173 183 188 197 199 201 225 238 249 281 293 296 331 
 22 6 14 26 30 43 67 70 77 114 121 122 138 164 182 215 229 242 268 270 286 300 314 
 25 6 11 78 92 96 101 115 122 127 133 138 148 156 157 210 221 223 284 309 314 317 321 322 330 331 
 25 3 15 54 61 69 73 89 94 118 121 134 144 160 165 169 173 183 203 207 218 225 279 291 302 313 
 14 3 9 12 95 138 143 178 185 207 243 249 252 280 319 
 25 19 25 46 59 64 71 76 79 88 89 109 128 138 142 185 204 216 218 226 247 262 265 286 288 330 
 13 6 44 83 128 143 163 180 188 198 240 247 293 323 
 21 2 30 60 64 78 137 143 168 179 183 190 210 214 248 253 260 268 280 282 295 333 
 21 4 44 45 72 95 101 117 141 161 172 179 183 188 189 193 199 213 272 278 285 323 
 16 12 20 21 24 77 85 92 102 117 135 168 170 191 265 313 324 
 20 17 35 44 49 70 74 76 79 91 94 95 102 104 160 168 238 271 274 324 325 
 23 63 70 73 83 90 104 105 110 115 116 150 151 194 196 198 277 282 283 289 300 301 304 329 
 27 1 4 30 38 53 80 101 107 114 127 130 142 170 172 180 185 188 207 223 224 241 246 300 313 314 316 328 
 19 8 42 79 81 82 88 97 107 122 130 142 159 174 208 229 279 282 299 303 
 19 5 15 24 29 30 35 49 52 64 97 131 165 175 176 215 234 304 313 320 
 24 32 33 34 52 71 79 82 83 100 110 119 138 139 158 160 190 216 249 250 261 276 286 315 330 
 24 13 26 29 85 99 125 133 136 138 140 147 161 176 187 208 222 226 232 262 297 312 316 328 332 
 22 7 20 27 43 45 88 95 112 129 135 175 193 200 205 212 215 247 249 267 275 284 289 
 17 5 27 36 44 81 87 105 136 143 159 171 213 253 255 261 288 315 
 20 1 9 17 20 22 48 52 78 112 127 137 149 169 178 222 223 262 284 285 307 
 28 2 8 9 46 52 70 86 97 105 108 145 146 169 218 246 261 262 268 271 276 286 301 304 314 317 322 325 330 
 22 8 48 52 53 56 66 70 71 83 114 127 146 180 197 201 214 246 288 301 321 327 331 
 10 54 76 79 85 90 115 118 198 225 251 
 20 5 6 33 35 58 93 134 138 161 179 191 198 200 218 230 251 274 277 310 318 
 22 7 26 36 49 59 71 77 98 163 187 201 210 224 225 228 243 244 269 276 288 301 310 
 20 1 6 17 21 22 25 30 64 69 127 138 147 174 210 236 258 265 281 323 333 
 15 35 49 57 71 78 81 144 175 176 181 242 249 261 271 303 
 23 2 7 14 23 24 36 44 90 95 126 131 176 182 193 195 197 249 260 284 298 302 316 327 
 28 1 14 27 42 52 53 79 84 104 123 170 197 204 210 213 219 241 246 247 250 261 283 288 294 309 315 325 328 
 20 11 21 36 50 68 70 74 77 85 111 123 127 179 183 208 227 239 268 293 305 
 21 41 57 64 75 82 90 92 116 127 156 193 210 215 223 258 271 274 283 296 300 315 
 24 8 11 53 87 91 100 121 129 136 141 162 171 187 200 211 216 227 229 290 298 317 321 326 330 
 24 9 13 24 26 45 46 49 56 70 94 102 109 125 133 177 226 238 260 266 268 271 277 282 304 
 12 10 34 129 192 198 207 223 240 243 253 254 271 
 22 8 22 27 42 56 78 94 137 155 160 161 162 176 205 237 249 254 255 274 285 305 330 
 17 11 15 59 87 108 121 142 143 145 150 238 247 266 287 302 309 312 
 20 1 2 3 5 12 59 90 104 119 135 153 194 228 243 252 257 259 276 293 313 
 22 1 7 11 19 31 32 48 76 132 190 205 217 225 253 257 263 281 287 300 302 316 318 
 24 39 56 60 83 90 94 137 140 184 185 199 211 225 228 251 259 262 264 270 278 279 311 327 330 
 24 7 17 29 38 49 114 117 124 135 161 164 168 170 188 218 224 225 226 235 250 261 271 279 287 
 17 13 46 50 56 65 69 98 124 147 173 192 199 215 279 281 302 311 
 21 15 21 32 72 82 94 119 155 205 218 223 224 236 247 252 255 281 300 309 311 327 
 15 22 25 33 49 65 157 162 208 219 234 238 254 310 319 328 
 21 2 4 15 19 34 61 64 105 115 171 179 184 194 195 201 213 220 248 264 297 318 
 19 17 42 78 99 149 156 160 178 189 217 219 226 239 253 262 268 278 294 303 
 17 2 8 21 43 102 108 148 155 173 184 189 202 204 237 249 259 275 
 29 1 8 16 17 20 40 49 67 69 102 106 109 130 165 172 175 179 214 217 220 240 246 247 248 251 256 274 286 300 
 20 29 40 45 48 60 67 68 91 124 126 140 194 217 223 231 240 295 297 306 310 
 24 8 25 37 40 47 59 77 78 92 109 155 166 169 180 199 225 243 256 282 293 300 301 310 324 
 27 2 7 47 66 82 86 95 98 110 126 128 130 132 146 160 171 196 199 200 204 213 224 255 291 296 307 329 
 22 18 31 43 46 70 76 88 125 150 151 155 170 181 213 214 219 231 240 250 268 316 321 
 16 2 9 63 70 82 95 141 161 213 220 254 282 294 300 322 325 
 21 18 23 40 48 56 77 88 139 179 221 230 236 237 243 250 254 258 278 280 292 293 
 23 10 27 29 57 117 129 137 139 143 145 150 170 197 202 207 220 266 286 300 302 313 325 326 
 20 12 16 33 37 61 68 74 85 106 117 165 206 218 256 269 287 291 298 300 326 
 16 12 21 22 33 59 105 115 127 141 152 168 179 237 248 293 330 
 17 8 59 68 70 87 126 138 144 165 169 193 201 249 302 317 329 331 
 19 11 29 50 60 68 71 76 105 106 118 125 132 197 203 214 234 258 265 282 
 25 1 8 13 18 20 26 33 40 73 76 128 134 153 167 168 169 206 213 214 227 260 264 290 309 311 
 25 2 3 7 34 35 36 43 49 65 98 101 110 146 154 162 167 171 185 224 245 249 260 272 290 293 
 16 1 22 35 47 65 78 105 131 142 160 213 292 295 298 304 327 
 18 9 16 23 56 75 106 177 191 207 218 226 260 261 263 266 289 310 330 
 19 26 56 73 101 125 171 175 182 187 217 227 234 255 274 283 284 308 330 331 
 16 7 11 48 55 136 156 159 200 217 236 237 253 260 282 290 307 
 19 25 48 65 70 77 78 98 107 139 172 183 184 187 201 206 221 237 271 321 
 17 13 32 63 70 87 90 102 143 152 183 192 204 214 223 237 278 288 
 23 3 63 108 125 133 152 166 186 201 204 216 223 239 258 268 273 275 297 306 308 309 330 331 
 23 22 47 98 99 108 117 153 192 195 209 210 224 226 228 254 296 300 304 306 308 310 311 321 
 21 1 5 32 43 51 56 59 76 80 81 95 111 149 152 167 236 239 255 261 301 321 
 26 16 27 29 42 52 82 87 91 145 177 178 198 209 210 213 219 220 223 224 247 270 272 283 304 313 328 
 17 22 43 106 114 122 123 144 147 171 188 192 203 237 261 288 319 326 
 12 9 41 65 75 85 167 171 210 213 216 287 313 
 15 12 24 28 72 127 139 144 167 182 190 208 223 254 283 314 
 16 6 14 20 92 94 123 130 141 144 173 189 214 225 226 290 309 
 25 5 15 39 63 97 124 132 141 144 146 150 162 178 179 183 191 202 211 227 233 240 252 288 309 320 
 22 17 31 90 101 121 136 138 142 150 163 177 187 192 201 202 228 252 279 312 316 329 334 
 22 11 27 46 56 151 180 189 193 197 205 240 242 246 247 249 252 259 269 281 286 300 316 
 12 1 11 70 121 203 215 241 296 297 298 302 330 
 18 12 34 48 51 52 69 73 77 96 107 129 130 135 232 236 262 303 325 
 16 23 40 41 47 48 131 157 163 178 196 200 206 227 254 271 284 
 19 23 47 73 80 86 100 124 143 168 171 183 222 225 241 285 288 291 293 294 
 12 15 58 67 127 128 140 151 155 199 217 232 288 
