 200 334
 3 3 3 3 6 6 6 6 9 9 9 9 9 12 12 13 15 15 18 18 18 18 21 21 21 21 21 24 25 27 27 28 30 30 30 32 33 33 34 36 36 36 37 39 39 40 42 42 42 43 45 45 47 48 48 49 51 51 51 51 51 54 54 54 57 57 57 60 60 60 63 63 63 65 66 66 66 66 69 69 69 71 72 74 75 75 75 78 78 79 81 81 81 82 84 84 87 87 87 90 90 90 93 93 93 96 96 99 99 99 99 102 102 104 105 105 105 106 108 108 108 110 111 111 114 114 114 116 117 117 117 117 120 120 120 120 122 123 124 126 126 126 126 126 128 129 129 129 132 132 132 135 135 135 137 138 138 141 141 142 144 144 144 146 147 147 150 150 153 153 153 153 155 156 156 156 159 159 162 164 165 165 167 168 169 171 172 174 175 177 177 177 178 180 180 180 180 181 183 183 183 185 186 186 186 186 187 189 189 189 189 191 192 192 192 192 193 195 195 196 198 198 198 201 201 201 204 204 204 204 204 205 207 207 207 209 210 213 213 213 215 216 219 219 219 221 222 224 225 225 225 226 228 228 228 228 228 228 231 231 231 234 235 237 237 237 239 240 240 240 242 243 244 246 246 246 249 249 252 252 252 252 253 255 255 255 258 258 258 258 261 263 264 264 264 267 267 268 270 270 270 273 273 275 276 276 277 279 279 279 281 282 282 282 285 285 287 288 288 290 291 291 291 294 294 294 295 297 297 297 297 297 299 100 
 19 4 44 73 122 137 143 159 171 216 223 224 229 230 241 255 270 279 292 328 
 34 11 21 32 38 39 45 53 59 62 63 68 72 79 86 87 89 96 102 127 151 154 158 163 177 202 230 273 274 286 287 299 309 324 332 
 16 3 25 28 51 52 57 97 98 130 152 158 164 224 241 272 332 
 14 3 28 122 153 179 185 187 190 191 193 230 253 290 325 
 20 2 22 53 97 149 152 159 165 184 227 275 277 279 287 308 309 313 321 328 331 
 29 5 8 20 26 50 57 81 91 97 100 103 125 133 156 158 182 214 224 244 277 292 294 299 306 308 315 320 326 331 
 22 29 125 128 162 166 170 172 194 212 219 231 248 260 264 267 282 284 287 296 300 308 316 
 20 7 10 33 44 45 47 51 64 72 111 119 151 172 193 232 243 249 304 313 323 
 17 20 45 53 100 114 175 179 185 202 203 213 224 236 239 248 310 317 
 16 1 63 75 76 119 143 157 161 197 210 249 262 272 292 328 329 
 25 5 20 23 35 39 88 102 103 107 116 128 149 153 167 192 217 218 235 246 260 276 292 299 303 325 
 14 14 34 55 143 177 182 190 222 244 245 249 285 307 308 
 26 7 9 24 47 61 71 72 84 105 110 129 148 160 166 192 209 244 264 271 272 279 280 290 294 304 327 
 25 3 51 52 62 89 113 122 139 156 169 170 180 187 210 227 229 236 244 255 260 282 297 304 321 329 
 11 1 32 95 178 185 202 207 211 248 256 271 
 23 14 16 25 33 48 68 96 108 120 149 159 168 169 172 177 208 213 218 243 249 264 265 294 
 19 9 19 71 79 80 114 119 133 157 158 167 169 170 190 205 214 242 291 308 
 14 23 33 39 45 69 81 85 103 129 203 222 230 280 281 
 20 5 62 79 97 103 106 132 147 159 180 181 189 227 255 259 286 300 305 311 321 
 12 5 19 50 90 93 141 182 209 287 299 306 319 
 25 1 7 36 55 66 72 84 114 133 141 159 160 167 168 174 185 189 208 215 236 241 264 274 281 333 
 20 28 47 56 62 67 74 97 109 124 125 137 147 164 165 185 220 274 290 312 320 
 13 7 32 69 118 131 181 189 224 256 302 305 317 320 
 13 19 55 68 85 95 96 153 179 208 212 273 274 322 
 22 9 14 25 30 38 40 57 113 117 120 170 186 194 201 210 243 264 277 284 302 314 318 
 11 5 38 49 71 95 96 126 142 175 267 281 
 19 3 8 34 36 47 53 123 147 190 192 199 219 264 283 286 295 298 299 311 
 15 23 24 51 72 91 94 106 112 116 171 212 238 243 287 294 
 19 15 22 30 43 74 158 160 171 186 189 211 228 234 239 262 290 309 318 328 
 18 12 58 73 82 94 147 173 175 186 190 226 264 267 269 280 290 297 318 
 14 1 58 69 76 78 100 103 134 160 195 227 275 288 323 
 21 14 15 20 21 25 47 61 115 137 152 155 191 224 227 252 254 287 305 317 326 333 
 21 38 61 68 72 83 101 118 150 152 168 177 181 186 202 204 232 242 272 285 287 312 
 12 9 22 42 47 48 123 127 155 159 207 213 326 
 25 29 47 60 80 92 93 97 104 112 120 126 150 165 181 184 190 218 239 254 274 296 307 322 327 334 
 22 28 38 40 69 141 152 190 197 199 212 213 220 223 229 230 238 244 296 309 311 317 329 
 24 14 20 34 49 50 52 53 55 61 79 80 113 141 161 168 170 174 183 191 203 241 254 262 320 
 19 14 33 46 67 71 89 97 110 129 140 146 158 169 200 208 248 274 280 318 
 22 21 32 83 118 119 123 128 182 194 207 208 210 221 238 243 247 263 275 293 302 322 328 
 19 28 33 42 45 48 54 74 108 114 115 126 144 201 207 216 235 287 295 324 
 16 23 30 41 51 111 116 133 155 172 178 186 195 234 315 322 333 
 25 10 26 35 45 56 57 62 71 80 122 124 141 149 157 161 173 182 186 189 209 221 250 287 314 316 
 22 4 33 37 40 48 62 74 108 112 126 138 152 165 167 179 224 227 271 283 291 315 317 
 12 28 44 69 79 84 95 101 106 176 185 212 214 
 21 24 33 50 125 156 166 177 212 217 219 220 232 246 248 267 269 279 284 291 315 329 
 19 40 55 91 117 121 122 152 198 201 230 244 246 250 252 272 281 284 304 333 
 19 6 25 57 86 91 125 173 195 196 211 227 231 242 244 282 284 285 307 315 
 15 21 25 44 82 134 141 145 162 192 207 210 231 233 243 250 
 16 31 59 63 71 79 92 116 128 154 165 181 197 221 275 302 328 
 21 8 18 55 58 115 116 139 143 168 172 174 175 177 181 212 215 254 280 288 330 331 
 20 6 15 17 33 125 150 155 169 184 192 218 227 257 259 287 300 302 315 322 323 
 20 6 48 50 65 82 90 101 131 138 153 200 209 244 251 259 285 294 296 327 328 
 19 37 63 69 80 111 126 128 129 144 171 183 213 252 263 271 288 311 313 331 
 25 5 48 56 83 101 150 164 174 177 186 189 214 243 245 251 254 255 262 272 273 277 278 298 313 314 
 16 31 37 54 65 110 136 142 155 191 224 239 242 247 249 269 306 
 16 70 100 102 142 152 155 157 167 175 242 243 253 264 291 311 329 
 17 17 50 65 75 78 92 143 144 145 150 167 180 216 246 273 275 327 
 19 19 20 83 85 89 91 96 108 145 153 205 224 229 264 276 277 286 292 293 
 18 1 9 38 54 67 78 82 179 209 214 216 236 257 287 293 294 313 331 
 20 33 47 50 60 83 85 90 106 125 188 199 224 226 259 262 268 287 296 305 331 
 22 4 54 63 68 133 134 146 166 188 205 212 221 230 243 262 268 288 298 316 317 320 326 
 25 36 52 84 86 93 105 132 146 174 200 207 213 221 227 258 262 264 270 276 277 281 291 300 305 315 
 16 30 32 34 91 94 123 130 193 196 199 224 236 250 266 324 329 
 22 2 32 33 49 74 94 115 135 157 190 195 231 240 242 243 248 249 256 263 307 325 329 
 22 1 15 24 36 51 58 74 103 138 140 177 183 191 195 214 231 235 270 301 320 330 332 
 25 10 14 19 20 25 28 34 52 60 82 92 97 120 123 168 177 229 241 246 249 259 271 279 285 331 
 17 39 52 88 91 93 98 113 122 174 193 203 219 245 296 314 320 327 
 12 48 127 133 142 174 202 227 228 229 248 271 279 
 12 6 42 79 146 186 218 225 247 268 278 295 324 
 24 17 39 80 93 98 102 103 109 122 140 146 156 171 202 215 222 240 252 261 280 297 301 325 332 
 17 4 20 52 62 66 71 81 84 140 145 179 229 259 262 280 304 330 
 18 5 16 30 37 43 46 48 68 77 89 92 100 133 164 180 265 291 310 
 20 13 32 68 70 73 88 112 118 145 146 194 205 209 211 245 259 278 316 331 333 
 16 86 92 96 130 144 152 162 173 191 218 219 243 283 286 318 325 
 16 1 23 30 47 60 72 75 100 123 141 144 196 204 246 290 299 
 23 11 29 32 56 65 74 90 91 99 109 110 114 123 138 141 156 182 188 237 246 249 309 328 
 20 12 16 39 62 63 65 92 108 125 167 187 194 213 221 234 239 248 271 307 315 
 17 10 31 79 85 91 95 100 105 108 152 173 179 207 238 283 284 325 
 17 55 85 97 117 131 136 178 199 203 214 226 236 246 251 260 292 312 
 19 11 26 67 86 90 95 117 125 150 173 177 178 188 193 236 239 259 278 285 
 20 20 26 34 54 76 81 109 119 123 161 210 212 250 253 262 292 298 302 312 325 
 15 7 86 93 127 140 204 240 245 262 263 268 289 296 297 330 
 30 5 23 30 40 54 65 82 84 92 126 129 161 162 173 180 208 219 220 237 241 243 251 253 260 261 269 273 308 325 328 
 22 8 9 34 58 71 100 110 112 163 167 179 180 200 203 213 227 229 255 275 279 314 316 
 19 3 54 77 123 138 139 151 164 179 219 222 236 237 247 259 261 324 325 326 
 23 3 5 11 18 23 24 25 33 58 66 81 115 160 167 208 209 233 238 271 298 312 315 328 
 8 64 143 146 147 277 312 315 318 
 18 6 16 31 68 112 162 169 183 218 219 228 249 268 272 282 297 303 324 
 24 24 25 53 54 70 91 103 118 119 125 126 173 213 217 229 246 248 255 263 266 279 302 315 324 
 10 41 89 100 172 184 264 267 274 277 297 
 19 14 53 83 98 103 121 124 142 146 153 198 206 249 254 267 296 303 311 323 
 24 10 23 26 37 43 50 57 65 68 108 114 135 185 191 195 203 243 247 251 257 265 292 293 332 
 9 88 143 160 201 231 279 296 297 304 
 18 19 23 24 26 79 107 129 174 180 207 235 240 241 249 258 259 312 333 
 19 2 13 16 29 39 48 59 61 77 97 109 114 131 163 192 261 279 284 301 
 25 36 43 54 63 76 117 123 125 127 132 138 139 140 141 150 158 168 180 187 212 254 266 269 288 311 
 15 20 41 62 84 87 103 107 164 169 187 224 238 256 271 294 
 17 19 41 46 72 83 100 112 131 191 199 206 207 214 220 224 258 279 
 18 16 62 80 94 98 119 140 153 169 181 202 211 228 232 263 280 288 295 
 13 37 51 74 82 101 149 152 157 169 199 262 273 294 
 24 17 31 35 55 73 74 77 84 86 99 130 145 158 168 188 199 214 237 254 259 293 319 322 324 
 19 1 6 17 32 34 44 93 96 101 120 155 159 183 244 257 268 274 284 319 
 17 9 16 29 62 88 108 117 128 154 170 180 203 208 234 316 330 331 
 18 21 23 51 58 90 117 156 167 224 240 256 260 278 280 309 321 329 330 
 23 3 5 9 39 43 44 52 60 92 104 124 146 161 175 196 206 217 227 248 266 268 286 326 
 22 3 27 40 51 57 66 101 120 123 128 129 137 152 154 196 208 222 265 301 302 312 332 
 11 6 36 37 101 108 166 177 208 274 280 302 
 19 2 12 41 57 58 80 97 103 121 154 161 186 219 242 245 246 253 279 303 
 17 11 15 41 48 62 63 84 88 109 127 156 178 209 254 261 279 291 
 22 35 42 49 79 88 115 116 140 158 181 185 193 201 215 228 233 251 281 286 293 312 324 
 15 4 15 21 25 62 126 128 145 168 193 208 238 270 320 334 
 27 7 9 17 26 36 41 47 53 54 62 71 74 79 80 88 92 142 145 158 173 185 192 251 262 280 325 333 
 20 14 19 63 87 108 133 135 141 180 196 204 207 210 221 228 232 264 291 299 317 
 21 5 33 53 75 95 99 102 109 155 165 188 198 213 234 248 249 267 288 311 320 323 
 20 15 64 85 114 127 133 140 148 162 174 193 210 211 218 238 270 279 285 302 315 
 20 3 12 15 28 57 65 67 85 128 133 135 140 149 153 199 236 254 260 271 302 
 23 36 63 93 100 101 122 123 131 145 148 162 177 225 265 274 279 281 297 300 304 308 316 329 
 14 9 19 52 65 73 79 111 112 118 161 190 227 247 317 
 17 5 19 20 30 71 75 82 104 152 159 182 245 292 310 324 325 330 
 14 4 77 81 120 125 152 158 167 171 176 257 263 284 321 
 18 9 23 92 95 97 145 146 149 164 178 194 199 248 294 300 302 321 332 
 23 10 14 19 22 70 74 88 94 103 116 128 156 166 204 206 212 215 227 239 252 287 289 315 
 17 26 31 72 108 121 135 159 171 188 233 240 252 265 271 285 299 326 
 20 17 20 45 67 75 82 95 109 117 122 139 177 178 212 225 247 268 275 279 296 
 24 37 49 66 82 89 118 129 149 154 156 158 163 177 178 199 205 223 269 280 283 297 299 329 331 
 27 3 6 17 40 59 67 69 75 77 97 103 113 121 122 149 199 202 208 214 218 239 243 248 253 265 270 289 
 19 2 18 47 68 76 82 86 89 106 129 228 230 247 277 278 293 302 306 326 
 18 1 40 72 100 126 141 145 149 161 174 183 202 240 243 253 269 284 299 
 25 44 56 76 85 108 135 141 153 155 162 202 209 217 244 247 248 258 261 263 272 279 288 297 327 330 
 16 2 13 70 78 93 108 110 122 133 201 246 248 266 277 279 310 
 16 21 53 134 139 164 176 182 197 198 213 230 236 249 253 299 308 
 27 9 38 41 46 47 59 68 90 95 104 110 115 152 165 181 190 195 221 238 258 267 276 279 282 293 306 329 
 23 10 69 74 84 85 104 111 137 164 174 177 184 228 238 246 248 250 273 292 300 310 321 324 
 12 5 8 71 80 109 139 181 202 253 282 295 326 
 16 11 29 44 67 70 94 134 137 138 171 187 264 274 321 322 328 
 17 15 19 58 68 76 85 144 153 155 173 241 245 251 260 272 280 302 
 12 65 79 152 189 210 244 247 259 284 287 289 297 
 23 92 100 127 131 142 145 169 176 194 200 208 224 248 249 256 288 293 295 296 298 318 321 327 
 13 1 24 115 163 188 201 225 228 233 257 261 321 332 
 16 57 62 66 83 109 114 152 210 213 215 269 281 289 311 319 328 
 15 2 17 35 45 49 98 103 202 212 218 221 254 274 325 333 
 17 2 4 18 48 73 74 180 197 228 241 271 275 287 288 310 325 327 
 26 1 42 45 65 66 68 86 97 104 125 150 152 180 185 197 213 220 228 250 270 271 284 313 314 318 324 
 25 2 6 19 23 29 37 52 54 58 75 78 90 91 115 147 152 178 179 186 208 244 254 255 283 293 
 15 14 75 94 123 128 134 163 185 196 207 209 218 247 254 322 
 23 3 36 81 92 99 104 106 107 112 116 137 139 158 174 179 184 188 189 224 239 240 248 250 
 20 7 10 46 57 59 98 104 114 123 134 146 154 155 159 217 259 268 270 286 312 
 19 6 81 92 112 115 167 168 178 188 217 238 256 268 271 272 289 296 310 317 
 23 1 2 41 47 48 62 75 106 112 130 156 158 183 190 212 239 242 249 283 284 317 320 324 
 20 19 30 100 129 140 152 173 179 200 203 221 233 237 248 260 265 281 291 298 322 
 20 10 12 15 19 53 88 103 127 140 143 156 165 194 209 221 229 245 261 272 311 
 13 64 71 80 95 113 124 165 175 177 194 291 296 330 
 27 2 11 33 62 76 78 88 114 122 129 130 163 167 179 183 184 186 200 212 213 253 255 269 276 278 279 287 
 22 16 37 41 56 81 87 88 112 118 126 157 167 175 179 191 195 205 234 253 257 260 325 
 20 10 23 27 63 75 147 159 184 193 203 216 227 267 268 292 294 315 318 327 328 
 17 10 35 48 65 72 88 112 117 133 140 186 222 233 265 310 320 329 
 25 14 23 28 64 66 75 90 151 154 156 161 179 204 220 238 266 267 273 277 289 293 295 301 317 329 
 20 10 34 52 90 95 116 139 145 161 165 202 215 223 228 233 238 241 285 292 322 
 14 19 86 142 146 189 213 224 238 255 279 284 293 316 323 
 26 9 10 62 65 97 103 119 122 137 158 167 175 187 203 214 228 252 259 260 274 283 284 313 314 317 321 
 21 23 38 39 42 68 69 80 96 127 133 135 149 183 198 228 230 285 288 299 308 320 
 23 12 17 24 38 44 51 59 71 79 90 108 125 142 149 170 188 203 219 265 274 296 304 323 
 19 1 57 58 59 82 116 134 146 159 168 174 228 236 237 272 273 282 306 320 
 21 14 30 43 45 58 69 88 97 115 135 155 160 170 184 199 202 213 283 284 316 327 
 27 33 36 43 45 57 63 64 76 83 89 103 105 129 179 185 190 194 201 215 218 239 255 265 266 268 274 304 
 23 6 17 18 24 48 69 76 91 94 101 192 198 209 216 232 253 280 292 298 302 305 309 318 
 16 91 130 153 157 160 185 195 224 225 237 248 253 269 274 285 298 
 22 13 17 59 70 72 83 90 114 125 130 158 160 161 220 224 267 298 303 306 315 324 333 
 23 5 34 46 71 76 125 127 134 159 184 202 204 205 206 215 241 260 280 287 301 303 307 322 
 23 11 19 40 44 52 65 89 100 102 104 108 119 129 131 181 189 200 201 214 279 305 315 321 
 16 79 84 137 170 171 173 186 198 203 216 218 219 232 245 269 330 
 20 10 18 23 33 42 54 64 77 127 130 149 155 169 182 214 216 233 234 273 274 
 18 9 11 31 43 51 122 126 163 195 242 243 249 268 271 309 311 317 320 
 12 7 95 157 173 181 187 209 232 259 280 308 327 
 20 16 30 40 88 91 94 103 106 137 138 149 173 224 243 250 256 267 270 300 325 
 27 8 12 28 35 43 50 56 57 88 89 98 104 108 137 143 150 151 156 191 199 217 224 235 241 288 308 311 
 22 1 3 7 24 29 40 46 51 73 94 152 172 204 217 221 222 241 252 267 280 289 326 
 21 1 14 44 59 70 98 128 140 169 194 205 207 221 225 243 262 273 279 312 323 324 
 20 9 96 101 113 120 125 129 177 187 188 208 218 234 236 239 242 259 285 296 298 
 11 5 37 49 128 169 211 213 229 250 273 304 
 15 2 24 33 66 116 119 125 132 206 207 238 265 274 289 324 
 9 30 65 149 161 246 248 293 296 318 
 28 21 40 51 56 71 72 74 76 97 110 119 140 148 162 180 183 189 190 196 200 238 253 270 289 307 313 317 321 
 25 17 22 23 27 34 59 85 97 113 128 153 156 160 164 179 182 202 209 237 247 260 265 269 312 321 
 13 16 119 181 191 226 257 281 287 292 296 297 305 312 
 18 49 71 78 92 93 112 120 166 170 176 186 188 204 220 233 242 324 329 
 19 20 36 79 90 106 112 142 165 172 187 214 215 234 242 251 268 305 307 317 
 18 17 35 46 99 104 126 128 129 134 138 167 175 183 224 243 253 256 330 
 14 19 53 56 100 140 150 154 183 200 253 264 266 316 328 
 21 11 24 47 60 65 66 71 82 95 116 141 147 166 181 194 205 222 250 253 282 283 
 12 51 87 91 145 188 190 194 207 226 233 252 278 
 13 19 44 100 118 132 140 152 190 213 231 243 297 317 
 14 7 102 109 142 145 149 150 173 180 192 212 254 275 305 
 20 11 26 40 60 71 84 91 108 174 188 191 220 238 255 259 272 300 303 316 317 
 16 27 29 64 98 108 112 118 119 141 160 162 238 241 258 287 299 
 21 6 9 34 71 79 84 122 139 149 153 155 179 181 194 207 229 248 259 275 294 327 
 24 5 23 25 34 50 77 84 87 114 128 139 161 173 180 193 194 213 271 277 298 305 319 328 331 
 18 36 57 93 102 106 109 142 155 158 187 199 223 257 267 293 299 321 334 
 18 23 31 44 83 88 117 137 158 198 237 262 272 308 313 321 324 329 333 
 17 1 2 21 29 51 82 130 136 141 147 224 235 266 322 327 328 330 
