 200 334
 3 3 3 6 6 7 9 9 9 9 12 13 15 15 16 18 18 18 21 21 21 21 24 24 24 26 27 27 27 27 27 30 30 30 31 33 33 33 33 35 36 36 39 39 39 39 42 42 43 45 45 48 48 48 48 51 51 51 51 53 54 54 57 57 57 60 60 61 63 63 63 66 66 66 66 69 69 69 69 71 72 72 72 72 74 75 75 75 78 78 78 78 79 81 81 81 84 84 87 87 89 90 90 93 93 93 95 96 96 96 97 99 99 99 99 102 102 102 103 105 105 106 108 108 108 108 111 112 114 114 114 116 118 120 120 122 123 124 126 126 128 129 129 130 132 132 133 135 135 136 138 138 138 138 140 141 141 141 141 144 144 144 144 145 147 148 150 150 150 152 153 153 156 156 156 156 158 159 161 162 163 165 165 165 165 168 168 168 171 171 171 171 173 174 174 174 177 177 180 180 180 183 183 184 187 189 189 189 189 192 192 192 193 195 195 197 198 198 201 201 201 201 201 204 204 204 205 207 207 207 210 210 211 213 214 216 216 218 219 219 219 221 222 222 222 224 225 225 225 227 228 228 230 231 231 233 234 234 235 237 237 239 240 240 240 243 243 243 245 246 246 246 247 249 249 249 252 252 252 254 255 255 256 258 258 258 258 258 260 261 261 263 264 264 266 267 267 269 270 270 271 273 273 273 274 276 276 279 279 279 280 282 282 284 285 285 285 287 288 288 288 291 291 291 291 293 294 294 297 297 298 300 300 100 
 20 7 23 29 52 63 83 121 123 134 138 148 149 200 213 220 233 247 306 312 321 
 21 9 47 54 87 92 127 158 167 197 212 220 221 255 266 267 287 288 295 305 313 314 
 17 17 33 48 69 79 89 107 108 117 124 151 164 167 228 299 307 320 
 19 19 68 83 113 119 124 132 137 145 150 168 186 201 214 278 307 312 328 329 
 19 3 17 28 56 66 67 94 116 119 173 225 231 253 260 280 302 308 311 320 
 18 2 7 13 22 29 81 82 90 111 177 180 199 209 220 255 283 293 322 
 16 28 81 86 119 120 132 149 152 183 227 239 308 309 320 322 331 
 16 11 55 69 109 112 151 154 156 162 181 187 192 289 310 312 316 
 18 7 35 105 113 116 129 131 140 144 159 180 184 194 199 224 258 309 327 
 10 10 27 34 38 80 99 133 166 214 298 
 24 11 15 52 111 141 147 152 160 169 177 185 207 214 219 226 229 237 242 260 264 285 293 314 326 
 17 8 81 91 108 121 163 190 199 231 235 247 255 260 263 280 305 307 
 24 2 12 21 26 30 37 45 48 72 110 117 182 183 187 198 205 241 253 267 276 284 287 293 315 
 23 7 39 91 97 107 123 124 127 128 143 164 166 170 196 210 240 268 269 279 286 290 296 327 
 20 7 9 32 36 48 58 72 87 91 138 139 167 168 183 228 262 271 280 321 331 
 19 6 28 40 48 49 76 121 125 190 216 241 255 257 278 303 318 321 325 331 
 23 11 16 29 32 41 78 102 146 152 154 171 179 194 197 207 219 225 251 253 273 319 322 332 
 23 4 11 23 75 76 78 81 90 92 99 106 112 141 142 162 190 217 229 240 242 252 262 267 
 22 17 47 48 70 72 106 123 139 150 184 197 200 206 210 239 259 263 266 277 304 318 331 
 17 17 32 43 52 63 76 90 167 168 170 188 191 199 255 277 281 308 
 21 8 12 33 50 65 82 85 89 100 160 173 178 181 186 191 230 233 262 277 308 309 
 20 34 68 122 133 168 173 174 184 189 202 219 239 240 267 293 310 313 315 318 327 
 21 28 29 36 50 52 60 70 102 120 145 146 156 216 219 224 233 245 248 261 277 312 
 16 17 18 22 36 78 148 158 161 193 207 218 220 290 292 303 322 
 25 16 48 66 103 119 120 123 128 135 171 173 176 177 182 195 208 219 221 222 225 244 256 276 316 321 
 13 16 86 96 108 113 124 144 176 218 224 231 244 314 
 17 26 29 52 56 67 86 129 139 142 198 212 231 253 254 278 332 333 
 17 16 42 46 58 60 101 107 184 189 204 205 224 242 252 285 310 318 
 17 4 26 33 57 99 167 175 187 190 192 221 236 238 244 246 262 318 
 22 27 36 45 50 56 65 94 99 116 119 135 141 145 175 186 207 220 223 227 278 293 310 
 19 6 50 65 75 80 95 110 122 133 153 154 202 221 224 229 257 277 292 299 
 23 31 41 53 72 80 82 87 104 112 117 131 151 162 177 199 212 240 244 278 299 304 315 327 
 20 60 64 68 69 75 77 87 99 101 104 105 120 173 267 270 274 288 292 298 309 
 15 11 76 81 105 122 184 190 199 219 246 270 277 281 294 324 
 18 44 54 85 104 137 149 152 173 176 204 207 217 229 263 267 270 294 306 
 24 4 9 23 29 32 49 87 104 106 114 137 144 156 177 182 187 200 219 226 272 275 283 317 330 
 24 13 21 52 68 76 86 89 90 91 106 110 121 147 150 153 173 179 180 189 234 265 272 328 333 
 24 13 32 36 43 63 80 88 104 132 150 155 160 161 164 170 178 200 216 218 222 239 265 266 270 
 8 57 58 77 80 152 227 242 322 
 22 45 50 56 70 107 114 123 127 166 222 240 242 258 270 277 285 292 296 297 301 311 332 
 20 2 23 32 43 49 52 53 123 141 178 185 191 210 235 271 280 282 285 295 323 
 24 27 51 59 77 96 108 143 148 152 153 158 169 181 195 221 226 246 250 253 276 280 291 308 322 
 14 14 24 68 77 101 103 166 235 243 246 270 287 290 296 
 17 1 5 57 78 116 153 205 230 254 263 271 277 295 306 319 329 332 
 18 10 32 62 82 95 103 151 156 158 163 192 214 217 230 238 283 291 331 
 14 61 82 133 141 161 214 223 242 243 246 280 292 298 315 
 23 6 12 22 23 32 42 64 73 99 102 138 146 151 182 206 244 259 266 271 308 321 324 331 
 20 14 26 41 44 73 76 87 100 117 136 141 145 161 166 180 196 220 260 278 305 
 22 17 23 25 53 56 57 95 103 143 144 146 149 154 165 193 228 232 236 239 243 298 324 
 25 2 26 31 45 50 60 72 98 112 117 125 131 155 158 166 208 225 243 250 251 256 279 298 299 308 
 14 10 28 107 130 180 228 231 238 256 264 265 277 281 317 
 21 5 11 22 23 38 79 81 97 122 131 165 176 227 247 249 253 259 260 262 273 320 
 23 40 43 56 61 68 83 91 101 102 103 130 133 134 135 224 231 241 247 269 308 314 318 327 
 13 8 19 103 112 204 233 236 237 238 241 297 308 333 
 13 23 30 102 107 113 143 178 214 250 278 302 307 315 
 15 18 21 23 25 44 47 93 94 112 199 212 245 290 301 315 
 22 22 39 51 53 67 72 83 115 127 133 165 171 206 208 231 262 297 299 306 310 322 324 
 12 20 22 54 84 107 118 121 160 196 206 320 322 
 24 3 20 29 43 53 56 63 66 100 125 151 152 156 168 199 219 221 240 242 265 278 302 312 320 
 17 10 36 38 41 69 177 193 194 196 249 264 268 281 287 300 312 326 
 17 26 43 57 60 104 115 118 123 189 193 239 242 253 274 275 319 327 
 13 21 58 86 89 138 175 208 210 219 238 251 329 332 
 21 20 30 67 82 104 109 113 119 120 128 189 193 225 258 267 290 296 299 302 306 316 
 16 12 36 71 98 113 116 157 200 216 218 239 259 267 276 283 309 
 26 23 33 70 80 99 101 116 130 139 141 171 181 182 183 193 197 201 225 226 233 241 245 272 281 295 304 
 23 13 19 36 50 66 77 106 123 143 167 171 178 190 213 247 254 300 316 318 321 325 326 327 
 19 34 35 37 40 57 89 91 112 114 120 129 170 172 197 199 257 266 302 307 
 17 6 8 44 53 54 64 81 83 145 190 227 266 274 282 290 311 323 
 24 1 11 32 62 69 71 89 92 139 145 150 160 185 186 197 198 230 240 245 286 296 297 302 305 
 23 18 26 38 60 67 83 88 89 112 115 134 161 167 189 202 224 235 246 260 273 284 307 320 
 17 9 14 23 33 37 56 99 116 128 154 180 211 274 281 283 291 298 
 20 20 26 52 59 61 98 100 105 109 121 130 132 165 195 201 213 243 284 288 315 
 21 12 15 17 34 38 41 87 89 93 103 111 117 119 162 188 198 212 243 301 319 329 
 22 7 8 71 91 94 127 152 161 163 168 203 210 224 233 234 264 271 278 291 316 324 330 
 20 1 9 34 70 79 82 121 171 172 178 189 230 233 247 249 280 286 296 316 326 
 15 42 47 69 73 76 97 98 109 163 179 205 226 319 321 322 
 24 1 19 24 39 42 49 94 108 116 121 169 179 187 189 206 225 228 231 239 241 273 284 294 310 
 27 22 47 48 63 73 101 111 130 147 155 165 169 186 217 224 242 247 257 261 263 278 282 303 306 326 328 329 
 19 7 50 92 106 129 139 159 163 164 216 228 229 231 245 266 284 299 306 328 
 20 19 40 50 59 69 98 116 122 129 131 154 162 199 210 214 239 271 278 283 295 
 18 52 61 93 94 116 134 177 180 196 198 214 222 250 256 293 298 300 313 
 17 3 6 21 23 28 32 38 45 48 104 113 175 225 226 261 263 278 
 23 1 32 37 52 53 65 68 92 103 127 134 147 155 166 186 197 216 256 261 285 306 327 330 
 23 5 23 29 43 77 110 114 147 182 183 205 227 228 238 242 251 255 263 276 281 299 302 325 
 14 3 13 55 86 112 129 161 164 200 201 216 217 222 333 
 18 13 22 52 81 83 97 122 128 138 164 173 199 213 232 244 247 280 286 
 24 3 11 24 25 102 111 129 142 170 178 199 205 207 211 214 222 242 247 262 264 305 310 312 328 
 20 32 77 89 104 127 128 137 146 151 171 253 255 256 258 267 277 300 313 323 330 
 19 1 16 21 43 56 82 84 128 134 148 166 168 172 182 250 252 263 289 292 
 20 5 22 25 29 47 66 78 92 97 120 129 130 133 139 167 250 253 269 301 328 
 16 8 25 36 44 82 140 144 151 203 245 247 257 263 290 294 305 
 23 37 44 50 51 52 56 58 69 89 112 125 135 147 166 206 212 219 244 265 279 292 323 333 
 22 48 57 58 79 127 131 145 151 161 166 170 180 195 200 229 230 256 270 292 318 319 320 
 28 31 38 47 52 73 76 89 98 101 144 150 151 160 161 169 184 191 211 217 244 246 254 260 269 272 277 284 329 
 16 17 49 69 84 85 105 126 164 205 243 258 261 270 290 308 309 
 20 41 56 63 70 78 122 157 183 186 218 229 233 236 237 246 256 262 280 315 321 
 21 6 37 50 77 85 89 99 101 105 109 114 129 136 170 189 194 214 274 317 323 330 
 21 15 17 20 54 61 62 63 99 130 132 152 156 170 187 203 228 232 278 307 319 322 
 18 1 18 40 43 47 49 73 75 85 103 142 177 186 207 246 262 275 308 
 25 4 23 24 33 38 58 62 123 135 160 161 163 174 184 197 214 217 229 230 285 290 295 320 329 333 
 16 17 28 40 76 98 108 174 226 227 248 280 291 293 298 301 333 
 17 10 20 43 44 60 88 100 113 117 129 162 208 210 211 268 311 322 
 19 44 56 60 61 85 91 95 96 106 131 160 200 225 238 251 266 301 305 315 
 20 9 21 58 66 76 103 104 105 111 131 134 179 185 189 210 220 226 247 269 328 
 24 28 40 60 63 85 90 115 137 147 155 179 189 195 201 211 258 259 276 284 292 293 298 303 312 
 16 13 51 89 101 108 114 182 200 203 208 236 242 246 268 274 291 
 24 19 21 33 35 46 47 97 103 118 121 129 148 167 186 197 211 231 238 248 262 284 292 324 331 
 29 7 9 27 51 52 63 89 98 104 112 137 140 157 164 175 179 186 195 238 271 273 283 285 296 299 311 313 315 326 
 20 11 23 38 42 51 61 78 114 142 152 161 167 168 181 209 215 223 256 277 293 
 25 9 19 47 56 58 63 65 68 77 86 91 109 119 126 182 201 202 206 207 240 243 274 277 284 318 
 13 19 102 104 182 204 223 242 266 285 294 295 305 319 
 23 15 16 36 45 52 81 85 97 109 111 127 154 164 190 204 209 243 261 283 289 298 311 314 
 26 4 27 53 62 64 82 84 95 103 126 128 140 147 149 158 171 179 219 227 248 254 260 268 269 308 313 
 18 23 25 94 116 126 131 135 174 213 227 235 249 263 302 306 307 311 325 
 17 1 19 29 70 74 76 94 134 150 166 174 189 251 274 312 313 318 
 22 16 20 78 87 97 112 132 133 138 143 153 158 173 177 180 183 203 206 210 244 277 327 
 16 9 46 93 97 101 111 127 152 205 219 270 279 282 283 301 302 
 21 39 54 64 74 85 117 132 138 142 151 167 202 204 205 231 270 271 288 293 299 323 
 23 1 25 29 32 47 57 69 79 80 81 83 100 155 173 175 192 234 256 275 295 305 308 309 
 27 5 33 50 77 82 94 112 120 124 128 130 180 184 193 204 211 213 217 228 250 263 266 272 280 282 304 322 
 22 8 20 23 67 100 116 134 137 138 140 141 147 148 157 173 182 209 227 252 277 298 322 
 16 10 80 85 108 109 124 128 129 144 154 165 188 211 257 279 325 
 10 141 157 219 225 227 228 260 274 304 316 
 17 28 35 60 66 81 90 101 134 170 183 185 206 232 253 259 302 320 
 16 4 26 33 53 64 75 86 92 148 156 172 223 245 250 285 318 
 18 24 31 37 51 74 76 97 108 114 122 140 173 175 178 206 220 328 329 
 25 1 4 15 33 41 53 81 89 90 97 101 107 117 122 123 171 174 185 205 220 225 228 280 288 323 
 24 4 58 64 85 93 127 133 146 155 156 170 183 224 237 266 268 273 280 293 300 303 309 327 329 
 18 31 46 58 62 94 99 101 102 110 113 134 158 177 194 211 246 262 316 
 13 45 48 63 65 81 136 141 154 240 257 263 289 303 
 23 1 13 30 52 63 66 75 118 130 133 134 142 160 191 197 224 227 232 244 254 264 266 312 
 14 13 20 22 39 90 104 121 125 135 205 239 243 246 317 
 7 57 59 107 121 151 153 332 
 20 4 19 28 40 65 107 120 149 155 171 206 211 212 221 226 245 246 256 287 323 
 13 19 61 62 100 101 105 141 155 169 179 251 287 329 
 17 18 19 47 53 61 91 92 108 127 138 176 198 213 216 266 314 325 
 20 1 7 14 29 44 84 86 109 132 144 181 202 243 245 263 275 277 278 306 327 
 25 16 17 18 28 32 34 37 76 81 90 105 117 122 126 128 165 201 236 254 263 284 286 297 310 311 
 21 15 26 36 43 48 49 50 79 133 160 165 202 210 217 254 269 275 305 315 318 327 
 19 4 6 13 27 38 59 67 72 74 103 120 153 157 186 215 240 243 269 281 
 20 12 14 26 45 80 83 97 123 130 136 147 156 162 186 194 217 235 243 298 325 
 18 13 26 35 92 94 124 173 174 229 250 260 263 266 274 305 307 315 317 
 17 2 7 15 19 45 63 113 117 134 136 139 151 157 179 255 263 319 
 19 14 30 81 143 190 206 210 236 237 239 240 242 257 262 269 284 306 311 328 
 16 8 41 49 59 90 131 145 157 199 210 217 232 255 256 308 318 
 22 19 27 56 62 77 78 100 115 116 181 186 189 197 200 217 234 256 264 270 306 330 331 
 20 34 41 43 57 82 97 112 114 116 117 130 194 221 244 259 265 271 287 299 314 
 19 1 5 7 57 93 125 162 173 176 183 187 193 210 214 215 228 244 257 301 
 24 3 7 12 36 40 69 70 73 80 91 105 130 163 179 198 203 257 265 284 289 292 294 295 332 
 22 6 14 34 50 83 106 123 136 140 143 150 165 199 204 228 243 290 293 298 306 329 330 
 18 7 63 68 76 155 186 199 202 224 234 250 251 253 264 268 270 274 294 
 24 15 21 27 40 52 55 77 80 90 91 97 124 136 137 160 168 170 202 239 269 309 321 326 331 
 17 35 40 46 54 64 92 95 99 123 152 233 252 257 259 274 295 308 
 26 16 30 98 102 113 127 174 178 194 211 234 238 244 262 270 279 285 293 294 304 309 317 319 321 326 329 
 15 6 31 72 74 80 90 107 125 140 149 159 189 215 286 294 
 20 4 12 23 63 68 72 76 82 91 96 102 166 169 175 181 190 251 258 262 298 
 21 15 16 24 35 42 68 74 81 102 104 188 205 216 220 225 228 267 273 295 306 320 
 23 2 6 8 19 27 37 57 67 80 81 97 102 115 121 122 140 148 206 226 260 264 300 301 
 20 19 22 32 40 45 47 52 56 76 96 118 119 142 197 203 224 226 259 280 323 
 23 3 11 15 46 53 72 89 125 126 130 168 188 189 194 218 226 236 269 270 281 312 313 314 
 19 12 20 44 49 52 60 64 66 67 80 137 162 170 192 241 251 257 306 319 
 8 2 120 123 153 181 191 313 331 
 28 8 13 23 39 66 72 76 77 95 98 101 102 104 150 158 162 167 194 216 228 242 246 264 272 287 313 314 327 
 16 1 13 30 57 102 126 145 146 155 168 204 223 230 299 305 326 
 18 23 55 61 69 78 85 102 113 128 148 156 174 202 211 215 252 277 279 
 17 7 11 12 24 99 129 153 216 217 227 232 242 277 300 305 320 330 
 23 3 4 18 27 30 41 57 66 67 70 80 127 189 215 236 239 270 284 307 317 329 331 334 
 22 50 74 77 84 112 123 139 144 152 157 160 162 174 181 191 201 221 227 237 273 277 312 
 25 1 2 7 13 14 24 26 35 55 70 88 90 97 111 112 120 172 173 182 200 217 243 289 293 298 
 21 1 25 26 40 53 63 80 105 120 134 136 137 187 217 219 232 235 262 272 289 324 
 13 11 19 23 27 71 97 107 108 161 182 227 281 318 
 18 40 44 66 74 90 110 113 120 184 197 221 267 269 273 275 295 322 329 
 12 20 23 24 45 64 72 102 139 176 246 269 300 
 14 52 56 71 73 90 97 115 135 171 175 247 277 303 306 
 15 4 8 35 76 80 82 101 133 148 156 226 261 281 289 332 
 20 19 27 36 72 118 157 179 185 194 225 239 242 254 257 261 263 272 273 295 332 
 21 20 24 27 28 64 84 109 110 130 144 161 208 231 232 234 245 255 262 263 282 322 
 11 66 86 110 128 132 138 142 207 209 224 237 
 23 11 12 23 52 76 80 104 107 129 132 136 151 155 159 163 177 178 200 258 270 299 306 316 
 19 5 13 24 43 95 102 109 124 157 161 187 206 224 259 266 292 306 319 331 
 22 5 8 12 16 41 67 73 107 118 177 225 238 252 266 271 296 297 301 311 312 315 323 
 24 13 16 20 87 105 108 113 139 145 147 160 173 174 175 182 187 202 220 246 248 267 272 293 324 
 17 16 28 36 77 116 124 129 130 185 191 193 216 220 232 265 289 330 
 25 1 27 36 38 53 67 104 105 140 145 160 165 187 199 213 222 225 243 250 251 252 287 296 312 326 
 18 9 12 37 47 66 89 120 140 141 148 150 151 207 224 229 292 295 310 
 18 19 21 49 86 130 145 159 178 202 219 221 234 255 277 280 292 323 332 
 14 8 26 86 128 143 162 174 183 185 258 280 302 312 323 
 31 11 14 33 53 61 69 81 83 107 111 112 137 182 184 192 194 205 210 222 229 233 242 252 274 284 285 286 289 294 302 324 
 19 10 36 52 68 116 142 149 165 186 191 211 218 253 266 289 310 314 329 330 
 21 2 16 89 108 116 122 128 141 142 165 189 210 212 218 222 267 311 315 323 324 326 
 23 1 36 59 61 69 82 85 96 98 99 107 141 148 159 177 192 195 215 229 288 314 322 332 
 23 4 26 35 69 73 112 117 118 133 155 157 167 181 193 200 216 225 229 260 271 275 285 300 
 21 19 28 45 71 72 116 133 150 166 173 190 199 202 234 244 252 275 286 300 302 316 
 20 14 27 46 66 70 93 99 100 107 130 147 163 201 219 256 260 282 284 296 300 
 23 9 20 30 43 49 68 82 97 137 149 183 216 220 225 235 236 238 245 251 254 258 269 314 
 16 4 31 108 111 129 140 147 151 165 167 190 213 232 262 302 317 
 15 9 49 56 92 103 108 128 136 173 191 228 254 289 303 319 
 18 95 117 119 129 141 156 167 174 191 199 216 219 248 267 278 296 297 307 
 16 5 11 16 21 43 54 56 66 111 204 210 234 238 286 309 316 
 19 16 17 21 35 37 71 99 100 109 111 112 125 163 211 243 273 279 306 312 
