 200 334
 3 3 3 6 6 8 9 9 9 11 12 12 12 12 15 15 15 15 15 18 18 18 20 21 21 24 24 27 27 27 30 30 30 32 33 33 33 36 36 36 38 39 39 39 39 42 42 43 45 45 46 48 48 48 51 51 51 54 54 54 54 57 57 58 60 60 62 63 63 65 66 66 68 69 69 69 69 70 72 72 73 75 75 78 78 78 80 81 81 81 83 84 86 87 89 90 90 93 94 96 96 97 99 99 99 101 102 102 102 102 102 102 105 105 108 108 108 108 108 110 111 111 111 111 111 114 114 114 117 117 117 119 120 121 123 123 123 123 125 126 126 126 126 126 128 129 129 130 132 132 135 135 135 137 138 138 138 138 141 143 144 144 144 144 145 147 148 150 150 150 151 153 153 153 153 156 156 156 159 159 159 162 162 162 162 163 165 165 165 168 168 168 170 171 171 171 173 174 174 174 176 177 177 177 177 180 180 180 180 182 183 183 183 185 186 186 189 189 191 192 192 194 195 196 198 198 198 200 201 201 201 201 201 203 204 206 207 207 210 212 213 213 213 214 216 216 216 218 221 222 225 225 225 225 228 228 228 231 231 231 234 234 236 237 237 239 240 240 242 243 243 244 246 246 249 249 249 249 252 253 255 255 255 256 258 258 258 261 261 261 261 262 264 264 266 267 267 269 270 272 273 273 275 276 276 276 278 279 279 280 282 282 282 282 283 285 285 285 287 288 288 288 290 291 292 294 294 297 297 297 298 300 300 100 
 18 6 38 55 90 103 107 127 135 137 145 151 164 196 213 282 285 312 324 
 21 4 6 20 62 80 85 119 140 141 148 150 204 209 226 229 230 236 253 282 316 317 
 16 74 91 95 98 116 145 149 171 196 240 249 251 263 308 319 325 
 16 6 10 55 73 106 114 135 136 149 155 181 221 250 307 322 329 
 17 6 24 35 42 55 68 97 121 127 201 212 219 267 288 296 317 331 
 18 59 60 69 70 78 85 114 115 124 127 136 138 234 235 249 256 304 305 
 20 6 8 49 74 75 80 103 143 159 179 186 194 215 228 266 267 289 294 303 328 
 30 10 11 23 38 63 82 95 115 123 131 136 140 148 179 190 192 211 221 235 249 257 258 259 268 286 288 304 317 326 333 
 16 7 43 62 98 116 147 158 168 174 176 197 201 255 295 299 313 
 22 35 58 97 115 117 133 152 163 175 179 222 256 259 283 284 291 292 293 320 329 332 334 
 15 12 18 23 35 89 162 179 190 205 207 210 218 230 258 290 
 26 7 31 52 55 69 92 110 116 143 145 146 163 169 187 188 203 240 245 254 263 268 276 289 291 311 325 
 20 43 55 68 69 78 97 103 107 109 135 161 219 229 236 244 281 298 313 318 331 
 15 16 58 61 64 94 154 190 193 202 211 264 271 273 279 321 
 22 4 38 42 47 100 107 118 127 145 152 172 180 188 202 206 223 264 273 284 285 289 310 
 18 20 22 49 83 87 100 103 113 120 139 146 160 176 209 268 303 324 328 
 16 10 41 115 116 143 156 176 180 182 187 206 229 281 288 302 317 
 24 21 26 35 48 79 102 103 128 131 163 172 178 180 190 201 218 220 223 230 232 234 295 296 315 
 21 10 22 31 52 71 73 76 86 125 148 168 188 239 268 271 275 307 312 322 324 331 
 23 21 35 39 68 100 115 124 130 131 142 145 150 159 190 207 216 220 226 234 251 286 288 328 
 22 25 46 53 67 78 91 140 147 170 176 177 178 182 202 220 239 244 275 280 282 294 319 
 13 14 76 85 99 132 148 152 154 176 188 217 276 328 
 19 7 8 21 23 31 52 80 100 123 150 154 178 213 221 227 269 287 296 310 
 23 11 26 69 71 79 82 100 148 162 171 172 197 198 208 222 225 259 262 272 291 293 297 300 
 12 16 36 64 102 119 149 157 188 215 230 231 248 
 18 8 16 21 31 32 91 93 96 121 122 127 139 176 187 210 273 285 328 
 18 49 60 84 150 169 171 175 194 210 225 251 257 258 269 279 285 296 326 
 17 3 4 16 23 34 62 91 140 212 217 242 252 268 294 300 302 323 
 14 70 84 102 108 193 207 214 216 242 302 305 319 326 330 
 17 7 12 25 34 50 58 70 79 116 140 183 186 191 199 278 280 287 
 17 2 4 74 107 124 129 131 170 173 177 196 206 214 217 265 287 302 
 19 14 23 27 29 33 36 49 67 115 120 127 141 159 166 198 211 217 241 300 
 16 54 112 124 144 145 182 195 212 229 232 244 273 289 297 298 332 
 20 56 63 67 113 116 124 141 147 155 162 167 170 177 186 199 215 229 241 271 277 
 28 10 17 30 34 46 61 64 81 82 97 101 121 160 172 177 188 229 232 245 254 269 275 276 281 303 307 320 333 
 15 7 34 42 85 103 118 126 145 157 163 195 202 217 229 317 
 18 15 40 44 49 70 81 95 126 145 173 179 211 230 251 296 308 311 316 
 17 24 44 54 75 77 119 121 139 162 163 166 191 228 259 288 298 317 
 25 5 10 15 37 52 55 58 75 87 88 112 113 168 219 228 234 240 244 251 254 269 283 313 314 333 
 20 7 17 24 35 36 52 54 110 123 150 162 164 166 199 200 260 261 279 288 323 
 19 9 36 38 55 56 74 84 100 141 152 154 164 174 190 197 203 228 239 311 
 17 46 72 79 81 117 120 126 134 169 220 236 238 281 283 299 313 314 
 19 28 46 49 50 71 103 109 126 131 154 161 180 217 248 252 260 264 310 316 
 22 11 19 20 26 34 48 58 72 79 98 131 145 176 180 182 192 225 248 279 280 299 320 
 22 10 11 15 31 35 38 40 51 56 121 153 179 180 183 220 222 245 257 265 266 293 326 
 24 7 35 59 66 88 89 98 104 127 129 146 158 161 174 182 199 211 213 234 237 242 251 297 318 
 22 1 16 25 34 43 49 53 71 88 136 210 226 231 249 255 275 281 284 295 312 318 322 
 20 1 45 85 93 96 141 145 160 193 207 217 227 239 244 263 273 311 326 328 329 
 16 8 20 31 33 91 94 95 121 145 154 162 166 210 242 267 307 
 22 26 62 73 82 106 120 121 123 149 151 180 222 224 228 234 241 245 259 289 325 331 332 
 23 10 31 59 73 91 93 94 98 108 115 149 150 178 183 208 217 233 254 266 279 286 303 306 
 19 6 7 55 68 124 134 175 188 201 226 235 241 244 261 264 280 288 302 323 
 22 20 48 49 60 67 78 88 115 131 154 160 213 214 221 230 240 252 266 280 281 306 323 
 19 10 35 58 96 98 132 137 141 144 154 188 208 209 268 279 286 303 325 332 
 24 18 32 33 66 74 90 95 103 105 106 137 174 178 180 185 189 206 210 224 247 284 320 322 329 
 27 3 24 26 28 44 84 100 111 120 128 147 156 163 172 209 210 218 219 230 236 252 258 271 286 305 313 316 
 26 6 11 15 51 56 70 84 99 104 126 157 166 178 201 221 231 243 247 249 276 289 295 296 312 329 332 
 19 1 16 51 59 65 67 75 82 104 111 136 147 166 197 220 261 287 316 324 
 20 21 36 42 53 56 70 76 100 106 110 187 189 214 225 245 253 264 289 317 331 
 28 81 88 96 110 111 115 126 137 167 186 192 194 204 206 218 230 244 245 246 250 257 275 285 286 289 306 322 328 
 14 7 80 98 107 110 144 162 166 184 193 211 306 320 324 
 23 12 20 24 28 65 71 79 83 117 126 134 135 142 166 181 211 220 246 273 300 301 317 328 
 11 121 126 142 158 173 181 217 254 264 273 279 
 20 13 20 21 42 43 48 50 55 72 79 84 151 182 226 236 268 275 288 308 323 
 19 5 21 24 28 42 58 68 80 81 86 142 143 187 190 219 259 260 283 284 
 22 17 18 28 31 53 73 76 91 100 116 122 124 147 225 247 257 266 274 280 308 316 333 
 18 22 28 42 55 75 84 100 107 130 134 141 151 195 202 219 223 250 309 
 26 2 22 35 41 56 62 86 90 123 142 151 152 182 202 207 211 219 241 247 279 292 316 320 324 328 334 
 20 21 124 126 129 153 176 184 192 219 229 246 253 275 290 298 303 308 315 326 327 
 21 2 25 29 30 78 88 122 135 139 146 155 157 159 201 219 280 288 289 295 315 324 
 25 11 55 95 100 107 116 121 152 155 156 185 202 221 227 236 237 245 263 264 269 276 284 292 299 332 
 21 5 10 20 28 39 73 82 85 101 142 153 176 182 217 249 253 255 295 308 326 333 
 26 16 17 41 58 85 115 117 120 134 135 137 139 140 153 155 168 174 176 177 183 199 258 267 275 287 303 
 20 15 17 71 98 101 103 119 120 138 146 166 183 210 248 252 255 267 281 290 326 
 20 6 11 79 84 102 139 151 160 161 168 191 214 232 266 288 300 301 304 307 332 
 17 26 38 56 78 87 92 113 142 173 176 187 197 210 217 219 256 281 
 21 33 34 43 46 85 100 108 110 115 127 129 142 185 213 223 230 237 266 280 290 329 
 27 1 11 37 58 70 79 84 126 132 135 159 178 183 184 185 198 215 224 244 249 252 266 275 281 289 306 323 
 18 54 74 84 114 132 133 135 181 218 225 231 248 285 301 304 308 309 327 
 20 38 68 79 80 97 105 128 130 140 142 145 151 163 191 248 251 303 312 320 326 
 18 22 26 29 51 74 110 122 129 151 179 192 204 206 215 256 262 296 331 
 19 15 22 35 66 76 84 127 133 139 168 190 218 220 226 242 263 265 303 329 
 26 6 20 24 36 37 41 63 73 87 89 105 108 153 160 171 186 197 198 219 277 286 293 296 309 316 324 
 19 15 46 55 68 78 106 109 139 146 180 184 199 220 231 284 290 298 299 303 
 15 23 32 76 87 136 173 191 197 210 280 295 301 307 309 325 
 14 86 88 92 126 146 215 226 236 245 258 274 305 312 332 
 24 8 11 26 35 67 112 115 134 141 152 155 161 169 172 182 197 201 221 223 265 320 322 323 325 
 23 1 2 49 50 63 67 72 108 119 122 137 138 151 166 182 197 200 213 255 282 289 290 318 
 9 20 55 59 102 114 134 144 230 262 
 21 2 7 26 60 62 77 79 91 135 147 148 161 162 172 183 201 213 234 270 282 299 
 20 26 35 46 77 79 99 103 133 139 142 146 155 208 220 235 262 269 284 305 308 
 25 25 31 46 47 50 87 103 114 118 136 149 155 158 208 212 220 238 281 291 299 307 315 316 323 332 
 23 11 33 39 73 103 109 122 125 151 157 171 172 183 206 212 222 229 235 239 250 277 291 319 
 22 28 34 50 54 68 75 78 79 88 105 121 129 137 141 179 193 228 259 262 278 294 331 
 24 4 7 14 16 63 99 105 122 143 146 159 171 185 194 206 207 211 214 240 245 251 258 262 319 
 19 23 46 52 59 75 81 100 115 121 138 176 194 251 258 275 277 282 290 308 
 24 3 10 16 43 62 63 98 107 121 122 141 151 155 160 168 184 203 219 246 261 280 282 287 292 
 18 15 34 40 68 69 92 99 101 126 149 150 167 189 223 224 239 285 293 
 20 19 44 48 56 97 98 106 111 176 199 202 223 224 231 240 251 260 288 289 303 
 27 14 21 24 89 92 106 107 114 122 125 129 148 149 155 160 179 206 217 218 221 233 236 254 259 282 298 313 
 10 1 27 31 46 104 176 238 243 274 328 
 18 4 20 36 37 78 95 96 104 121 149 162 170 204 235 261 274 295 333 
 17 1 3 32 90 120 135 143 145 190 198 217 228 275 288 311 321 333 
 20 38 76 80 81 82 103 108 112 115 116 146 156 185 200 218 227 236 246 256 261 
 18 6 10 23 83 98 129 146 152 154 179 194 225 244 259 282 289 311 333 
 21 15 17 23 34 39 48 68 82 115 154 170 173 184 200 201 209 228 230 252 304 320 
 22 12 27 36 50 73 85 114 135 146 151 219 236 241 251 281 285 293 304 310 312 320 323 
 24 30 35 54 65 103 121 125 132 141 164 168 179 184 198 199 206 207 248 291 297 304 310 324 330 
 18 21 82 100 123 128 155 156 159 184 207 240 250 262 273 311 321 323 326 
 25 10 15 17 91 95 106 110 132 141 151 157 169 179 184 214 234 245 248 261 264 292 298 299 318 328 
 18 2 6 19 29 45 65 75 84 116 149 156 194 200 211 221 226 229 295 
 13 39 59 82 92 109 192 194 228 232 247 257 270 317 
 21 2 35 43 70 74 75 96 111 155 169 182 193 232 242 243 272 282 288 303 320 321 
 18 8 9 29 38 60 62 69 102 105 148 171 217 266 288 317 319 330 333 
 17 34 48 56 71 82 106 111 120 170 184 187 225 237 242 250 309 310 
 25 15 25 28 38 71 73 96 117 136 153 159 190 191 241 255 258 286 291 294 307 311 314 315 324 333 
 24 16 43 44 112 118 126 137 143 150 169 187 193 227 228 229 233 237 276 286 290 298 310 311 312 
 19 11 15 48 57 58 77 126 135 171 177 210 225 258 280 282 299 309 329 331 
 21 29 41 62 65 102 135 148 161 183 190 197 205 223 226 231 233 255 258 270 272 311 
 18 4 39 56 66 67 123 177 193 212 217 224 233 235 262 268 273 299 319 
 12 1 23 39 50 74 97 145 194 240 256 272 291 
 19 30 44 48 52 70 79 101 113 115 120 135 164 194 219 224 228 234 305 332 
 19 9 13 16 37 52 74 123 135 178 198 206 230 233 278 284 308 313 319 331 
 17 15 43 70 107 108 140 163 235 246 252 255 281 283 295 307 314 325 
 17 2 11 20 46 90 91 98 139 143 154 167 206 225 271 323 324 332 
 12 40 58 97 108 126 173 182 288 311 313 318 326 
 22 11 12 34 38 41 52 88 116 151 160 164 174 181 191 204 210 221 225 258 283 303 326 
 15 6 56 60 61 116 127 132 149 176 191 216 232 264 321 323 
 15 20 32 39 76 126 153 203 204 210 226 228 237 275 276 307 
 21 18 20 31 40 41 54 94 99 112 159 160 164 185 197 245 251 270 293 324 326 332 
 17 17 28 34 35 70 82 93 115 132 195 204 207 242 261 291 297 314 
 21 6 13 52 55 59 65 76 88 96 104 169 177 243 249 258 274 285 298 310 314 320 
 16 38 42 50 52 58 73 94 111 119 120 136 167 172 188 207 231 
 18 23 57 74 99 102 104 105 107 113 120 171 172 219 249 253 266 276 288 
 23 24 42 55 62 66 74 81 82 89 93 117 123 142 152 182 197 198 240 263 288 305 308 334 
 15 20 60 82 86 100 151 189 198 240 245 247 304 305 311 316 
 18 4 34 42 46 64 70 73 115 138 139 175 204 215 220 250 256 281 298 
 22 8 18 44 51 53 56 64 87 109 115 121 133 161 172 176 188 210 217 232 292 297 327 
 18 17 39 47 107 120 151 168 195 216 223 247 258 285 286 290 300 316 327 
 20 12 28 30 45 55 141 151 160 174 175 214 225 241 247 260 285 289 308 311 332 
 14 3 8 17 32 68 83 109 145 183 203 267 299 326 327 
 22 4 23 36 42 65 86 88 111 122 136 159 186 192 230 232 245 304 307 324 326 329 332 
 19 23 34 39 42 69 93 96 102 103 165 169 177 180 196 218 229 240 250 277 
 17 5 18 24 74 113 140 143 177 206 223 251 277 286 290 292 304 308 
 14 13 22 45 46 57 140 154 156 180 195 198 270 289 292 
 20 7 22 23 29 41 45 63 89 93 104 122 126 140 190 192 202 220 228 278 333 
 27 16 24 36 48 70 126 130 152 168 217 218 220 240 248 259 273 280 290 292 294 296 304 307 315 316 317 327 
 21 7 13 28 31 41 45 60 64 74 92 94 96 148 157 180 193 203 226 296 318 326 
 16 15 17 37 88 89 98 117 133 151 177 199 203 212 256 296 298 
 20 4 34 51 60 65 115 117 134 145 161 168 183 185 193 202 207 211 238 265 296 
 22 21 28 48 79 108 118 139 143 147 156 173 196 222 225 267 271 300 301 315 318 324 325 
 19 11 51 57 59 92 116 160 167 212 218 239 241 264 284 292 294 299 300 317 
 21 20 57 63 77 80 87 99 110 118 148 161 187 198 201 225 228 262 272 277 279 297 
 19 14 18 45 53 59 104 146 150 167 186 187 195 210 222 237 253 269 285 304 
 21 22 27 83 97 103 107 117 139 142 158 178 193 196 228 239 255 265 275 279 309 317 
 20 2 6 67 101 123 168 177 193 252 277 288 295 300 301 305 306 316 321 327 328 
 18 2 9 24 46 49 86 98 102 104 106 107 139 141 189 226 259 309 324 
 23 9 26 41 65 71 95 99 102 104 127 132 135 137 140 159 165 187 198 221 290 308 314 325 
 14 7 20 57 64 71 73 82 120 121 154 168 170 252 269 
 11 21 51 96 118 186 191 208 228 274 283 297 
 14 15 16 46 50 63 84 99 117 189 203 243 294 304 317 
 22 1 28 36 52 61 79 96 140 182 185 195 200 212 225 230 245 249 255 262 283 308 318 
 17 5 36 82 106 113 118 130 145 182 192 194 199 228 248 274 282 309 
 19 8 58 75 98 129 148 161 178 193 194 208 211 229 248 255 269 287 316 317 
 23 34 46 88 115 122 135 152 155 163 165 174 176 190 216 223 231 251 260 261 270 276 285 333 
 23 9 27 42 43 58 65 127 134 141 147 157 173 177 182 190 223 255 265 267 301 321 323 326 
 16 3 47 85 115 118 126 186 202 235 237 247 261 302 305 307 309 
 23 52 55 62 64 72 77 81 98 101 107 111 124 129 160 191 202 215 218 236 254 262 295 328 
 16 31 60 73 96 126 129 152 164 172 194 267 279 306 309 311 313 
 25 7 18 24 36 40 66 67 74 123 141 169 173 184 190 201 214 234 245 246 276 281 293 296 320 333 
 20 19 27 53 74 79 108 113 139 154 202 217 229 239 247 255 270 286 315 318 332 
 17 24 75 78 80 93 107 116 151 171 183 188 193 225 231 255 258 328 
 17 9 28 41 46 51 129 149 179 195 198 214 227 252 255 263 289 321 
 12 2 12 20 29 87 92 93 95 113 146 191 280 
 20 21 31 64 95 104 113 119 129 139 160 161 183 190 213 269 288 296 307 309 323 
 22 1 4 12 32 38 41 52 55 62 97 108 132 133 142 165 179 186 201 263 273 302 319 
 10 44 56 63 114 121 122 125 126 239 328 
 23 22 35 69 70 74 83 84 99 106 156 167 205 236 253 255 269 270 271 272 291 295 310 316 
 15 8 29 30 63 71 81 132 168 191 222 224 256 261 292 325 
 22 3 12 20 24 34 49 88 90 115 129 134 159 162 183 212 267 292 300 310 312 319 330 
 23 13 27 29 32 36 47 56 77 113 146 164 165 172 196 206 207 225 226 229 237 263 270 333 
 24 21 40 48 59 65 120 121 122 140 154 167 172 179 190 211 222 227 229 231 245 262 301 307 330 
 21 15 39 53 87 96 101 140 175 179 183 188 208 212 222 225 246 263 267 284 288 299 
 24 7 13 50 55 58 74 76 83 106 108 109 128 130 184 208 224 227 244 246 251 258 268 298 319 
 17 2 80 84 106 117 119 122 127 177 181 196 205 276 281 293 312 316 
 11 20 40 47 52 55 169 269 304 305 312 327 
 28 1 7 11 16 41 61 64 86 89 101 130 134 135 146 161 168 185 188 196 206 224 240 265 278 279 290 324 331 
 24 1 6 26 41 51 54 57 68 71 123 138 147 162 172 187 235 239 242 246 275 296 307 319 321 
 17 12 15 29 31 36 61 62 75 87 122 161 169 179 198 261 279 329 
 18 8 32 58 98 101 107 121 130 144 185 187 199 218 238 249 286 287 328 
 17 1 7 24 39 42 64 94 98 105 136 182 213 236 264 293 301 331 
 19 6 15 22 26 43 47 66 105 133 140 152 176 189 237 256 288 295 303 324 
 16 5 18 25 46 59 69 72 106 120 173 197 210 233 234 295 313 
 16 17 42 44 67 84 88 116 160 177 201 214 227 238 253 261 325 
 22 7 21 25 40 53 113 120 135 162 189 193 209 217 241 246 263 266 268 285 293 312 332 
 23 26 27 30 38 62 72 73 99 121 132 133 136 140 161 165 168 179 187 189 194 243 305 332 
 22 6 20 41 47 65 70 73 76 94 109 133 195 197 203 218 222 238 272 279 316 331 332 
 20 3 22 52 53 57 83 109 160 194 200 204 206 211 220 223 224 285 306 330 332 
 13 98 106 159 176 202 203 224 226 257 269 311 315 329 
 22 9 12 32 42 51 87 107 135 138 161 182 206 212 235 236 246 253 258 259 279 298 326 
