 200 334
 3 3 3 3 3 5 6 6 6 6 9 9 9 12 12 12 12 12 13 15 15 15 17 19 21 21 21 24 25 27 27 27 30 30 30 33 33 33 35 36 36 36 37 39 39 39 42 42 42 45 45 45 45 45 47 48 48 49 51 51 51 54 54 54 54 57 57 60 60 60 61 63 63 66 66 66 68 69 70 72 72 72 75 75 75 77 78 78 78 81 81 83 84 84 85 87 87 90 90 90 90 92 93 93 96 96 96 96 96 99 99 99 101 102 102 102 105 105 105 106 108 109 112 114 114 114 114 117 117 117 118 120 120 122 123 123 123 123 126 126 126 129 129 129 132 132 132 132 134 135 135 135 136 138 139 141 141 142 144 144 144 147 147 147 147 149 150 150 150 152 153 155 156 156 159 162 162 162 162 162 163 165 168 168 168 168 170 171 171 172 174 174 174 175 177 177 177 177 177 180 180 180 183 183 185 186 187 189 189 190 192 192 193 195 195 195 197 198 198 199 201 201 204 204 206 207 207 207 208 210 210 210 212 213 213 213 214 216 216 217 219 219 222 222 222 224 226 228 228 228 228 228 231 231 231 231 232 234 234 236 237 237 239 240 240 240 243 243 243 243 243 245 246 246 249 249 249 249 251 254 255 256 258 258 258 260 261 261 262 264 264 267 267 268 270 270 270 273 273 273 275 276 276 277 279 279 279 281 282 282 282 282 283 285 285 287 288 288 290 291 291 291 291 293 294 294 294 297 297 300 300 300 300 100 
 24 10 24 28 44 50 56 96 100 102 105 111 162 183 200 220 224 229 239 248 265 268 273 295 303 
 16 56 77 78 83 88 127 134 142 157 162 191 202 213 228 238 295 
 24 12 14 20 26 39 41 90 91 104 130 137 158 162 172 186 188 257 268 275 278 300 301 312 319 
 20 23 39 40 47 55 60 82 110 111 115 117 129 139 191 253 261 262 285 305 316 
 25 34 40 44 51 52 62 69 97 135 162 168 173 183 203 208 220 234 250 263 269 274 282 309 313 323 
 22 9 26 62 84 108 111 117 126 128 135 160 173 188 211 218 245 247 297 309 310 328 331 
 15 25 41 42 43 79 82 139 141 145 215 229 234 279 282 286 
 23 6 15 25 60 72 75 116 120 134 142 147 150 173 176 194 212 226 235 283 288 292 299 328 
 21 16 33 57 79 128 163 190 192 198 200 232 238 239 248 262 273 283 290 307 310 331 
 16 21 40 58 85 93 148 162 169 171 177 230 234 235 288 314 322 
 29 15 40 50 57 63 66 74 83 90 95 110 157 159 164 195 197 205 224 225 233 244 271 273 287 291 296 305 314 333 
 12 11 72 144 177 195 209 217 248 268 281 295 332 
 21 6 27 28 52 77 79 83 119 125 137 153 170 176 209 225 234 283 290 306 308 309 
 15 32 59 106 111 153 156 168 191 193 234 246 254 305 320 326 
 19 7 15 50 58 69 87 122 123 133 150 175 188 195 200 231 236 253 272 290 
 15 14 24 65 83 85 98 133 136 143 210 224 243 295 305 316 
 19 3 24 47 65 106 117 129 134 135 142 149 171 174 180 248 260 285 306 309 
 23 8 15 28 30 37 84 108 109 136 143 199 203 205 221 238 247 269 282 302 310 313 316 317 
 15 1 8 22 23 38 44 99 133 170 249 250 275 280 294 331 
 22 55 93 105 117 124 144 145 153 170 173 201 210 217 220 238 246 254 285 298 315 319 330 
 25 3 11 23 43 51 71 121 128 129 146 155 160 167 176 178 189 191 199 214 219 226 248 305 306 326 
 24 2 24 47 52 61 72 121 122 123 125 143 168 173 183 218 226 253 269 276 287 289 308 310 317 
 16 5 15 20 31 48 74 155 200 211 223 254 286 292 304 305 326 
 23 12 26 40 84 90 135 151 166 187 192 196 212 214 215 220 239 240 253 304 305 325 329 330 
 20 20 33 49 70 94 98 105 117 127 140 149 150 179 182 219 224 248 253 273 280 
 22 28 39 64 87 91 96 134 153 184 185 203 240 243 246 248 269 272 275 290 307 310 311 
 20 9 28 30 41 51 75 102 139 150 164 167 172 186 189 192 205 242 268 315 331 
 21 7 12 25 38 50 90 92 105 127 133 149 170 177 183 216 233 246 267 271 302 315 
 20 1 10 39 45 55 111 113 126 135 172 173 217 222 224 225 246 253 264 279 328 
 16 8 14 28 62 76 93 125 145 176 201 209 261 271 276 282 305 
 24 24 41 50 66 73 89 110 125 128 136 157 158 172 191 196 201 203 205 214 234 249 292 313 332 
 21 1 2 11 30 39 48 52 130 162 183 217 233 244 260 261 267 269 280 283 306 313 
 21 1 3 39 61 64 134 138 146 157 159 183 186 199 225 238 259 273 276 284 286 316 
 14 6 10 39 51 80 136 150 155 164 170 215 243 297 321 
 16 7 9 17 42 43 69 93 110 122 189 210 220 239 301 319 333 
 22 14 25 36 37 49 56 58 66 72 79 89 117 131 135 158 191 223 233 241 247 272 322 
 18 4 9 27 53 66 72 103 149 180 188 204 211 227 239 263 284 306 313 
 27 6 34 36 39 48 55 66 79 97 103 106 117 149 154 158 160 175 184 204 216 227 237 240 244 284 306 324 
 22 29 37 40 74 76 80 87 143 160 172 174 178 192 200 243 245 246 248 284 286 299 332 
 22 58 64 67 69 76 92 95 96 101 117 120 134 139 145 146 163 169 187 189 239 265 331 
 29 21 31 44 97 105 116 118 121 123 126 134 137 142 154 156 162 169 184 187 190 191 196 204 230 238 244 253 263 325 
 21 24 47 50 80 110 122 137 167 179 183 200 207 209 216 233 234 267 274 295 320 327 
 23 41 42 44 90 105 111 116 140 142 156 165 200 204 249 270 274 275 277 281 291 293 318 321 
 19 1 6 8 28 29 39 47 91 129 138 151 156 160 166 224 231 234 267 277 
 22 6 31 33 50 66 89 101 128 150 155 187 243 258 273 274 275 278 284 295 319 330 332 
 20 2 37 50 60 68 93 99 140 142 143 153 162 174 183 195 218 254 279 281 318 
 15 41 82 98 99 159 160 168 175 192 202 212 215 261 264 295 
 17 15 51 67 150 154 157 196 198 226 231 249 264 276 287 293 295 314 
 14 16 20 33 63 68 174 177 183 184 233 260 282 323 326 
 17 20 21 44 49 104 106 130 142 159 187 195 201 223 248 259 262 277 
 17 11 14 77 83 98 151 155 196 201 212 217 224 269 294 308 319 324 
 26 5 6 9 10 17 29 33 50 68 70 86 121 132 170 175 195 202 210 212 223 246 282 283 292 294 298 
 24 13 25 42 60 62 117 131 142 147 192 214 217 221 222 251 254 258 267 275 280 309 314 316 333 
 16 23 28 40 45 47 66 126 129 160 165 194 256 258 268 284 304 
 18 25 56 66 73 79 83 86 90 132 136 137 183 219 264 280 287 297 321 
 20 1 28 62 81 129 140 142 149 166 195 199 249 267 268 279 282 292 302 325 328 
 10 36 68 149 163 168 212 230 234 257 322 
 15 34 35 36 50 51 85 121 159 207 233 252 270 271 276 289 
 21 7 42 43 54 64 77 81 84 86 94 119 191 215 237 243 260 292 293 298 304 332 
 27 4 10 23 30 36 47 80 96 106 133 135 147 156 162 171 186 188 216 217 238 242 262 263 265 267 310 328 
 20 47 55 57 73 97 99 103 112 121 131 149 166 173 206 243 249 253 264 321 334 
 16 18 38 62 66 110 151 153 157 225 248 300 301 309 319 328 333 
 26 13 19 24 30 32 48 50 60 111 113 132 143 166 178 190 207 208 222 238 275 281 298 314 321 323 330 
 20 63 64 72 78 109 159 172 178 188 228 231 259 260 263 272 273 280 299 321 330 
 25 2 9 14 26 80 128 133 145 150 157 164 165 172 183 192 193 202 205 213 230 247 264 283 287 293 
 9 6 39 74 85 164 180 206 223 268 
 18 20 21 34 64 79 98 106 123 151 204 212 224 236 254 260 274 286 298 
 23 47 62 69 72 81 85 96 124 128 136 166 167 172 185 192 220 227 265 270 282 301 317 327 
 26 3 7 11 25 39 56 77 83 93 129 132 139 149 163 176 201 203 205 239 244 265 272 296 325 327 333 
 24 33 36 40 99 157 159 164 165 180 200 209 218 245 256 285 286 292 293 296 300 302 304 306 310 
 15 4 14 48 59 61 65 72 111 145 162 191 201 258 267 310 
 16 16 55 63 70 81 107 115 132 187 193 208 229 235 247 311 322 
 27 1 4 8 12 22 24 25 36 47 62 80 83 128 145 162 176 179 181 195 218 228 229 258 284 296 303 330 
 22 15 24 82 87 99 101 107 111 130 167 170 171 178 191 200 209 236 272 273 279 289 304 
 24 3 14 20 59 67 69 94 104 106 126 128 131 133 151 169 174 177 206 243 264 302 306 312 333 
 24 46 54 61 78 86 112 143 146 148 161 163 166 183 185 187 214 217 227 229 253 266 267 286 307 
 24 1 26 36 38 40 91 106 112 130 135 151 182 187 197 218 263 267 271 280 281 295 296 308 329 
 17 42 82 88 112 163 202 215 220 223 230 235 237 243 253 263 287 324 
 18 3 5 31 87 139 154 178 208 217 238 257 273 279 307 310 312 317 328 
 16 2 14 33 52 56 59 91 107 139 143 159 163 176 223 253 281 
 18 35 42 105 124 147 154 163 174 206 212 237 267 272 294 305 321 325 328 
 26 1 7 16 17 44 60 63 92 100 103 129 132 146 167 184 235 240 243 258 268 269 289 290 317 326 331 
 22 6 11 13 32 62 75 83 92 98 110 181 195 206 214 217 222 268 279 285 312 314 324 
 17 69 76 77 107 114 125 179 206 208 227 247 251 262 271 298 310 321 
 23 41 43 62 65 79 89 96 98 100 105 115 123 164 186 198 219 231 267 272 312 318 319 330 
 20 16 52 59 66 92 100 105 111 140 147 149 156 166 203 207 228 239 264 271 287 
 20 12 66 95 107 120 132 141 145 186 188 221 241 251 258 268 276 284 293 310 318 
 27 46 63 74 76 88 98 113 122 123 134 149 161 162 176 183 190 193 194 203 225 268 281 285 289 312 315 316 
 26 26 27 38 47 55 84 86 98 107 118 160 197 200 248 250 255 270 272 281 283 285 294 295 302 320 324 
 8 56 68 82 93 94 161 170 237 
 17 2 11 53 79 140 162 168 174 182 185 196 204 229 238 278 279 320 
 25 11 14 28 29 44 62 63 64 86 96 107 115 124 126 168 182 208 214 243 279 286 288 298 330 333 
 20 15 41 47 51 61 65 124 138 148 189 209 227 238 261 267 283 286 301 315 321 
 18 2 100 124 176 185 210 211 217 228 240 245 269 270 277 284 293 298 322 
 16 2 14 23 39 43 49 68 93 96 108 114 128 134 266 285 291 
 16 11 41 99 125 141 182 194 196 204 232 235 263 278 281 299 308 
 20 28 37 74 75 85 90 102 124 126 162 191 211 261 291 296 303 304 321 331 333 
 13 36 49 62 93 128 143 163 176 179 193 223 293 319 
 22 15 56 89 92 101 114 135 136 139 144 145 150 176 203 211 215 226 232 257 267 296 301 
 21 6 9 16 66 92 131 162 164 185 189 198 211 220 260 268 275 281 293 294 313 315 
 16 2 11 26 72 102 103 104 162 165 170 223 264 268 280 286 315 
 20 33 40 55 61 74 99 117 137 139 147 163 166 184 197 221 238 239 301 306 320 
 23 7 17 21 25 35 37 45 59 150 172 211 213 218 228 233 240 244 269 275 279 280 313 332 
 22 23 24 30 52 69 74 75 78 84 113 147 152 163 185 194 197 198 223 237 266 284 288 
 23 2 3 9 19 21 41 77 85 105 108 132 144 155 198 208 254 256 280 309 311 314 330 331 
 19 7 41 44 57 62 79 163 164 165 166 176 192 205 235 247 248 264 269 303 
 19 3 22 56 78 122 136 139 142 146 150 177 190 195 213 221 238 262 320 330 
 20 44 48 56 81 86 96 99 104 113 143 162 169 206 213 265 277 301 302 311 326 
 17 1 95 118 119 128 130 147 156 176 196 197 247 292 302 312 319 323 
 24 22 27 44 48 80 91 92 95 116 129 133 177 190 241 248 264 265 274 281 290 303 317 322 324 
 21 8 14 24 25 68 83 97 115 122 123 124 157 166 181 203 231 239 247 253 316 322 
 15 70 110 114 125 134 151 179 205 250 254 263 293 296 297 312 
 22 4 45 52 58 68 69 75 111 124 133 139 156 162 168 181 207 208 280 291 292 293 301 
 21 1 5 14 23 53 73 78 113 114 115 153 196 205 226 231 235 243 259 269 280 305 
 19 1 6 11 13 34 63 77 86 105 107 110 207 221 275 294 298 306 307 315 
 11 140 156 158 167 188 222 244 257 275 319 326 
 15 2 17 36 40 92 161 182 187 195 212 223 277 294 298 315 
 12 19 54 58 68 72 129 139 165 196 289 292 309 
 18 11 44 53 87 104 159 160 163 164 184 197 221 230 244 264 272 295 301 
 18 1 14 18 22 27 47 64 102 131 159 171 201 210 227 249 267 293 308 
 18 18 19 50 78 90 118 177 183 194 203 239 255 273 282 308 312 320 331 
 25 1 3 18 29 71 83 85 88 104 106 129 132 145 149 158 207 213 218 226 235 251 266 283 305 332 
 20 4 28 30 50 51 86 98 103 137 192 206 210 215 230 231 273 282 303 314 328 
 23 2 8 14 36 51 59 62 69 71 77 114 131 149 176 193 213 229 236 248 258 272 279 291 
 22 3 6 31 70 79 80 118 131 145 164 192 195 200 203 204 225 236 297 308 313 317 331 
 20 5 9 20 58 70 75 131 134 145 163 209 212 215 219 226 257 264 311 320 321 
 19 33 44 50 57 95 98 104 135 146 170 188 207 217 230 241 248 298 299 331 
 24 12 46 47 50 62 91 93 101 106 117 132 150 198 205 221 234 240 261 262 263 270 274 324 332 
 14 11 36 44 132 146 150 163 188 211 263 309 311 325 328 
 16 6 33 71 76 94 103 116 119 138 215 236 273 293 294 296 318 
 17 1 6 31 64 84 117 121 134 155 191 194 195 215 226 241 298 329 
 14 81 93 101 102 109 149 189 200 203 268 287 297 302 308 
 16 18 30 56 60 113 124 162 167 175 217 219 230 253 300 303 317 
 16 29 55 81 95 123 155 159 165 183 194 195 224 242 272 289 309 
 22 7 54 55 56 71 106 175 181 196 197 201 218 220 231 236 238 251 254 266 267 316 329 
 16 26 33 67 80 95 120 136 138 162 176 184 215 236 242 286 309 
 17 1 51 63 94 96 114 183 229 232 238 250 275 289 290 291 292 293 
 18 7 9 34 40 64 66 67 113 145 150 163 169 190 201 207 223 255 292 
 27 5 11 29 38 51 80 90 124 128 146 151 156 177 181 208 230 237 246 258 260 270 280 281 292 302 304 324 
 19 4 6 10 17 32 51 66 73 105 148 149 152 183 198 202 273 320 321 331 
 16 5 12 25 26 33 37 57 90 146 184 200 203 222 249 254 269 
 16 12 23 57 68 87 112 125 161 167 176 187 191 195 226 240 255 
 24 15 62 83 86 87 117 131 132 152 158 166 167 177 184 200 248 259 261 276 290 307 311 320 330 
 18 3 24 38 43 50 80 83 100 123 131 180 227 230 235 236 259 263 323 
 15 12 14 31 76 92 95 117 160 162 188 201 202 237 264 288 
 27 5 17 20 22 30 43 46 48 73 87 102 105 110 114 131 132 157 168 180 184 187 188 196 241 259 274 282 
 18 16 30 51 53 64 94 99 102 106 121 129 146 152 189 247 283 290 301 
 27 3 20 30 45 68 80 100 114 131 135 143 157 165 185 191 217 233 238 247 249 252 273 292 308 314 319 323 
 32 4 23 25 50 55 70 71 73 80 108 124 128 152 158 163 169 176 180 216 238 260 262 268 272 278 279 285 309 310 311 320 332 
 18 15 50 63 84 156 161 163 167 205 214 228 237 269 279 281 283 321 334 
 13 18 50 74 103 122 167 169 214 221 261 267 309 325 
 20 28 71 80 83 90 102 154 163 185 200 236 239 260 268 271 275 287 325 329 330 
 22 1 12 17 41 49 74 85 102 121 128 130 134 139 156 158 167 193 252 254 264 275 283 
 26 10 23 76 77 80 92 96 114 132 143 170 178 181 183 216 221 223 237 240 243 266 270 280 287 288 311 
 21 8 13 28 42 74 110 132 150 153 163 166 169 171 225 229 231 253 265 279 299 302 
 19 25 37 38 46 73 92 99 100 132 141 144 186 234 239 247 258 297 305 308 
 21 1 14 23 42 52 79 108 128 142 148 164 233 243 256 257 263 283 287 299 316 332 
 24 20 38 52 55 75 105 109 110 127 130 142 145 170 176 233 253 267 277 280 289 295 311 319 324 
 15 8 21 44 67 76 77 88 103 110 150 175 201 230 289 330 
 16 21 53 66 90 119 174 203 208 234 235 250 270 274 275 314 328 
 19 9 37 50 55 59 66 86 113 152 196 200 220 221 243 258 288 300 311 318 
 10 13 118 145 154 165 167 193 198 220 222 
 12 8 16 43 120 124 159 173 185 237 301 314 326 
 25 10 20 45 55 56 65 72 77 78 103 115 120 138 144 145 168 184 206 215 247 265 275 276 299 308 
 20 17 20 84 88 123 170 195 200 204 233 245 250 252 255 266 267 268 304 329 332 
 13 20 25 38 45 90 136 144 157 194 211 214 294 297 
 16 47 52 55 59 110 135 155 158 173 179 187 208 252 253 264 318 
 18 16 49 80 100 103 105 115 121 140 149 158 177 181 196 223 243 280 322 
 18 44 74 108 151 156 168 171 206 230 244 263 266 271 275 276 283 295 313 
 15 60 67 72 80 114 140 155 158 183 196 201 272 283 285 291 
 11 29 39 84 159 163 178 184 216 233 246 281 
 20 21 25 27 57 66 74 76 86 91 93 100 109 113 121 123 134 139 154 182 242 
 21 6 11 36 48 72 74 84 114 120 130 155 190 191 211 228 233 264 267 278 303 330 
 18 14 21 57 69 80 102 117 123 126 132 137 139 176 265 281 302 305 310 
 18 7 23 36 47 63 90 125 140 151 160 210 221 225 246 251 256 283 311 
 14 25 26 40 62 98 224 229 261 274 279 310 311 325 331 
 22 15 29 33 35 127 150 154 162 187 188 208 213 216 218 219 221 232 246 272 302 305 328 
 25 1 2 26 38 60 69 72 78 96 98 105 114 117 165 166 203 215 233 250 256 286 292 302 308 316 
 18 34 37 44 48 53 80 86 92 102 123 171 184 188 207 226 298 308 322 
 18 1 3 34 58 71 86 93 104 127 129 156 194 197 218 230 254 265 314 
 28 4 42 50 79 80 97 107 113 137 162 164 179 182 206 214 229 259 265 268 272 276 277 282 292 304 309 315 331 
 18 7 24 65 78 125 133 142 149 183 213 244 249 255 258 273 292 324 329 
 21 33 37 39 54 59 72 77 82 93 110 172 205 207 209 223 234 253 261 286 290 325 
 18 30 40 48 53 58 76 128 140 151 182 194 201 211 248 262 263 265 329 
 23 7 25 33 44 51 53 55 68 83 89 150 172 176 183 214 251 254 282 289 296 303 328 329 
 16 7 19 25 62 90 145 205 219 222 240 243 247 255 270 304 320 
 27 2 7 18 39 43 55 81 87 125 132 133 168 189 195 204 205 226 235 236 241 249 280 295 296 309 330 332 
 20 24 30 40 67 118 119 122 123 124 139 161 171 181 197 200 208 214 216 241 319 
 19 5 8 26 49 59 61 98 131 165 193 199 231 260 267 269 287 296 307 308 
 20 25 63 71 111 118 128 134 151 156 170 176 187 210 219 247 258 283 319 320 321 
 15 16 51 63 74 84 87 91 129 173 216 226 237 263 305 307 
 21 4 48 81 94 99 115 135 139 140 145 160 164 180 208 220 227 230 260 266 270 281 
 23 10 15 16 45 54 58 77 81 117 136 197 200 212 224 240 248 273 280 286 299 309 313 317 
 22 19 28 62 85 88 101 133 156 199 202 205 210 232 259 267 268 299 302 306 320 322 324 
 25 2 6 17 19 27 37 71 87 126 162 170 178 180 190 209 214 221 225 238 239 280 298 301 313 318 
 13 59 78 92 97 118 126 166 234 281 309 317 319 325 
 18 8 13 75 76 92 108 146 176 183 214 218 225 229 248 257 306 320 330 
 14 6 43 44 81 85 90 135 145 177 185 212 213 220 320 
 23 30 36 60 75 90 94 95 125 130 136 164 165 177 182 197 208 211 284 286 288 295 328 330 
 22 1 10 16 26 75 79 81 88 91 120 129 152 173 186 187 201 218 232 250 261 273 297 
