 200 334
 3 3 5 6 6 7 9 9 9 9 10 12 12 13 15 15 15 15 16 18 18 18 21 21 21 24 24 24 25 27 27 27 29 30 30 30 32 33 33 33 36 36 37 39 39 42 42 42 44 45 45 47 48 48 48 48 51 51 51 51 53 54 54 55 57 57 57 57 59 60 60 61 63 64 66 66 66 69 71 72 72 75 75 75 75 78 78 80 81 81 83 84 84 84 84 87 87 87 89 90 90 90 91 93 93 93 95 96 96 99 99 101 102 102 102 102 103 105 105 105 105 108 108 110 111 111 114 114 117 117 120 120 120 120 122 123 123 126 126 127 129 129 129 131 132 132 132 132 134 135 137 138 138 138 138 141 141 141 141 141 143 144 144 144 146 147 147 147 150 150 150 150 152 153 153 154 156 156 156 159 161 162 163 165 165 165 168 168 168 168 169 171 171 174 174 175 177 177 179 180 180 180 180 181 183 183 183 183 184 186 186 188 190 192 192 192 192 195 195 195 198 198 198 200 201 201 202 204 204 204 206 207 209 210 210 213 213 213 216 216 216 216 216 219 219 221 222 225 225 225 226 228 228 228 228 229 231 231 231 232 234 234 237 237 237 239 240 240 240 240 241 243 243 243 243 243 244 246 246 246 247 249 249 252 252 253 255 257 258 258 261 261 261 264 264 266 267 267 267 268 270 270 271 273 276 276 279 279 279 282 282 282 282 282 284 285 285 286 288 288 290 291 294 294 295 297 297 297 297 300 300 300 300 100 
 19 3 39 43 63 69 92 97 147 163 181 185 219 239 259 260 267 289 290 315 
 30 13 17 27 38 44 52 66 69 73 88 99 106 109 124 132 134 138 146 153 178 211 220 228 236 244 247 256 266 330 331 
 23 1 12 33 56 101 127 159 166 200 241 245 248 250 272 278 289 294 297 311 322 326 329 330 
 27 11 25 54 62 69 71 87 101 117 119 124 141 146 147 162 173 178 214 216 217 240 251 267 284 302 311 330 
 24 28 44 50 51 61 74 80 100 122 123 135 141 159 165 180 192 200 227 231 271 274 308 318 326 
 21 16 20 37 44 46 95 96 114 116 132 139 142 158 161 177 214 253 257 288 315 326 
 28 8 49 55 57 60 63 100 104 105 144 150 151 177 185 191 199 202 223 227 239 240 263 282 284 292 303 307 316 
 19 7 28 33 49 62 64 94 173 188 204 208 219 236 245 246 262 273 297 333 
 27 14 35 68 80 83 96 116 162 176 182 195 196 206 210 233 239 247 253 258 265 277 282 286 295 301 307 318 
 20 7 26 27 41 58 93 112 122 130 132 184 194 207 221 225 244 256 285 297 313 
 21 15 26 33 62 84 96 102 134 144 145 152 154 172 178 228 267 275 281 286 313 328 
 15 3 7 23 32 53 67 71 114 154 192 196 215 241 311 332 
 19 6 7 46 56 92 94 113 131 167 182 187 199 204 213 244 247 276 277 318 
 17 3 6 27 28 30 86 88 143 157 210 228 252 257 266 285 310 327 
 24 30 46 57 58 78 79 91 120 133 141 145 151 156 177 186 236 247 256 257 276 296 301 305 312 
 21 4 14 19 26 54 90 93 100 105 119 180 190 211 217 231 246 267 272 273 300 316 
 17 4 12 30 36 61 79 84 118 124 157 187 191 203 246 257 281 287 
 22 9 19 24 38 59 67 72 81 82 84 116 135 142 145 212 229 236 250 260 265 288 293 
 18 6 37 38 42 54 57 63 90 106 110 114 175 182 222 225 244 270 291 
 15 17 34 35 41 58 83 101 107 181 230 253 257 272 278 324 
 21 7 62 64 86 89 99 131 133 139 177 180 185 209 211 222 243 283 290 317 324 325 
 16 1 5 26 50 52 104 130 136 170 184 227 235 264 274 307 318 
 21 27 65 78 83 94 107 108 120 156 159 168 171 191 229 237 246 255 282 285 309 310 
 23 14 15 20 30 42 64 79 82 110 112 143 147 156 167 188 198 199 233 274 287 305 317 325 
 19 15 27 29 35 52 125 137 151 153 157 222 228 251 259 269 282 301 312 329 
 15 23 63 82 86 96 103 118 124 154 192 194 228 239 253 277 
 17 6 18 25 76 86 92 99 109 140 141 158 187 227 250 261 265 308 
 17 14 31 33 57 85 91 103 112 118 134 140 158 177 180 200 229 307 
 19 3 17 92 127 137 144 169 189 195 197 229 250 264 273 295 311 312 318 325 
 25 16 51 62 65 76 79 86 104 113 122 127 129 135 149 151 172 188 199 239 240 267 269 285 302 310 
 12 67 73 117 127 141 146 198 213 271 296 305 324 
 21 13 22 23 24 36 43 71 73 96 138 143 163 190 207 222 244 271 289 297 311 328 
 16 20 61 80 102 122 135 167 177 184 213 249 250 252 283 302 314 
 22 12 28 43 65 80 94 95 97 102 104 105 114 118 156 180 221 229 262 269 290 311 332 
 20 2 14 16 20 29 69 86 102 111 156 163 200 206 216 225 244 267 275 302 317 
 15 3 33 46 60 75 78 80 89 138 152 204 206 231 274 319 
 27 6 15 37 65 66 79 86 101 112 124 125 126 132 133 138 145 157 173 179 199 242 243 273 303 310 311 323 
 19 12 18 32 39 45 66 122 124 125 143 149 175 197 236 280 284 291 296 310 
 16 7 15 29 53 62 108 110 127 144 162 167 193 202 255 314 331 
 23 3 32 34 36 46 48 69 82 132 135 140 142 148 191 207 218 222 225 236 267 277 319 321 
 28 4 16 17 31 34 43 57 67 97 101 104 109 123 151 166 181 183 185 187 189 221 225 230 234 271 292 300 305 
 21 17 43 44 112 125 140 150 154 184 186 187 205 221 233 235 248 286 301 308 315 320 
 22 8 14 17 43 70 100 123 143 146 152 180 226 234 256 257 268 269 272 273 279 285 302 
 34 59 61 76 77 79 89 96 100 106 108 124 132 147 161 174 178 180 189 191 192 207 210 229 242 252 264 267 274 292 296 304 318 319 320 
 17 2 25 28 34 81 83 162 187 188 208 219 224 234 256 270 288 320 
 28 21 23 41 44 45 57 88 89 101 107 110 123 127 135 142 161 208 216 249 255 280 305 310 312 318 322 327 334 
 27 3 25 26 33 34 47 62 78 107 129 136 150 171 174 191 193 197 204 220 227 239 250 289 301 310 313 328 
 17 9 25 41 48 61 79 127 226 227 244 245 252 272 282 291 294 330 
 17 9 15 30 34 45 52 114 131 141 147 151 164 174 176 209 281 311 
 15 54 94 124 138 152 156 201 247 263 272 277 279 282 296 327 
 20 2 57 65 69 75 93 110 133 135 148 170 219 224 240 244 246 253 274 307 333 
 22 16 36 51 94 104 117 138 144 145 166 169 173 176 200 214 215 219 243 266 294 301 316 
 14 15 28 42 77 91 104 136 174 234 270 279 287 310 322 
 17 5 8 19 33 89 96 122 127 189 202 211 218 230 251 259 261 263 
 17 16 23 34 78 81 82 94 98 103 122 136 152 162 294 300 301 331 
 14 35 73 114 131 147 151 177 191 208 233 244 304 319 332 
 18 46 70 98 145 151 173 175 176 180 206 223 231 236 304 315 321 328 331 
 14 53 84 126 131 149 158 207 238 240 246 267 291 312 330 
 11 51 75 78 80 87 112 129 151 162 291 296 
 22 4 27 35 41 75 120 123 143 149 171 196 212 241 248 249 251 273 290 298 315 316 330 
 18 42 85 101 105 128 141 206 237 243 253 269 271 279 284 295 318 322 326 
 26 7 11 16 22 38 43 57 71 73 82 113 117 119 161 171 194 198 216 219 226 253 271 286 297 304 328 
 23 10 23 34 41 73 79 82 83 98 119 123 154 157 158 165 194 199 201 219 241 259 263 332 
 23 1 2 11 15 26 27 62 63 82 96 97 158 178 205 224 233 257 263 272 279 291 316 318 
 17 21 51 74 82 85 131 144 149 178 192 221 233 281 288 313 316 319 
 13 3 15 16 49 63 72 151 155 235 248 282 285 315 
 15 9 41 69 86 99 126 137 164 182 185 192 211 281 286 320 
 25 16 23 37 44 52 74 75 79 85 90 129 131 142 156 161 203 210 230 233 234 248 253 280 305 330 
 19 1 7 12 51 52 104 123 152 153 178 201 222 248 275 276 289 302 304 331 
 20 6 11 15 23 30 40 51 56 59 62 64 76 83 138 229 251 267 268 311 323 
 26 12 22 23 30 31 33 82 95 96 99 110 115 117 152 177 192 199 218 224 228 234 243 249 278 296 319 
 15 4 45 53 78 124 162 181 184 198 225 290 300 302 319 323 
 18 7 65 70 91 110 123 152 174 179 184 221 229 246 247 302 305 306 314 
 31 3 7 8 25 26 31 59 63 73 76 86 89 99 170 188 206 207 208 218 239 251 257 266 268 270 272 286 290 320 328 330 
 18 25 47 61 74 79 92 102 104 153 158 182 190 213 216 248 269 284 323 
 20 1 2 10 36 48 78 80 93 107 148 154 167 169 228 237 256 263 273 281 307 
 17 6 14 50 96 102 122 123 151 175 239 245 278 295 300 312 321 330 
 12 61 87 94 116 127 146 203 220 254 270 294 301 
 21 5 38 44 64 70 93 119 142 154 177 205 218 221 226 255 263 281 283 299 331 332 
 30 3 26 48 52 54 83 89 91 92 122 128 131 149 151 158 162 172 193 198 205 218 229 233 240 245 256 263 266 303 323 
 12 61 89 136 137 145 149 222 239 258 275 309 331 
 19 34 39 42 84 85 92 111 139 161 173 212 226 227 233 255 256 275 327 333 
 13 16 36 39 46 47 58 91 177 180 216 238 258 326 
 21 41 57 65 72 81 82 105 140 148 149 152 153 163 169 178 195 214 216 249 284 331 
 17 54 60 66 112 113 122 161 177 209 225 244 263 281 297 304 307 309 
 18 30 44 58 73 80 96 156 171 187 188 200 218 221 239 276 288 293 330 
 19 53 60 61 63 70 83 107 118 169 170 177 187 199 224 228 284 291 295 323 
 15 7 16 29 31 79 87 113 139 161 195 268 315 319 325 330 
 23 19 28 30 35 46 63 99 108 119 124 129 133 165 169 174 177 189 197 214 251 261 280 317 
 29 2 9 18 35 43 49 93 99 112 115 122 127 129 150 177 183 196 237 257 266 270 288 289 291 301 321 326 330 332 
 19 15 17 18 33 62 73 81 82 96 121 200 205 210 249 282 293 296 306 331 
 22 1 8 42 44 58 70 74 92 96 104 106 124 141 153 165 262 283 294 298 300 324 331 
 13 10 30 33 98 131 152 183 192 224 252 261 264 307 
 24 12 13 20 27 50 53 62 145 146 153 162 170 184 199 223 239 240 241 258 260 278 301 314 327 
 20 5 21 60 63 67 88 100 153 171 183 209 212 220 224 242 298 300 305 310 319 
 13 23 35 89 187 196 197 215 220 227 230 233 247 306 
 21 35 69 75 93 97 101 107 111 125 129 138 156 157 177 193 209 223 239 275 292 332 
 17 37 67 70 84 109 130 138 146 159 181 258 269 275 286 293 305 316 
 20 9 10 41 58 103 104 120 131 143 151 170 195 196 203 241 255 277 308 318 319 
 19 14 32 69 74 101 127 149 166 172 179 190 195 201 223 226 258 289 298 301 
 18 19 62 63 84 88 104 145 169 175 183 194 200 218 258 265 289 291 315 
 16 11 14 24 53 54 103 104 113 161 175 181 232 240 308 310 330 
 18 23 31 53 70 110 121 166 183 201 227 231 236 266 272 284 286 310 324 
 18 7 14 35 44 72 107 108 133 198 208 211 221 226 263 285 297 307 319 
 11 1 47 60 145 169 174 178 194 225 238 267 
 27 13 28 76 79 125 134 137 139 151 152 161 169 176 188 197 209 218 221 222 236 237 263 282 287 315 328 330 
 17 20 41 73 82 109 110 146 156 172 205 214 239 257 291 294 312 326 
 22 5 15 36 37 49 59 118 127 144 147 179 204 219 246 248 253 274 278 284 295 299 306 
 20 2 7 15 21 42 74 78 80 85 94 119 131 139 146 155 176 249 273 321 332 
 17 16 97 118 120 178 182 188 189 191 214 225 227 233 268 298 307 324 
 14 17 26 41 57 60 68 70 127 160 161 169 228 273 329 
 15 64 66 72 114 132 134 140 154 157 180 181 182 252 301 322 
 18 6 49 52 64 75 84 87 96 107 112 143 150 160 164 188 208 321 334 
 20 49 82 93 103 113 118 144 146 173 184 191 215 227 248 261 268 270 278 280 298 
 18 34 58 64 103 143 184 187 189 200 210 225 233 252 286 296 297 316 326 
 14 52 82 102 122 127 160 209 217 218 221 238 262 265 277 
 17 3 15 59 71 76 83 150 172 187 212 244 274 288 292 304 311 322 
 17 4 58 62 76 79 95 98 136 138 165 166 167 214 259 261 282 326 
 23 8 9 29 64 82 87 108 127 138 146 158 169 176 213 214 230 236 240 272 276 283 292 319 
 21 2 14 25 61 75 76 87 96 119 121 122 142 145 208 210 232 252 278 306 309 319 
 13 13 35 42 65 129 135 166 170 196 237 252 257 274 
 23 35 40 49 56 66 75 78 83 91 104 128 129 153 162 176 188 205 228 244 248 251 254 282 
 12 37 68 70 103 145 162 163 192 291 311 315 317 
 25 3 46 47 58 74 78 89 91 112 124 127 149 151 156 165 196 210 236 251 281 290 295 297 308 332 
 15 43 55 56 58 83 150 153 156 174 176 249 294 297 312 319 
 15 31 37 54 62 85 92 110 113 124 130 135 171 181 212 326 
 18 3 4 10 19 28 124 131 142 156 161 169 181 229 239 280 295 308 310 
 18 1 17 22 62 80 104 177 190 213 214 224 261 263 272 278 291 299 333 
 21 5 26 44 71 91 95 112 116 151 161 163 166 207 215 236 271 272 274 281 326 327 
 28 21 23 24 32 47 49 50 61 68 79 92 111 128 157 160 183 195 205 215 242 245 266 281 284 285 291 314 320 
 21 4 11 16 52 73 99 110 118 148 152 165 173 180 190 222 234 240 252 309 312 327 
 24 5 34 88 94 108 151 161 165 166 169 170 174 177 191 205 211 235 255 262 288 294 308 311 325 
 26 26 42 46 52 62 65 69 71 81 90 102 141 143 149 181 204 205 209 213 217 218 231 232 236 273 301 
 19 3 5 8 25 33 49 115 124 150 159 184 188 215 239 245 258 298 312 323 
 12 3 55 71 92 124 127 131 138 160 177 256 307 
 19 15 46 53 57 104 122 146 191 197 224 228 234 248 250 279 282 288 319 326 
 22 25 29 33 64 75 79 91 140 142 194 197 198 202 228 258 260 261 264 288 290 297 333 
 12 21 40 62 79 84 88 100 258 262 299 300 333 
 19 8 34 36 39 53 55 70 74 90 128 154 156 186 203 204 231 264 272 333 
 24 1 23 26 44 84 131 149 155 174 178 205 215 228 232 238 245 253 257 261 280 282 283 300 323 
 21 16 18 27 56 61 145 181 187 217 221 224 244 252 269 284 287 288 296 323 326 332 
 14 15 16 55 57 59 71 90 99 132 150 211 228 244 259 
 13 29 48 112 128 185 207 239 244 257 259 267 284 291 
 20 41 50 62 78 90 111 118 140 169 199 247 249 260 264 288 290 299 313 322 331 
 21 4 13 24 29 30 45 57 63 108 111 125 156 157 176 180 261 270 310 311 314 325 
 14 14 61 118 138 145 169 187 199 218 244 245 271 300 317 
 19 4 10 38 50 77 78 87 127 149 165 185 215 236 245 278 291 294 313 326 
 17 10 42 46 100 113 150 168 182 216 236 240 250 257 258 309 311 324 
 21 8 106 110 130 133 147 166 176 190 193 201 204 231 236 240 252 258 259 260 279 327 
 17 12 20 31 55 59 105 107 109 110 125 136 142 183 247 248 302 316 
 27 14 24 78 82 107 120 128 136 144 147 157 162 163 165 224 228 231 244 254 267 272 289 291 310 323 328 330 
 23 19 74 93 101 111 127 135 138 139 152 187 200 201 205 210 215 227 230 246 249 284 321 323 
 24 24 41 55 61 73 80 118 139 148 153 156 166 169 179 181 205 215 221 226 229 273 282 289 321 
 18 27 61 63 87 102 115 214 215 221 226 230 244 260 268 275 287 295 315 
 25 1 8 13 35 47 63 75 130 131 157 160 174 198 210 215 223 226 238 240 249 256 257 292 298 332 
 14 18 38 50 57 86 111 125 169 189 197 234 303 326 333 
 24 33 38 41 52 72 75 77 105 128 135 145 157 222 237 263 271 284 288 298 299 304 312 316 330 
 19 11 18 37 51 53 93 104 136 187 199 226 235 260 291 294 310 318 321 332 
 12 33 58 92 131 165 187 196 214 251 289 315 329 
 24 1 4 19 21 39 53 55 88 115 140 146 149 167 177 187 189 224 269 278 285 288 289 305 324 
 22 50 52 56 77 106 109 123 137 144 151 156 170 173 218 221 225 235 252 270 298 322 333 
 17 35 43 45 106 145 152 232 249 286 288 289 308 313 317 321 324 332 
 19 15 20 30 54 70 93 105 107 121 123 124 141 187 189 244 256 258 263 291 
 18 21 38 61 78 113 115 159 184 186 196 202 213 257 279 288 304 312 322 
 20 7 18 34 36 45 49 64 81 92 96 132 158 162 179 221 273 274 289 301 331 
 18 9 29 30 47 65 70 74 86 111 153 167 171 177 197 221 250 272 294 
 18 9 15 43 59 62 77 92 105 161 171 183 186 187 207 300 309 313 325 
 31 4 6 24 65 80 82 91 100 108 123 141 147 151 156 170 175 180 194 196 232 240 247 259 266 274 289 296 297 302 319 326 
 13 16 42 50 137 139 155 173 175 179 196 202 266 324 
 18 6 32 37 38 91 96 129 183 190 238 241 242 243 251 259 268 278 294 
 14 9 16 36 43 53 78 88 108 158 214 294 303 310 312 
 16 12 49 53 65 100 131 201 206 253 272 274 277 280 288 296 315 
 22 12 18 34 54 110 156 159 168 184 205 213 248 250 254 257 259 260 268 278 279 285 323 
 19 12 13 17 34 46 53 100 120 173 178 188 202 207 219 303 322 327 329 332 
 18 75 97 99 105 156 187 225 234 257 260 265 272 281 294 301 303 307 308 
 23 8 11 21 42 54 61 103 106 107 156 163 166 206 246 248 271 272 298 306 309 320 323 330 
 15 4 23 33 37 39 41 86 100 140 141 178 244 314 319 331 
 22 1 3 15 22 50 52 82 84 98 104 105 113 120 182 189 192 210 218 263 272 273 298 
 18 7 19 30 72 76 83 89 103 119 193 230 248 277 282 297 320 323 325 
 14 62 69 79 112 117 121 145 152 222 224 264 284 295 321 
 20 4 6 31 42 74 109 118 120 131 144 150 159 202 203 210 225 232 267 294 331 
 12 15 19 20 39 48 82 121 129 174 175 190 332 
 22 38 61 75 91 105 119 148 157 169 177 212 236 246 248 254 260 273 293 301 307 323 325 
 16 20 26 30 109 132 141 152 164 169 233 234 248 255 261 267 293 
 27 5 8 16 33 35 49 52 87 105 118 142 150 152 167 180 233 241 248 252 260 268 283 307 310 311 324 333 
 18 54 56 77 83 90 121 138 150 177 209 224 239 247 254 262 263 330 331 
 20 12 50 55 70 106 110 134 162 168 190 200 204 261 266 268 269 272 282 296 321 
 17 24 27 31 34 37 97 164 185 188 200 241 245 275 287 309 321 326 
 14 17 33 44 193 241 242 246 261 268 307 322 323 326 330 
 18 11 54 66 107 188 191 192 201 206 226 229 237 247 249 275 287 297 325 
 18 17 40 76 117 139 144 150 152 168 185 188 192 195 227 252 259 273 320 
 19 7 30 50 63 74 96 127 144 194 206 220 232 239 246 276 277 284 287 325 
 12 100 157 163 178 183 206 225 253 254 274 292 306 
 20 3 10 77 96 132 133 141 146 149 154 156 161 208 223 266 272 295 314 323 326 
 19 6 8 19 33 53 70 84 96 99 118 130 209 233 254 257 264 278 283 324 
 25 1 8 17 20 22 47 65 82 93 112 114 129 136 149 152 201 206 224 233 254 283 299 303 310 313 
 19 24 40 104 106 114 128 144 159 188 194 207 211 263 279 305 312 316 317 325 
 15 11 46 61 66 122 125 157 172 173 182 189 239 241 244 251 
 15 24 33 127 132 138 141 148 163 164 210 214 248 250 265 278 
 16 13 41 42 46 69 95 108 156 161 207 231 237 266 271 289 333 
