 200 334
 3 3 3 4 6 6 8 9 9 10 12 12 15 15 16 18 18 18 21 21 21 21 23 24 26 28 30 30 30 33 33 33 34 36 36 37 39 39 42 42 42 43 45 45 46 48 48 48 50 51 51 51 53 54 54 54 54 57 57 57 58 60 60 60 60 62 63 63 66 66 66 66 69 69 69 69 71 72 75 75 77 78 79 81 81 81 83 84 84 86 87 87 90 90 90 91 93 93 95 96 96 98 99 99 102 102 102 102 105 105 105 108 108 108 110 111 111 111 114 114 115 117 118 120 120 120 120 122 123 125 126 126 126 128 129 129 130 132 134 135 136 138 138 139 141 141 141 143 144 144 144 147 147 147 149 150 150 153 153 153 156 156 158 159 159 159 159 162 162 162 162 164 165 165 165 167 168 168 168 168 169 171 171 173 174 174 175 177 177 179 181 183 183 183 186 186 186 186 188 189 189 189 192 192 192 194 195 195 198 198 198 201 201 201 201 201 204 206 207 207 207 208 210 210 210 212 213 213 214 216 216 216 218 219 219 220 222 223 225 225 225 227 228 228 228 231 231 231 234 234 234 234 234 234 237 237 237 238 240 240 240 240 241 243 243 243 243 243 243 245 246 246 248 249 249 249 252 252 252 252 254 255 255 258 258 258 258 258 260 261 263 264 264 264 264 268 270 270 270 273 273 275 276 276 276 278 279 279 281 282 282 282 285 285 285 286 288 288 288 288 289 291 291 292 294 294 294 296 297 297 299 300 300 100 
 27 14 20 31 47 50 79 89 109 110 166 180 187 197 206 218 225 228 241 249 258 265 281 291 292 315 321 323 
 24 12 16 27 28 54 86 95 111 113 125 130 135 140 161 185 211 245 249 265 266 272 278 292 295 
 19 7 11 22 49 69 94 99 109 148 156 161 205 209 241 256 277 286 306 329 
 20 23 25 42 58 59 73 103 104 142 155 164 166 180 184 186 198 213 255 257 286 
 17 13 21 23 25 65 93 96 112 119 155 211 234 235 250 260 276 317 
 15 96 145 163 173 183 184 210 236 238 243 250 294 309 317 321 
 21 13 23 24 69 74 103 115 119 126 128 191 197 204 233 244 253 272 281 304 315 327 
 16 7 9 63 69 125 212 224 259 277 283 298 304 325 326 328 334 
 15 7 27 77 83 85 91 151 158 165 188 204 209 212 264 306 
 23 12 16 62 83 94 144 152 177 199 213 234 236 237 247 248 264 265 267 294 315 322 326 332 
 19 9 43 71 83 86 111 120 147 158 176 177 178 179 203 222 232 235 255 258 
 23 23 26 27 29 30 32 36 40 69 97 130 165 169 197 214 239 246 259 277 294 297 300 307 
 20 7 91 109 120 126 139 142 145 152 172 185 191 202 254 273 277 278 309 314 318 
 19 4 68 90 124 138 143 145 152 158 172 177 191 193 196 217 237 249 273 328 
 15 19 20 25 55 75 95 100 157 176 219 238 241 249 263 271 
 19 6 51 58 104 126 131 152 190 199 215 239 268 303 304 310 316 329 330 333 
 25 5 13 22 25 29 59 62 66 115 136 144 165 170 173 210 217 220 230 237 240 258 286 305 309 319 
 22 20 37 39 54 58 62 84 87 110 122 159 171 196 213 241 246 250 256 278 282 299 330 
 15 33 37 42 46 53 56 105 115 135 173 185 197 250 255 316 
 16 15 21 34 43 73 82 88 98 103 146 154 167 178 226 240 302 
 16 41 52 76 80 83 116 137 168 176 196 231 244 249 250 290 301 
 15 11 15 46 66 68 80 90 125 153 176 217 237 252 257 331 
 21 27 51 54 84 96 106 114 115 120 155 156 175 191 223 242 273 276 286 306 308 328 
 19 14 43 45 50 73 150 195 198 211 217 221 239 246 256 280 292 309 314 325 
 18 4 19 40 46 59 69 111 112 148 161 172 188 247 258 268 312 313 330 
 19 35 53 62 63 69 73 77 132 142 148 158 177 196 209 238 264 267 278 279 
 21 8 13 21 73 119 130 139 155 158 159 187 188 195 198 253 260 266 272 300 301 319 
 23 81 93 98 104 106 116 119 144 159 176 180 185 187 189 194 213 253 281 284 304 306 331 332 
 23 2 13 18 35 50 61 118 131 134 158 172 180 207 226 229 232 233 236 242 284 298 311 313 
 13 23 40 53 88 113 115 137 143 146 165 206 227 279 
 15 17 40 43 46 53 73 110 179 197 206 227 260 265 273 314 
 17 23 54 66 79 89 100 112 137 178 219 227 232 251 270 281 296 306 
 31 8 23 33 35 49 60 66 102 107 111 139 143 148 161 176 184 200 203 204 209 210 212 218 219 224 238 256 259 271 282 304 
 27 11 19 43 49 55 56 67 70 76 107 136 149 158 161 166 200 217 223 236 242 269 273 278 289 303 323 329 
 14 30 38 63 78 106 116 121 132 142 181 184 226 256 264 
 20 68 84 92 105 124 133 157 159 166 196 207 218 259 265 270 295 302 307 321 325 
 16 40 54 57 157 172 176 177 189 201 224 244 300 314 318 321 333 
 17 13 74 86 125 132 151 156 162 221 230 250 269 274 282 290 291 332 
 14 1 12 78 94 97 105 116 134 137 172 238 251 287 288 
 23 8 15 19 24 30 39 40 47 128 152 164 165 167 209 213 215 234 236 246 263 264 291 317 
 16 41 43 66 76 77 156 165 175 212 223 252 263 297 301 326 327 
 16 34 74 81 94 100 109 116 126 185 186 212 245 246 250 275 325 
 29 30 61 63 75 91 105 109 113 137 139 143 160 177 178 185 190 191 223 238 249 251 255 287 289 291 305 313 318 331 
 12 13 37 46 163 186 199 242 243 255 256 303 307 
 17 3 9 20 39 72 153 161 163 178 206 209 212 214 228 238 301 318 
 22 11 26 33 79 87 110 122 124 140 143 182 185 203 218 227 237 247 256 284 304 323 324 
 18 18 35 38 70 75 82 88 100 102 137 169 203 217 246 251 296 311 318 
 21 2 65 71 74 109 123 130 134 139 159 161 213 217 229 230 289 293 303 312 321 326 
 22 15 46 53 59 61 73 96 117 124 126 171 188 200 212 214 216 222 234 257 283 285 303 
 23 13 19 40 55 67 68 71 78 96 116 130 168 206 217 239 247 251 293 298 301 311 332 333 
 22 10 15 25 42 45 79 90 95 154 157 159 181 184 201 203 214 241 257 259 302 314 318 
 29 30 43 45 46 52 72 85 87 88 117 127 135 182 185 189 195 203 206 216 220 229 237 252 258 277 301 303 304 309 
 17 5 65 75 96 105 147 157 182 192 195 201 211 269 271 292 296 309 
 20 16 40 41 54 79 122 215 219 220 230 261 268 274 285 291 315 316 317 325 332 
 17 1 15 22 49 58 106 127 131 143 160 174 190 235 242 259 293 317 
 22 4 25 28 49 54 61 71 74 95 105 109 110 111 128 136 139 171 218 273 284 294 299 
 17 2 47 48 74 99 156 164 174 195 203 218 236 247 274 294 310 325 
 18 2 19 52 93 113 122 131 145 153 166 205 214 244 249 257 263 264 292 
 23 11 24 67 70 77 96 98 131 138 142 153 162 168 189 194 203 214 255 289 300 303 308 314 
 14 8 42 54 58 89 122 126 154 170 188 229 250 258 313 
 15 5 11 24 27 36 49 81 84 106 108 130 163 193 215 331 
 16 2 5 16 26 75 77 93 103 109 188 195 249 262 282 287 319 
 18 7 11 34 84 109 136 143 150 163 181 238 255 264 285 297 306 313 315 
 14 1 9 21 41 94 110 125 127 143 181 190 246 268 282 
 21 23 52 59 65 85 88 97 108 119 123 150 173 199 218 237 239 266 275 293 294 307 
 14 27 33 51 112 113 117 145 153 164 181 197 226 287 310 
 19 14 26 34 54 85 88 96 102 116 135 139 158 179 200 210 227 239 271 292 
 24 13 16 19 32 39 58 63 82 119 152 155 163 164 170 175 195 203 214 226 232 242 306 317 318 
 18 59 62 103 114 115 123 132 135 153 164 175 215 222 241 260 302 318 331 
 23 11 25 69 75 95 117 141 155 156 163 164 166 176 181 191 207 228 241 242 253 254 257 274 
 14 3 50 63 75 94 103 133 179 219 227 240 246 266 300 
 17 31 36 80 88 92 126 167 170 176 183 195 207 256 279 284 297 307 
 12 6 74 112 130 137 140 161 166 197 243 298 329 
 13 26 87 131 145 156 172 210 230 231 246 281 319 322 
 22 7 22 49 106 135 147 188 205 208 226 233 236 243 271 285 291 307 313 316 319 325 329 
 15 36 56 80 90 123 135 149 163 164 178 187 287 304 306 325 
 17 16 24 37 76 106 109 114 150 192 229 244 251 272 285 296 313 331 
 25 56 61 62 70 75 90 112 135 140 146 177 189 203 208 209 212 229 231 276 277 280 288 306 324 328 
 18 15 17 53 115 134 177 183 195 203 209 212 214 222 224 265 273 299 326 
 19 8 35 44 88 105 123 124 131 148 174 176 182 200 216 218 283 306 317 327 
 22 9 19 27 34 42 43 46 64 87 222 237 238 239 257 271 272 275 288 300 314 324 333 
 20 5 11 17 30 63 69 81 91 101 130 136 141 169 171 181 212 224 266 267 279 
 23 10 34 62 87 97 109 196 204 213 221 230 235 237 243 266 269 280 282 284 291 297 303 332 
 26 3 18 43 60 83 102 130 138 146 152 153 168 179 197 200 206 210 217 224 275 291 295 296 299 330 331 
 24 43 52 107 119 121 122 140 142 152 169 179 182 206 227 240 245 251 255 264 284 285 307 316 326 
 21 48 86 90 104 106 123 151 158 167 184 195 254 270 273 289 292 293 307 308 314 332 
 13 4 13 24 27 65 98 167 179 202 249 258 267 291 
 17 79 88 94 133 143 158 178 206 212 219 225 248 268 269 276 303 324 
 18 5 21 25 29 64 112 167 172 177 210 220 227 230 260 279 302 310 325 
 19 31 37 43 61 73 74 101 103 142 168 177 195 199 214 240 291 296 304 324 
 19 12 40 50 59 93 129 163 176 204 209 213 215 236 251 268 270 292 311 322 
 21 39 48 55 58 59 94 113 149 155 158 187 207 212 213 214 217 220 223 230 256 295 
 23 48 69 103 104 105 140 142 147 155 194 195 203 213 225 229 247 253 264 268 278 300 320 325 
 19 30 67 77 87 92 125 155 166 193 199 227 236 237 276 291 302 307 314 322 
 23 31 62 65 66 67 77 87 103 112 154 162 169 174 204 223 233 255 256 260 262 290 297 300 
 20 13 20 39 53 56 88 141 148 177 181 188 208 221 244 269 286 304 309 313 316 
 18 8 37 49 54 107 141 164 166 176 186 205 215 253 260 262 271 274 309 
 16 1 2 19 26 32 69 115 130 163 201 215 247 249 258 319 327 
 16 39 77 84 114 133 134 153 155 161 173 219 279 287 310 317 333 
 26 1 17 44 46 66 77 86 94 99 105 106 124 158 162 166 169 206 211 212 221 228 231 261 272 281 325 
 20 3 22 57 93 113 140 182 184 195 218 219 253 254 264 274 284 299 319 322 333 
 15 42 51 61 90 93 102 107 158 164 169 231 271 279 290 324 
 16 17 26 30 36 50 52 84 115 127 131 140 191 261 298 330 332 
 23 37 39 73 81 91 116 117 150 157 158 172 178 192 196 198 209 214 244 270 272 302 321 332 
 20 11 24 35 36 83 128 130 159 166 173 178 190 192 207 212 248 252 286 313 328 
 22 3 18 19 27 64 81 114 124 135 158 161 172 189 203 206 210 212 240 248 262 282 315 
 18 16 50 96 122 164 172 184 196 210 243 249 255 274 277 292 300 320 323 
 22 19 38 54 71 87 96 124 129 138 176 178 183 189 192 202 205 217 246 254 256 293 326 
 12 8 21 82 168 191 192 204 242 259 263 270 295 
 20 10 34 38 59 69 78 80 85 123 159 160 197 210 242 243 245 255 264 278 297 
 25 6 11 30 91 104 118 121 129 131 141 155 187 195 197 207 226 230 244 249 259 261 263 270 322 326 
 16 9 45 46 48 57 76 77 99 162 193 212 213 219 284 296 299 
 17 37 79 85 93 119 127 136 141 165 168 174 196 207 222 238 264 281 
 23 11 24 28 40 58 78 79 84 89 95 118 123 140 144 146 154 227 240 248 256 280 287 298 
 17 1 29 43 47 53 59 67 132 147 148 155 162 182 198 289 307 319 
 21 11 16 17 22 61 81 86 111 125 132 162 168 174 176 184 211 216 274 292 316 317 
 17 15 20 31 58 82 136 138 141 142 152 169 196 209 277 294 306 322 
 14 9 25 97 119 152 156 163 216 217 275 282 284 291 313 
 16 18 41 49 112 144 157 172 212 215 217 265 268 275 285 297 325 
 29 2 16 44 46 65 76 102 105 113 139 156 162 163 170 174 185 186 188 195 212 215 217 243 248 250 257 259 271 279 
 18 3 10 30 41 93 105 173 184 222 228 237 239 249 263 303 321 325 327 
 17 2 15 32 37 69 85 115 122 146 156 164 179 187 266 305 322 329 
 13 27 39 73 79 139 165 199 266 278 281 289 307 326 
 18 27 55 100 101 116 160 170 207 208 222 226 230 234 238 250 296 302 328 
 19 25 27 28 36 39 109 110 114 119 188 207 220 237 242 252 256 274 278 320 
 15 1 13 25 53 62 112 171 177 186 239 249 252 264 270 300 
 26 19 23 31 35 36 38 49 56 62 71 77 80 81 93 107 127 143 152 175 227 236 251 275 289 322 333 
 22 3 16 19 37 72 75 79 89 105 130 137 144 168 173 189 195 221 243 267 271 299 304 
 21 1 20 30 33 54 108 117 121 142 149 191 196 209 210 223 259 274 314 319 327 331 
 22 19 32 56 110 116 152 167 176 185 200 204 206 216 240 263 265 272 284 297 316 326 329 
 20 5 13 51 60 62 64 102 121 160 163 170 207 209 259 266 273 277 284 305 321 
 14 63 64 83 94 130 141 167 240 241 261 267 271 307 315 
 14 39 49 159 160 163 208 249 253 254 261 274 306 318 324 
 18 10 20 25 30 31 34 82 97 120 128 157 174 188 199 205 226 231 270 
 18 49 51 57 74 79 110 121 148 169 176 216 223 228 261 267 287 317 332 
 23 7 15 20 30 55 58 67 82 92 132 172 173 188 190 239 257 260 266 269 318 324 328 329 
 17 20 22 34 47 68 84 85 94 176 184 197 237 242 246 266 329 334 
 15 8 14 26 30 56 90 109 132 163 178 183 227 273 300 322 
 17 15 47 51 74 77 105 106 111 125 132 203 212 255 267 268 281 317 
 21 33 41 46 70 89 109 116 123 147 158 178 180 192 203 211 233 246 250 285 303 308 
 20 10 25 47 58 84 99 138 145 149 176 180 209 212 213 226 264 265 313 327 333 
 20 12 26 30 45 74 117 127 135 161 163 187 199 210 225 250 259 280 286 305 313 
 20 28 71 94 99 109 117 125 138 146 156 157 161 168 185 230 267 273 282 310 318 
 19 9 21 25 30 32 35 36 81 85 99 133 147 164 165 233 286 293 325 329 
 24 5 23 24 49 58 73 99 100 128 129 130 152 174 187 205 228 239 255 281 284 303 308 309 315 
 19 9 19 38 75 78 93 109 124 139 142 164 209 218 252 279 290 302 320 323 
 35 5 7 11 17 19 26 42 55 58 91 98 120 131 141 145 150 152 168 171 188 195 208 222 242 243 255 258 265 277 279 307 310 313 323 331 
 14 1 6 24 50 54 120 192 204 213 218 224 243 308 316 
 20 6 32 38 51 88 97 110 153 155 169 185 203 212 231 247 280 316 320 323 330 
 21 21 33 37 70 72 102 117 130 149 156 158 165 173 185 186 190 195 248 253 265 289 
 18 7 8 19 63 79 102 106 115 119 120 158 169 177 239 262 301 313 314 
 24 5 28 30 31 35 38 84 87 122 124 131 140 152 181 198 242 246 262 264 266 304 306 317 326 
 18 1 25 36 44 95 107 140 153 165 173 187 221 222 242 257 285 293 323 
 24 10 32 63 64 72 76 85 95 112 131 132 153 182 191 230 236 252 289 302 310 313 322 326 331 
 33 8 14 15 16 17 31 34 37 49 50 75 106 113 123 128 140 159 164 166 171 177 184 213 218 219 244 258 270 282 284 315 317 318 
 19 42 52 69 105 126 129 131 141 158 170 209 213 237 239 254 288 320 327 328 
 18 10 31 34 48 61 80 93 112 154 173 191 209 235 237 259 285 293 297 
 14 24 30 31 37 112 133 144 174 200 220 238 272 273 298 
 21 21 45 46 52 58 95 119 142 157 187 191 225 227 229 246 255 277 289 290 317 324 
 18 6 9 27 59 66 93 99 179 183 185 219 232 249 278 284 302 305 322 
 23 1 2 13 36 43 50 55 63 86 87 104 119 128 135 179 234 237 243 304 315 325 331 332 
 29 1 28 45 50 62 67 73 95 96 103 115 118 131 133 146 148 152 168 170 186 188 193 196 204 211 282 290 317 327 
 25 7 23 44 62 77 122 129 131 138 141 149 163 165 172 178 195 218 219 234 242 265 313 317 328 331 
 9 134 139 149 177 192 218 237 238 323 
 17 1 6 20 34 49 87 113 181 189 190 214 230 243 260 285 289 291 
 16 28 38 45 64 100 105 114 186 216 275 277 281 282 285 321 333 
 22 1 7 37 39 50 57 64 87 173 180 188 196 213 220 223 224 241 249 260 264 293 325 
 15 9 14 28 84 145 160 165 172 199 221 240 245 270 321 326 
 29 1 13 21 31 44 77 125 130 132 137 149 161 164 172 178 187 191 201 204 219 230 234 258 284 292 298 302 319 331 
 21 40 90 134 138 146 148 151 175 192 208 228 233 238 249 264 278 285 293 297 311 318 
 20 6 17 66 67 94 97 98 106 118 119 145 173 190 206 218 240 253 284 325 327 
 20 44 49 55 66 109 113 130 140 145 147 179 187 201 229 234 239 260 270 312 315 
 19 13 20 25 45 78 116 119 145 176 193 209 217 218 222 223 230 247 284 311 
 25 26 39 42 58 65 69 81 100 103 112 119 162 192 195 199 210 227 228 236 243 290 301 306 314 330 
 21 14 19 29 41 44 46 47 61 98 112 129 139 168 176 205 217 233 240 251 255 314 
 17 4 20 40 84 88 107 109 114 116 121 173 198 201 226 274 297 300 
 22 5 8 16 41 43 49 55 69 108 122 134 147 150 169 177 214 251 260 261 292 295 296 
 13 14 17 64 69 118 127 192 198 205 239 265 317 331 
 14 17 58 71 115 120 123 130 145 162 191 218 232 246 299 
 17 4 10 34 97 134 138 139 141 182 204 223 254 256 258 292 298 333 
 19 3 60 62 68 70 72 80 106 112 141 183 210 220 235 238 240 246 302 311 
 25 49 55 61 66 70 105 108 122 124 125 127 140 144 167 175 193 231 234 240 251 253 255 259 294 318 
 17 60 70 73 87 93 99 140 142 177 206 304 305 308 313 319 322 325 
 21 35 42 47 50 83 85 101 107 135 164 182 188 196 203 228 233 252 257 283 294 305 
 19 2 14 21 42 62 63 79 93 168 174 197 208 226 242 259 284 288 317 328 
 16 40 50 51 66 137 155 156 177 180 195 242 279 283 306 313 320 
 19 18 24 38 79 80 82 119 140 141 151 154 161 190 249 250 252 303 310 332 
 14 8 73 92 99 117 118 163 176 201 220 223 251 264 305 
 22 41 50 65 82 137 158 159 165 207 211 214 215 242 249 262 283 292 293 294 307 320 324 
 17 44 53 83 91 120 145 162 188 223 226 235 241 243 287 317 328 330 
 19 42 70 74 93 106 124 129 136 155 188 222 234 239 260 270 280 281 282 324 
 20 11 53 79 97 105 131 140 143 168 169 175 193 204 217 223 265 271 274 285 300 
 21 16 51 60 70 73 97 98 105 134 139 152 176 184 216 221 231 258 259 273 315 329 
 22 32 38 56 60 69 86 97 110 128 177 179 194 202 209 226 229 234 250 274 303 305 325 
 23 26 33 37 58 67 68 81 98 108 112 128 153 158 161 173 203 211 220 224 230 277 286 300 
 14 1 64 93 131 146 193 210 248 278 284 310 317 326 327 
 23 13 29 30 32 70 73 89 116 124 129 163 174 215 217 219 233 244 256 259 280 283 309 316 
 20 10 12 26 39 99 117 134 136 145 146 151 158 159 169 174 203 229 231 240 259 
 16 12 27 31 53 93 133 164 173 194 205 223 228 236 250 267 269 
 16 55 60 107 130 144 148 160 170 180 200 223 235 255 263 290 303 
