 200 334
 3 3 3 4 6 6 8 9 11 12 12 13 15 16 18 18 21 21 21 21 22 24 24 26 27 27 27 30 30 30 30 30 30 32 33 33 35 36 36 37 39 39 39 42 42 42 44 45 45 45 48 48 48 49 51 51 51 54 54 54 56 57 57 58 60 60 62 63 63 64 66 66 68 69 69 70 72 73 75 75 77 78 78 78 81 81 83 84 84 87 87 87 87 89 90 91 93 93 95 96 96 96 99 99 99 99 102 102 102 102 105 105 105 106 108 108 109 111 111 114 114 117 117 117 117 120 120 122 124 126 126 126 126 129 129 132 132 132 134 135 135 135 137 138 138 138 140 141 141 141 141 143 144 144 144 147 147 147 148 150 150 150 150 153 153 153 154 156 158 159 159 162 162 163 165 165 165 168 168 169 171 171 174 174 174 177 177 177 177 177 180 180 180 180 180 180 182 183 183 183 185 186 186 186 189 189 189 192 192 192 193 195 195 195 195 197 198 198 198 200 201 201 201 203 204 204 205 207 207 207 208 210 210 213 213 214 216 216 216 218 219 219 219 222 223 225 225 227 228 230 231 231 231 234 234 235 237 237 237 240 240 240 240 241 243 243 243 244 246 246 246 246 248 249 249 249 250 252 252 252 252 255 256 258 258 258 260 261 261 261 264 264 264 265 267 267 267 270 270 270 270 273 273 273 275 276 276 278 279 281 282 282 282 285 285 286 288 288 288 291 291 291 292 294 294 295 297 297 297 297 300 300 300 100 
 19 7 32 33 72 74 96 103 117 139 144 156 197 208 216 249 257 273 291 333 
 15 3 17 37 56 76 99 110 134 135 170 224 241 248 283 291 
 23 3 7 23 34 44 51 59 86 138 178 187 199 244 256 277 284 286 287 289 296 300 302 310 
 11 90 128 144 210 212 260 269 271 283 302 326 
 20 28 68 72 87 93 104 105 147 186 188 221 237 259 260 262 276 282 300 304 310 
 17 29 41 67 74 75 99 140 150 167 230 236 266 278 279 293 303 324 
 20 8 17 30 54 66 70 71 85 123 124 127 141 145 153 223 236 240 252 256 329 
 22 3 7 47 51 55 62 76 81 100 113 139 146 172 206 228 248 262 277 305 326 327 332 
 27 9 11 35 38 44 48 57 68 70 91 100 101 118 123 136 146 149 156 181 209 242 255 286 292 313 318 320 
 21 3 30 42 63 87 117 120 144 147 158 178 199 250 261 276 306 308 310 313 317 321 
 23 12 14 52 70 71 77 78 92 112 123 128 144 165 183 218 256 259 264 277 281 305 309 327 
 25 6 15 18 26 46 70 86 93 109 123 144 151 173 175 189 191 202 220 225 232 255 257 258 312 320 
 25 25 28 58 71 82 90 120 126 128 145 153 208 212 213 235 240 246 260 265 294 295 309 315 319 329 
 14 10 22 58 66 109 122 136 162 168 185 186 305 316 322 
 19 2 18 41 73 78 83 86 112 131 140 147 153 199 224 239 240 284 298 300 
 19 9 22 38 54 75 91 94 99 100 112 161 242 249 260 271 276 291 296 307 
 17 3 25 69 70 112 131 143 162 168 191 216 235 266 269 284 290 315 
 24 2 10 34 53 68 99 100 103 122 126 130 136 166 174 179 220 241 257 270 286 305 312 316 328 
 18 37 61 71 85 121 132 155 183 208 209 230 237 319 320 322 330 331 332 
 15 7 95 108 118 123 140 149 156 203 208 218 241 246 262 284 
 20 6 25 27 35 48 51 114 144 156 160 175 183 184 185 188 189 208 216 254 262 
 24 1 3 27 37 45 52 63 77 89 93 107 150 151 161 167 168 186 188 220 243 249 315 321 326 
 19 2 9 13 44 58 75 89 114 117 123 132 172 173 244 258 273 274 282 299 
 26 8 24 25 34 55 62 68 98 115 118 122 131 170 186 187 190 199 224 238 254 255 256 290 300 305 324 
 21 7 21 24 64 80 88 134 137 139 152 158 167 177 195 202 207 219 234 254 291 325 
 17 6 54 94 96 114 139 179 187 194 221 240 251 267 271 278 314 327 
 33 2 21 24 35 36 41 47 48 51 116 159 165 172 176 178 185 186 187 197 215 216 223 224 246 247 250 255 265 273 275 278 307 318 
 16 25 30 46 66 107 111 146 153 180 202 212 232 234 295 304 308 
 20 7 28 41 46 78 81 88 105 132 143 147 150 189 197 219 227 235 268 282 300 
 16 1 17 39 55 67 68 73 96 115 176 187 190 269 273 279 310 
 26 2 18 48 55 61 70 71 92 104 107 121 141 148 156 173 175 183 194 219 221 246 272 274 293 310 313 
 20 7 8 28 49 100 113 120 167 169 173 213 214 252 257 258 261 268 275 291 331 
 20 17 25 44 52 58 59 73 80 82 134 157 174 176 192 231 251 264 269 270 305 
 17 17 26 31 42 98 117 124 127 130 166 167 194 198 234 243 257 294 
 13 37 68 75 81 93 117 181 235 241 284 301 327 329 
 18 9 58 62 70 91 118 126 152 157 179 256 263 277 279 283 310 313 327 
 29 58 60 67 79 92 94 99 101 103 107 108 111 124 142 165 172 189 228 229 255 257 267 273 308 312 317 324 327 332 
 26 5 24 43 52 58 68 79 118 131 132 140 181 203 216 237 241 248 252 263 279 281 284 294 308 325 332 
 18 6 18 29 47 58 112 132 143 167 173 175 184 197 233 238 245 270 294 
 20 15 17 36 53 54 85 97 101 105 111 137 186 208 214 230 273 282 298 311 321 
 21 49 90 97 105 107 116 122 129 135 147 160 164 169 203 205 221 224 232 245 276 291 
 23 13 20 36 83 98 111 115 129 145 158 163 172 176 182 186 201 216 240 284 295 306 320 321 
 14 49 67 100 138 150 158 209 218 240 255 262 273 297 319 
 24 12 34 35 48 51 60 65 77 78 117 128 131 136 181 188 212 244 256 265 285 310 322 326 328 
 17 7 17 36 37 38 45 95 217 234 251 254 260 265 276 295 303 308 
 17 11 17 23 52 64 105 107 148 166 171 199 214 265 270 272 289 311 
 26 1 12 29 63 72 78 83 111 121 125 150 155 168 198 205 211 222 236 247 271 278 286 299 306 324 328 
 18 5 9 41 61 79 90 111 120 124 136 157 158 162 172 187 200 260 306 
 21 10 13 37 40 44 90 103 130 141 147 159 170 186 225 239 266 274 288 309 314 327 
 23 17 54 59 65 78 87 91 114 116 168 172 193 212 219 220 224 249 256 273 291 302 308 314 
 18 5 24 33 47 48 81 109 118 160 176 196 220 253 256 261 285 298 324 
 19 27 28 41 58 62 76 79 93 174 186 194 220 244 275 282 294 302 314 320 
 18 9 28 65 95 126 168 178 213 242 249 265 270 273 296 301 302 307 331 
 20 21 28 48 71 94 111 121 126 133 142 150 160 166 179 225 260 261 297 311 333 
 20 16 29 77 80 95 103 108 119 147 161 198 212 237 244 254 255 257 296 311 326 
 20 11 76 82 101 102 104 106 136 152 156 161 164 165 172 180 183 206 216 292 331 
 16 17 21 48 60 62 64 87 124 140 144 171 176 180 201 202 211 
 21 11 21 38 111 139 157 178 200 201 208 219 222 250 274 276 277 302 306 326 331 332 
 25 4 14 24 44 47 67 68 76 147 169 173 178 191 213 218 241 244 246 260 263 266 269 275 277 295 
 18 6 24 66 86 94 98 108 120 178 186 209 219 240 247 253 281 287 298 
 21 7 31 32 38 45 51 53 54 66 101 130 132 164 166 169 224 228 265 273 312 319 
 18 3 37 42 81 82 84 138 142 157 182 193 208 210 246 248 255 260 294 
 28 5 16 19 35 38 39 46 89 100 115 120 157 160 177 187 191 208 243 249 250 267 275 284 286 302 321 328 331 
 24 4 5 10 19 29 49 75 83 97 133 179 198 200 214 225 227 257 258 266 274 283 295 303 333 
 21 22 60 69 74 114 124 126 139 161 183 186 192 195 205 245 264 296 305 311 314 316 
 28 20 24 28 52 85 92 96 98 104 129 130 136 143 148 149 156 160 165 178 182 195 240 255 257 268 274 320 333 
 21 5 41 43 60 65 109 149 172 174 194 206 231 250 268 277 278 288 290 302 303 334 
 26 14 32 35 46 120 122 130 160 170 171 186 189 195 209 231 233 241 251 270 274 285 302 313 317 318 325 
 12 97 116 140 170 180 188 198 208 260 267 307 331 
 23 21 24 39 47 77 81 122 136 153 154 163 164 180 190 226 240 262 268 269 271 320 327 329 
 18 18 23 49 54 62 105 108 109 159 173 175 184 197 216 227 250 273 285 
 21 5 26 29 44 45 55 74 109 116 164 167 175 192 217 232 237 264 282 302 318 331 
 17 29 51 55 73 114 139 166 234 237 241 260 264 267 279 285 299 314 
 18 44 61 73 107 118 121 145 166 174 192 199 219 227 228 234 257 288 298 
 21 16 18 19 56 118 121 126 168 185 193 212 234 238 248 265 267 279 290 305 306 313 
 16 27 37 69 87 112 122 168 189 218 220 226 260 285 302 305 332 
 22 8 15 21 50 59 64 68 80 87 135 166 171 201 208 218 228 238 245 249 273 285 324 
 16 44 90 108 122 134 170 192 210 219 232 240 261 298 299 301 332 
 19 35 44 58 88 124 139 145 172 184 200 239 247 262 281 290 304 320 322 331 
 17 19 31 43 63 89 121 157 161 179 227 238 287 300 310 311 320 323 
 15 53 101 115 148 159 168 188 238 249 261 277 295 298 324 327 
 16 29 41 50 96 103 140 205 210 218 237 246 250 259 291 297 303 
 23 6 12 25 64 74 96 97 103 111 119 131 143 153 174 175 204 220 234 254 256 287 292 329 
 22 20 37 57 58 63 79 126 142 148 184 209 217 224 236 256 269 276 283 291 299 317 332 
 18 32 53 59 94 96 112 201 204 228 236 245 271 282 289 296 305 319 322 
 19 21 26 32 52 59 91 103 115 133 141 175 185 217 230 234 249 277 288 323 
 25 18 56 83 117 122 123 128 148 149 156 176 184 193 215 224 237 258 267 280 284 291 292 302 330 332 
 28 15 20 23 25 39 40 51 80 81 99 102 121 122 130 134 164 165 184 202 214 229 236 242 244 256 269 300 320 
 19 9 10 22 44 62 74 92 127 145 148 173 191 206 208 245 248 279 316 328 
 13 49 74 87 124 142 149 154 169 183 190 216 277 317 
 24 2 13 41 61 63 67 71 76 82 84 109 113 137 143 145 160 175 179 204 239 278 295 317 323 
 22 37 46 48 61 81 95 116 144 170 180 199 202 205 217 232 238 250 267 299 308 312 323 
 25 28 35 53 78 90 98 99 113 120 123 137 144 162 169 187 224 232 257 258 266 271 278 284 307 317 
 14 23 73 103 105 114 117 154 167 237 242 281 293 318 331 
 14 4 13 21 22 83 125 164 205 243 265 266 324 332 334 
 25 2 5 15 24 44 71 97 134 135 156 159 175 197 213 220 229 258 260 266 278 284 289 299 309 324 
 20 11 27 65 72 74 129 148 168 181 184 197 228 234 254 263 287 293 301 303 320 
 24 36 45 46 49 71 80 112 117 129 143 152 153 154 165 166 174 186 187 193 198 221 230 287 300 
 22 2 12 27 39 58 76 93 99 107 131 133 151 156 192 200 226 227 242 264 288 305 318 
 14 14 15 41 58 88 114 147 176 210 229 254 270 289 317 
 16 1 49 57 58 79 131 173 179 183 214 224 252 264 273 274 295 
 22 14 19 28 43 74 81 105 118 137 139 144 150 153 175 179 187 199 234 249 277 287 298 
 21 4 28 52 61 62 69 87 120 123 125 157 183 200 204 213 222 223 228 320 328 329 
 25 5 34 66 74 84 97 103 111 114 119 125 142 149 153 171 172 177 209 235 239 247 260 288 321 326 
 18 1 63 67 113 118 137 138 197 211 234 236 241 267 277 280 287 308 327 
 16 94 102 115 120 128 140 170 186 188 208 214 221 245 288 300 305 
 20 24 28 38 47 79 86 103 181 215 228 229 245 273 276 279 281 288 291 311 322 
 21 4 17 21 50 71 92 95 108 112 159 160 201 204 205 234 235 268 288 302 318 333 
 14 64 90 99 104 112 122 131 135 165 176 201 203 244 274 
 23 25 28 35 58 87 98 116 130 152 154 161 167 176 202 205 212 224 245 251 260 269 287 328 
 19 1 37 48 52 112 119 125 137 146 152 153 228 248 258 267 268 286 305 327 
 13 4 22 23 35 55 70 109 120 191 223 253 256 326 
 21 7 21 37 39 60 73 127 130 147 149 159 164 169 191 211 225 235 258 298 312 320 
 18 1 3 17 29 58 72 113 114 125 148 154 176 185 261 279 292 299 324 
 12 8 9 11 30 40 88 102 157 164 246 248 312 
 15 25 26 50 51 62 73 93 121 134 146 169 175 221 259 283 
 20 12 35 38 63 67 85 86 108 118 128 144 145 164 183 191 221 224 248 275 288 
 16 4 10 46 56 60 76 98 104 119 134 149 153 166 187 226 295 
 18 1 78 94 100 130 136 152 181 205 211 237 246 266 274 278 305 306 323 
 22 18 22 25 27 61 77 98 108 151 183 207 227 228 237 244 250 254 256 275 287 307 314 
 21 1 10 45 54 64 74 82 96 112 113 129 169 183 198 205 207 241 266 291 298 309 
 16 2 66 120 123 132 134 178 205 210 212 225 227 273 285 317 326 
 20 6 18 22 38 50 62 74 78 79 110 113 122 124 148 170 181 212 259 312 321 
 15 42 43 56 92 108 132 153 157 179 236 238 256 303 323 327 
 16 10 25 77 81 86 96 127 162 165 193 224 237 243 266 271 306 
 23 5 8 39 51 52 59 84 88 95 122 127 139 146 178 201 251 257 278 289 298 299 318 321 
 22 2 21 23 29 30 35 61 90 105 122 126 131 137 171 186 209 223 233 242 244 269 310 
 21 20 61 122 138 141 145 159 161 169 172 178 192 205 213 228 239 258 271 280 292 308 
 23 19 35 56 65 74 84 111 120 134 135 173 175 177 205 208 209 222 225 236 237 241 254 327 
 21 7 9 13 31 34 45 46 50 99 104 111 136 160 181 185 193 202 229 243 279 333 
 22 4 22 54 63 72 120 126 141 159 163 164 183 188 191 209 222 234 236 261 280 283 306 
 20 32 34 57 59 64 99 112 118 123 134 145 169 170 176 224 226 260 264 312 316 
 21 2 5 12 29 40 55 79 88 104 116 141 147 164 167 178 186 208 260 261 277 311 
 13 28 86 104 136 167 196 211 213 246 254 293 300 317 
 18 33 70 80 88 90 112 115 122 150 182 201 230 237 255 274 292 309 313 
 22 9 26 29 31 36 42 97 102 111 144 147 158 162 163 171 174 191 199 202 209 284 325 
 23 14 30 52 77 82 88 97 104 111 113 122 173 175 198 207 209 213 244 248 287 307 311 333 
 21 18 61 77 79 87 98 104 111 137 138 152 168 183 191 221 242 254 260 279 302 322 
 22 1 13 18 22 34 42 51 57 70 90 91 130 149 153 160 165 181 194 237 259 268 323 
 13 9 24 116 143 163 168 201 233 236 280 297 308 332 
 24 6 12 21 24 28 65 80 90 104 141 164 201 203 212 213 228 232 236 238 253 274 288 314 327 
 26 3 5 14 24 26 44 58 69 80 109 142 148 160 169 193 206 242 244 254 269 278 282 310 314 319 327 
 18 13 20 51 61 94 120 126 141 165 172 194 211 218 220 224 240 291 314 
 11 55 91 113 131 143 192 232 250 251 332 333 
 19 2 10 24 85 100 151 152 160 175 201 202 205 225 238 241 257 275 298 300 
 13 22 30 47 62 78 177 185 213 220 271 297 314 328 
 22 17 48 49 90 106 117 143 156 172 195 210 216 224 229 234 278 282 285 294 315 329 331 
 24 28 29 32 87 100 103 140 146 148 162 163 168 197 202 212 242 246 254 275 290 299 302 317 324 
 15 19 59 90 106 107 129 143 161 197 198 206 268 289 314 315 
 17 7 23 28 30 36 40 65 85 86 128 141 187 220 247 287 306 331 
 18 27 33 48 61 87 103 124 133 139 149 150 162 164 201 225 240 249 269 
 19 34 74 77 98 108 152 166 206 211 236 251 262 276 278 307 311 325 327 332 
 21 22 30 41 70 103 135 140 141 143 148 165 176 194 210 234 254 259 273 306 311 315 
 18 7 34 39 47 55 58 76 91 95 134 152 174 218 226 227 247 279 285 
 12 42 71 75 123 152 154 204 220 301 312 317 331 
 17 1 62 81 112 134 136 143 150 152 156 197 206 213 257 259 288 321 
 21 7 80 85 114 125 130 136 140 144 164 173 183 186 188 211 222 229 250 263 270 283 
 17 6 8 22 60 76 80 87 126 137 140 143 195 200 208 212 214 268 
 19 10 33 38 45 90 107 111 116 151 156 164 169 175 231 257 272 275 296 325 
 14 8 11 51 65 66 76 103 104 131 164 167 190 237 258 
 19 30 51 56 69 164 205 235 258 270 274 280 282 292 302 308 311 316 324 334 
 19 56 89 111 146 153 161 167 178 191 201 229 235 244 251 267 275 309 327 333 
 18 7 26 30 34 59 73 75 107 143 160 179 228 244 251 259 260 279 298 
 21 3 14 34 48 108 114 129 131 135 148 152 153 208 212 221 222 232 237 288 303 306 
 10 4 5 47 112 133 153 203 298 313 331 
 17 29 41 79 106 107 117 120 128 138 144 173 196 221 227 239 273 299 
 24 1 45 64 72 105 107 122 152 160 174 178 181 183 216 217 221 233 234 263 268 282 289 298 328 
 21 81 92 97 106 109 113 117 119 147 157 160 188 243 252 258 265 287 292 311 316 331 
 21 17 40 58 106 132 166 178 180 202 223 270 271 276 279 280 285 291 314 321 324 330 
 22 40 41 48 63 81 108 110 113 115 116 130 186 213 222 229 248 261 273 274 286 299 317 
 22 17 24 34 51 55 58 63 78 94 115 142 159 187 212 220 270 278 283 293 299 330 331 
 21 29 44 87 88 91 97 127 154 155 179 193 198 209 210 235 280 287 310 311 325 328 
 27 6 26 27 47 71 85 108 111 115 119 134 153 155 185 192 193 194 217 233 241 244 265 272 306 309 311 314 
 23 13 28 30 42 47 48 67 77 95 98 100 102 114 139 154 159 177 202 230 237 283 319 321 
 17 2 4 12 29 72 73 121 134 152 155 159 178 191 202 205 244 274 
 13 5 7 14 30 73 82 85 170 252 255 275 296 323 
 13 13 29 38 40 50 90 101 147 211 228 283 304 316 
 21 2 69 85 103 123 127 128 139 157 158 172 177 201 204 205 240 248 268 272 310 314 
 29 1 12 15 45 77 79 81 87 95 101 112 119 124 137 139 142 147 153 196 203 218 225 237 238 246 280 281 310 323 
 20 1 8 10 17 62 68 69 85 91 115 116 134 168 169 220 222 224 271 302 328 
 19 15 18 36 45 55 88 100 103 155 158 174 175 212 224 235 245 280 306 322 
 22 1 31 61 94 107 115 126 130 135 160 186 211 220 235 250 270 278 284 308 320 321 325 
 22 31 35 42 51 66 73 111 113 119 143 173 199 217 261 269 284 289 315 316 317 318 331 
 14 57 59 71 77 93 103 134 209 240 247 264 282 310 312 
 24 23 34 75 88 91 95 104 123 126 134 149 170 172 184 207 210 231 261 274 279 299 300 313 327 
 25 13 21 47 50 54 75 86 97 105 115 129 146 163 181 191 198 220 226 232 266 290 299 308 318 327 
 22 11 13 20 25 63 69 118 120 127 128 141 163 179 184 190 191 239 255 283 284 324 331 
 20 17 18 30 44 79 82 83 115 118 129 154 165 196 215 269 274 280 281 282 328 
 22 1 20 22 23 59 85 114 120 125 126 139 156 171 178 180 203 212 229 237 241 257 315 
 22 36 41 42 73 89 107 116 117 123 162 179 182 186 191 226 231 249 257 261 298 304 317 
 15 10 37 65 67 73 97 128 149 156 165 166 172 189 217 278 
 27 28 31 34 40 43 44 45 47 49 60 62 64 67 93 107 125 128 137 161 178 205 206 207 213 294 312 318 
 17 47 49 84 92 120 128 140 160 192 201 202 208 215 222 236 272 320 
 25 19 29 55 62 105 113 130 136 137 161 164 165 187 206 217 225 254 255 257 261 265 282 283 289 321 
 26 5 9 45 60 61 67 79 97 104 119 146 160 170 175 192 198 214 216 217 248 252 269 283 307 326 331 
 20 9 26 61 68 91 115 122 132 144 157 159 181 193 231 236 238 260 282 283 326 
 18 28 42 81 136 161 174 199 216 226 235 259 265 267 272 282 308 313 323 
 21 19 32 33 97 110 111 124 145 149 156 180 186 187 203 218 219 229 247 278 282 298 
 16 24 43 92 106 110 165 197 217 230 235 244 251 260 274 278 303 
 27 8 9 16 34 53 58 59 60 89 99 101 103 115 117 177 184 203 217 218 228 243 256 276 303 316 320 328 
