 200 334
 3 3 3 3 6 6 6 6 9 9 9 9 9 10 12 12 14 15 15 18 18 20 21 21 21 21 21 22 24 24 24 24 27 27 27 30 30 32 33 33 33 33 33 34 36 36 39 39 39 42 42 42 43 45 45 45 45 48 48 48 51 51 51 54 54 55 57 57 60 60 60 61 63 63 66 66 66 68 69 69 72 72 73 75 75 75 78 78 78 80 81 81 83 84 84 84 84 87 87 87 90 90 91 93 93 93 95 96 96 96 96 99 99 99 99 101 102 104 105 105 106 108 108 108 109 111 111 112 114 114 114 114 115 117 117 120 120 120 122 123 123 123 124 126 126 126 126 129 129 132 132 132 132 134 136 138 138 138 141 141 141 141 141 143 144 144 144 146 147 147 148 150 150 152 153 153 153 156 158 159 159 161 162 165 165 165 165 165 167 168 168 171 173 174 174 177 177 177 177 177 180 180 180 180 182 183 183 184 186 186 186 186 188 189 189 189 192 192 193 195 195 195 195 197 198 198 199 201 201 201 203 204 206 207 207 207 207 208 210 210 210 212 213 213 215 216 216 216 218 219 219 221 222 222 224 225 225 228 228 228 230 231 231 232 234 234 234 237 237 237 238 240 240 240 241 243 243 243 243 245 246 246 248 249 250 252 252 253 255 255 255 256 258 258 261 261 261 262 264 264 264 264 267 267 267 270 270 270 271 273 276 276 278 279 280 282 282 285 285 286 288 288 289 291 292 294 294 294 297 297 297 300 300 100 
 25 22 27 39 44 47 58 59 86 93 97 99 140 143 169 180 212 222 227 236 261 276 286 300 326 328 
 23 1 9 26 46 48 55 69 70 71 80 90 112 122 131 226 232 241 244 275 281 296 308 317 
 23 9 11 78 84 107 122 132 159 165 176 210 215 224 233 238 262 269 288 309 310 317 318 332 
 15 22 42 53 74 83 91 101 118 119 125 129 222 268 289 307 
 23 2 30 59 69 70 83 94 129 130 133 136 176 184 188 250 259 282 285 291 300 310 329 333 
 22 4 24 50 55 82 94 112 117 134 154 168 197 205 208 243 254 263 268 289 303 313 330 
 20 84 88 92 125 126 135 148 160 168 180 191 233 263 264 268 275 281 286 304 318 
 19 1 24 84 87 95 110 111 128 153 160 165 172 175 179 223 263 272 293 324 
 21 24 56 61 74 83 90 116 129 133 150 160 164 171 180 192 210 213 249 259 277 280 
 26 3 4 16 17 20 24 38 71 79 82 107 120 125 128 152 185 187 193 196 234 240 249 268 282 290 313 
 23 4 44 48 50 54 98 148 150 166 172 175 178 180 205 216 223 230 249 258 295 303 311 316 
 19 10 12 33 43 53 126 131 133 150 201 210 213 220 240 250 286 307 316 321 
 13 71 75 114 135 168 180 182 187 189 202 209 294 297 
 26 16 50 69 115 119 127 163 164 171 188 193 198 210 211 218 224 226 244 255 267 283 289 306 308 321 331 
 14 6 14 39 80 94 203 228 256 258 265 266 289 298 333 
 21 13 15 17 24 38 77 78 104 134 140 148 152 219 226 238 246 249 271 287 296 329 
 16 8 22 56 132 137 174 187 193 196 201 207 211 240 287 323 333 
 20 31 36 50 84 125 137 140 143 157 172 175 202 213 234 266 272 279 286 289 320 
 24 34 38 64 87 90 103 116 123 124 138 143 164 198 203 209 216 227 232 233 238 248 255 258 292 
 20 3 10 21 39 70 93 97 105 106 120 129 161 165 168 181 198 215 235 262 276 
 21 4 11 13 35 40 77 81 91 96 107 113 143 145 189 195 201 210 244 261 325 331 
 20 9 36 92 95 99 103 112 115 120 126 144 179 185 211 234 239 259 264 298 306 
 22 8 15 22 31 42 50 53 64 70 78 98 104 107 143 235 251 265 287 288 292 315 325 
 13 15 47 62 105 148 176 179 183 204 205 220 242 273 
 21 17 30 51 55 88 109 139 153 157 170 183 187 237 244 249 253 267 273 280 303 307 
 15 20 29 47 50 75 78 87 107 127 128 154 182 184 233 262 
 14 38 94 106 136 138 149 150 196 233 246 250 279 288 329 
 20 28 38 68 94 114 122 129 131 136 147 174 210 211 217 222 265 288 303 304 311 
 23 18 32 41 49 58 87 98 103 148 160 164 169 175 186 228 233 259 280 306 312 313 316 318 
 18 22 52 54 55 69 88 90 105 124 139 194 249 268 293 303 304 315 317 
 17 21 25 33 48 93 101 120 128 132 147 167 197 199 220 285 286 319 
 24 9 23 33 66 67 94 96 101 106 111 123 140 151 178 181 199 209 224 235 245 250 270 284 296 
 16 12 13 14 21 40 41 63 94 130 138 249 261 265 292 326 327 
 19 5 9 46 76 84 88 115 119 126 139 146 159 172 239 280 283 302 305 321 
 18 38 42 67 75 95 108 140 157 159 189 206 214 232 240 261 283 286 301 
 19 2 33 101 104 107 116 129 144 150 159 196 215 231 246 252 268 295 297 319 
 22 18 47 62 68 86 116 118 126 128 144 146 162 179 184 196 213 255 268 290 306 310 312 
 22 7 37 81 91 100 108 124 127 130 148 151 165 174 176 205 223 235 243 249 285 318 324 
 25 7 20 59 61 64 122 127 132 134 138 178 211 218 229 232 235 258 265 274 276 282 295 306 317 327 
 15 19 36 69 116 118 147 157 161 167 183 184 189 275 292 316 
 21 2 37 38 59 63 70 74 92 109 143 148 149 172 192 194 206 248 306 312 321 322 
 18 3 29 43 60 82 94 101 110 129 157 177 190 219 228 244 271 287 289 
 21 18 22 61 64 88 118 131 147 148 149 159 193 201 205 217 280 286 293 295 323 330 
 19 9 20 22 47 54 55 58 83 100 142 233 260 265 286 311 319 320 323 329 
 13 15 20 64 101 117 144 165 184 191 221 278 291 326 
 11 6 61 64 108 156 158 180 196 202 286 289 
 17 1 17 21 46 48 53 66 78 124 211 241 270 278 279 280 299 322 
 16 15 60 92 107 133 135 164 165 199 219 220 244 270 290 303 314 
 21 10 12 22 101 141 169 178 208 229 252 256 264 271 278 290 291 293 303 307 313 315 
 22 9 13 41 45 50 78 100 105 112 116 138 140 144 157 164 177 180 198 206 207 227 245 
 16 9 65 69 70 118 126 129 137 162 181 194 199 202 250 265 276 
 19 17 20 25 32 98 104 111 135 136 145 177 184 249 274 281 296 309 314 322 
 24 17 19 30 33 54 79 95 103 108 126 127 134 139 147 148 160 164 169 197 206 268 314 321 326 
 20 20 22 28 30 66 78 79 109 130 149 150 162 205 210 220 239 273 292 295 324 
 20 18 36 54 56 60 72 109 116 117 123 150 165 170 180 189 203 227 253 288 318 
 23 29 56 69 93 101 113 127 133 142 159 168 172 201 205 229 253 263 274 292 295 303 307 324 
 19 1 23 35 49 67 78 104 136 174 207 229 232 233 238 254 269 273 306 316 
 22 3 23 30 34 37 68 132 140 155 166 167 168 175 176 189 191 201 228 254 281 310 321 
 19 5 22 27 28 40 50 85 151 211 216 228 234 242 244 257 262 279 299 312 
 27 1 47 76 78 90 98 134 135 150 173 178 181 190 202 209 210 252 258 277 278 289 298 309 313 320 321 325 
 20 10 28 62 65 69 76 113 155 186 211 228 230 239 246 250 264 273 301 312 318 
 23 29 33 37 97 104 128 132 154 156 159 166 203 218 219 226 239 249 297 311 316 322 327 330 
 21 17 18 26 87 89 102 126 135 141 152 154 160 170 189 195 242 270 310 313 316 329 
 20 18 25 47 56 69 85 91 124 137 141 174 204 206 207 237 240 242 283 314 321 
 20 30 36 47 50 51 67 94 156 171 182 197 205 206 233 236 262 264 270 311 315 
 17 33 53 62 76 83 91 101 123 129 145 174 213 224 246 265 289 332 
 19 18 36 42 52 91 93 129 132 156 179 201 213 237 245 254 258 279 322 332 
 22 3 5 22 31 32 40 47 58 62 75 87 141 150 154 206 221 228 242 252 282 299 328 
 17 7 15 35 36 39 59 78 136 212 222 231 234 264 267 285 307 319 
 23 6 30 60 66 92 97 98 131 144 156 164 166 169 187 190 205 223 227 238 276 298 300 307 
 19 9 19 23 39 79 104 108 144 145 158 188 189 194 228 253 295 299 307 316 
 20 6 11 27 58 59 72 82 83 101 128 138 169 184 230 232 280 284 313 327 330 
 16 7 10 21 33 55 64 81 144 173 176 235 245 256 275 320 329 
 23 10 22 39 47 66 84 148 175 197 198 219 221 235 242 243 245 268 272 287 303 306 311 327 
 19 29 57 93 107 129 144 153 182 206 208 209 249 259 274 277 282 312 315 316 
 22 36 37 97 109 136 145 146 186 190 205 207 214 222 269 280 292 298 304 306 312 320 326 
 23 1 29 45 77 166 170 184 187 188 206 209 231 232 236 261 268 269 271 272 278 281 286 307 
 23 9 18 25 29 31 49 53 59 85 124 159 166 185 193 203 207 212 229 242 277 281 288 317 
 19 17 22 25 41 69 88 93 106 118 121 126 150 184 265 284 287 306 329 331 
 14 10 73 117 156 169 170 200 221 239 259 283 305 331 333 
 15 1 13 45 124 137 138 146 186 221 235 252 264 291 311 325 
 12 35 87 90 120 157 169 170 173 187 224 264 303 
 19 5 8 12 13 36 61 67 92 98 106 118 148 151 155 172 189 231 266 276 
 16 45 76 82 118 136 141 167 197 206 238 240 253 260 270 306 311 
 17 26 52 62 77 89 93 124 186 221 239 245 258 286 292 299 321 334 
 12 53 98 124 130 159 164 204 226 233 242 250 299 
 18 10 11 38 78 83 113 123 125 134 142 156 185 209 225 229 253 271 277 
 26 6 48 54 67 74 89 101 116 136 166 169 184 185 191 230 243 280 285 289 291 295 296 300 303 315 322 
 17 22 26 107 119 122 127 154 162 196 209 214 234 240 292 294 308 324 
 20 3 4 7 9 23 28 75 76 112 165 193 205 208 225 226 274 275 293 314 332 
 22 5 12 34 38 62 93 110 133 142 165 167 170 180 186 197 201 217 221 247 258 269 277 
 21 16 21 34 43 60 66 81 87 103 141 144 155 178 188 222 239 246 297 318 321 330 
 21 7 11 69 71 84 88 98 102 119 125 131 200 207 215 217 220 242 248 262 276 302 
 18 3 23 36 58 67 80 139 156 163 186 232 233 250 251 275 305 318 333 
 30 18 51 55 68 84 98 116 123 137 145 152 153 166 197 208 228 234 240 241 252 262 274 276 277 295 298 309 313 325 328 
 25 1 17 29 60 75 98 101 122 139 145 158 159 169 198 201 216 221 224 226 230 234 247 299 304 309 
 24 25 34 36 50 53 58 98 104 112 114 139 144 146 149 155 162 219 228 277 285 290 313 320 327 
 22 3 11 14 29 49 56 94 105 119 133 137 148 149 160 194 230 260 272 273 289 320 328 
 14 12 31 35 42 60 84 112 161 168 183 196 201 236 253 
 17 14 16 20 24 32 52 91 102 121 135 174 193 217 229 312 316 334 
 27 21 30 34 47 61 92 110 126 133 170 174 179 189 200 208 217 226 227 228 245 247 251 258 282 318 321 326 
 17 18 21 49 60 119 130 164 174 195 205 206 213 242 253 257 268 309 
 18 39 55 58 60 88 113 123 144 155 179 206 208 236 265 286 311 314 318 
 15 22 63 87 131 179 201 224 243 261 271 287 293 294 305 306 
 26 9 60 107 109 119 121 134 139 148 164 167 168 178 184 190 203 207 236 277 289 291 298 300 306 314 329 
 17 75 85 112 114 120 121 155 157 158 165 204 210 213 216 229 256 269 
 23 23 28 35 51 68 73 85 102 126 127 138 150 153 168 219 220 234 239 243 249 250 281 311 
 23 1 45 66 84 86 109 122 128 183 218 224 245 261 276 288 292 294 299 304 315 319 324 333 
 21 8 35 39 47 52 55 89 106 156 160 175 179 205 209 283 287 299 308 311 321 323 
 13 11 17 45 66 85 120 145 195 201 263 281 320 332 
 13 5 6 73 90 95 119 165 189 300 313 319 323 326 
 23 2 5 14 29 30 35 61 64 154 160 192 202 210 211 269 273 295 297 303 304 311 313 328 
 23 5 10 59 76 96 105 116 152 161 162 193 204 221 234 243 249 266 276 278 280 290 320 329 
 17 38 40 65 73 96 130 158 167 172 176 202 214 227 260 265 290 307 
 12 58 82 90 100 117 129 223 231 232 245 297 304 
 20 18 21 24 28 37 60 65 66 69 87 90 91 151 183 198 200 226 246 278 294 
 12 30 58 64 72 125 151 192 207 220 280 285 306 
 17 17 59 64 96 101 130 134 139 140 171 173 208 229 261 291 304 332 
 18 5 10 15 35 38 41 67 71 137 181 222 254 264 265 270 277 293 329 
 20 20 29 36 52 53 61 68 76 85 93 129 156 175 206 213 217 247 289 291 303 
 16 5 6 25 33 38 61 69 122 134 148 185 212 218 242 316 326 
 18 39 43 75 113 117 134 148 164 168 196 227 235 276 307 313 317 326 330 
 22 24 26 46 62 65 69 73 75 91 99 150 181 191 202 203 213 247 275 278 282 320 332 
 19 54 65 69 70 75 102 113 123 134 146 214 231 237 247 258 298 304 306 307 
 23 12 25 72 81 108 117 118 122 126 141 145 149 152 157 190 193 224 225 259 263 279 294 321 
 19 6 20 40 41 67 105 116 131 144 155 160 171 214 239 261 269 304 314 319 
 20 6 23 57 69 92 94 98 101 112 136 145 151 155 158 188 196 215 219 243 279 
 14 31 36 46 58 71 73 108 159 165 169 170 286 314 318 
 19 1 5 17 27 28 51 78 84 87 125 126 135 171 206 209 243 262 272 313 
 23 15 21 38 59 72 94 103 104 112 121 123 171 192 221 224 293 295 297 298 318 321 329 332 
 18 11 29 30 68 99 108 112 128 178 181 196 208 236 245 264 273 309 315 
 19 15 33 37 44 66 72 108 121 122 125 145 151 165 167 184 228 255 288 296 
 17 20 55 61 64 65 74 110 150 208 225 231 246 275 283 296 316 323 
 17 33 42 66 108 109 140 154 179 192 214 225 252 263 283 284 296 308 
 18 14 15 24 34 48 57 109 122 181 185 209 238 248 265 300 305 321 329 
 24 2 25 50 52 54 61 79 95 107 118 127 163 182 192 228 244 258 259 265 278 285 311 320 326 
 15 19 24 40 44 81 105 135 157 194 207 208 231 271 297 312 
 19 19 23 61 70 104 117 166 172 190 212 225 228 231 245 246 255 263 311 322 
 15 3 12 31 50 51 69 89 135 142 199 215 261 267 288 291 
 21 2 14 32 33 54 81 114 133 141 159 176 211 239 241 251 266 268 284 286 319 320 
 25 10 18 32 39 41 42 49 86 89 116 123 144 151 182 188 192 222 236 260 272 300 303 306 318 331 
 16 1 77 87 91 93 96 102 103 152 160 171 182 231 242 284 301 
 22 8 10 19 37 45 88 109 136 146 155 164 165 169 179 227 241 242 257 289 315 318 327 
 20 33 58 63 67 99 144 150 156 159 160 185 190 196 203 223 232 243 262 268 300 
 18 32 39 67 106 109 142 147 165 179 189 197 199 202 209 218 221 269 281 
 20 20 39 52 57 67 122 124 125 145 146 180 196 198 207 257 262 275 295 299 303 
 15 38 47 62 117 139 160 165 171 175 194 199 207 259 285 329 
 16 10 31 37 84 100 107 141 143 149 161 205 220 239 245 299 321 
 21 9 27 34 48 52 54 93 95 147 164 189 199 202 231 233 246 250 255 265 277 286 
 24 5 16 17 20 22 23 44 85 104 129 148 155 161 165 186 202 220 225 234 290 315 318 327 329 
 17 34 39 44 45 80 90 118 122 129 151 195 206 256 281 285 330 331 
 14 15 64 65 67 75 98 125 142 185 193 199 283 308 326 
 17 9 29 47 81 93 108 136 146 160 183 203 209 227 259 263 318 323 
 20 13 16 19 23 95 101 105 113 158 172 184 188 225 236 241 251 264 304 305 329 
 11 21 138 150 209 220 234 251 290 314 322 332 
 19 22 26 57 63 72 79 86 96 113 144 170 179 224 237 266 288 290 293 319 
 16 6 12 27 50 68 168 192 205 217 219 225 233 248 262 280 319 
 20 1 36 43 50 58 81 113 134 135 144 169 175 212 229 231 250 255 258 272 333 
 17 24 50 58 87 101 108 114 128 145 175 185 203 205 228 306 324 325 
 18 51 83 113 116 118 121 134 135 144 166 172 178 193 262 266 271 273 303 
 18 2 11 71 89 101 103 108 120 124 161 187 201 220 245 258 259 280 300 
 17 9 23 65 75 89 120 130 179 201 225 250 252 259 284 300 311 318 
 15 15 21 32 73 77 80 81 84 87 184 201 252 258 270 331 
 18 34 78 129 130 134 160 161 175 185 198 206 231 232 234 295 316 319 330 
 17 1 49 51 58 71 107 148 156 185 223 235 243 267 278 305 307 310 
 23 2 33 54 58 64 79 121 130 143 156 159 196 215 217 224 228 238 242 256 266 272 303 325 
 17 48 50 61 66 108 114 129 133 150 172 186 199 252 261 280 318 327 
 24 3 4 36 66 70 81 106 119 133 146 149 162 184 190 192 205 224 243 259 262 292 293 295 296 
 13 2 41 45 85 100 110 139 155 213 256 266 306 313 
 18 23 75 92 96 107 131 147 156 174 178 203 206 209 257 276 290 298 324 
 23 2 3 14 60 64 91 119 123 150 163 180 183 194 209 227 228 239 253 268 276 303 315 322 
 16 9 14 16 20 25 29 37 58 75 159 197 199 208 230 254 263 
 18 11 17 24 79 82 126 159 194 197 227 246 258 267 272 285 292 294 299 
 19 6 20 21 24 45 64 111 132 186 193 202 211 236 243 261 262 292 309 317 
 28 7 25 29 33 45 51 56 65 101 104 117 120 121 136 143 151 156 190 196 198 215 225 235 238 256 299 300 304 
 25 2 3 10 22 40 50 58 76 81 87 102 108 137 141 165 185 191 205 228 235 265 295 302 306 318 
 14 7 9 23 101 103 110 206 226 254 258 297 308 313 332 
 13 24 48 85 102 112 131 157 227 256 289 299 304 330 
 22 9 29 46 51 54 68 77 84 89 114 164 178 184 185 205 222 245 268 273 290 292 303 
 10 61 99 110 158 170 180 192 253 282 295 
 23 7 30 37 63 79 113 119 142 147 148 151 198 201 215 227 232 246 273 281 293 302 314 316 
 13 23 73 93 95 122 139 178 187 227 246 262 269 325 
 15 29 56 59 84 96 116 134 145 173 185 186 197 202 284 330 
 20 45 48 79 83 88 101 136 137 140 205 208 231 247 260 270 272 291 293 320 333 
 17 28 61 69 73 82 112 115 126 154 182 217 272 301 313 329 332 334 
 17 20 26 62 66 77 98 114 121 124 151 184 220 224 262 263 269 312 
 17 9 15 17 39 41 63 67 81 83 168 184 214 250 255 263 264 266 
 21 2 17 20 40 75 91 122 152 172 179 180 212 220 228 237 252 253 272 286 299 303 
 26 16 33 36 58 76 81 88 97 108 112 115 122 123 139 149 156 166 168 178 209 261 276 277 281 303 333 
 14 11 20 25 77 90 98 121 141 198 221 228 244 249 271 
 19 29 45 46 59 174 179 184 200 218 227 239 240 241 252 283 298 313 323 329 
 22 24 45 59 70 73 81 99 121 122 145 150 167 178 187 196 201 206 220 245 272 309 318 
 12 26 136 174 177 214 223 228 237 251 266 277 319 
 21 1 31 61 64 127 128 134 140 152 161 182 193 201 210 268 290 298 306 311 318 322 
 24 17 37 47 53 94 99 137 140 164 172 174 190 196 211 213 216 233 242 249 294 299 301 303 318 
 27 39 42 50 57 91 95 98 111 114 118 136 140 142 159 163 232 236 237 261 298 302 304 305 309 312 329 332 
 15 5 18 30 38 47 62 64 99 132 173 228 229 247 255 279 
 15 21 51 59 67 81 159 164 173 179 197 204 276 296 310 326 
 20 16 65 66 70 86 90 112 117 118 128 135 171 186 201 227 240 250 283 324 332 
 26 1 4 25 30 44 82 90 92 107 116 121 125 130 131 161 179 207 209 222 227 229 261 263 301 310 321 
