 200 334
 3 3 3 3 6 6 6 6 6 9 9 9 9 9 12 12 12 12 13 15 15 16 18 18 18 20 21 21 21 24 24 24 26 27 27 30 30 30 33 33 35 36 36 36 36 39 39 40 42 42 42 42 44 45 45 45 45 46 48 49 51 53 54 54 54 55 57 57 60 60 60 60 62 63 63 66 66 66 68 69 69 69 72 72 72 73 75 75 77 78 78 81 81 81 81 83 84 85 87 87 89 90 93 93 93 95 96 96 96 99 99 99 101 102 103 105 105 107 108 108 108 111 111 111 112 114 114 114 114 117 117 117 119 120 120 120 121 123 123 124 126 126 126 126 129 129 129 131 132 132 135 135 136 138 138 138 140 141 141 141 141 144 144 147 147 147 149 150 150 152 153 156 156 156 158 159 159 159 162 162 162 163 165 165 166 168 168 169 171 171 171 173 174 174 176 177 177 177 178 180 181 183 183 184 186 187 189 189 190 192 192 192 192 195 195 197 198 198 198 200 201 201 201 203 204 204 206 208 210 210 210 210 211 213 213 215 216 216 216 217 219 219 219 219 220 222 222 225 225 225 228 228 228 228 228 229 231 231 233 234 234 237 237 237 237 238 240 240 241 243 243 243 247 249 249 251 252 252 255 255 255 258 258 258 260 261 261 263 264 266 267 267 267 270 270 271 273 273 273 273 274 276 277 279 279 279 281 282 283 285 285 287 288 288 288 290 291 291 291 294 294 295 297 297 297 297 297 300 300 300 300 300 300 100 
 17 31 72 77 97 117 139 163 164 173 189 240 241 245 251 256 310 330 
 18 8 16 33 64 100 108 114 167 207 210 214 221 237 246 266 282 310 324 
 24 1 13 19 39 51 54 60 61 73 76 115 130 196 203 205 210 212 225 253 265 267 283 291 310 
 15 1 31 42 110 112 113 131 134 187 233 235 245 261 264 303 
 23 6 27 29 39 55 87 93 94 97 111 113 118 134 169 180 186 197 218 238 239 268 295 326 
 17 5 17 26 67 79 106 111 157 165 193 234 238 264 274 277 280 330 
 19 26 43 145 153 164 171 183 184 192 214 215 216 218 271 306 316 318 328 333 
 17 40 50 92 93 127 130 146 165 169 179 190 203 207 237 257 303 312 
 19 18 20 46 47 60 72 86 96 103 110 159 211 219 245 253 265 294 296 317 
 18 1 2 22 34 35 48 60 92 134 141 180 200 212 213 232 244 297 314 
 16 22 40 85 93 145 155 160 185 192 212 223 225 230 251 295 322 
 21 1 8 10 15 20 25 39 46 54 78 106 124 134 141 145 154 204 220 260 267 279 
 11 5 46 129 130 142 182 234 260 263 277 324 
 15 23 33 69 92 122 141 181 187 190 203 213 214 231 279 286 
 23 17 43 50 61 62 76 111 125 142 146 162 172 190 198 201 270 272 273 276 292 301 320 324 
 17 29 81 118 122 135 140 143 150 183 189 200 218 228 260 277 284 289 
 24 2 6 11 39 58 60 68 75 99 100 106 130 151 176 183 199 218 227 237 248 267 268 297 310 
 19 1 27 33 41 49 54 110 132 138 149 154 167 197 208 227 231 269 281 282 
 14 5 33 38 59 85 108 141 152 202 239 249 262 281 330 
 17 12 42 48 62 65 73 91 101 124 133 134 195 208 209 227 242 323 
 11 15 37 42 50 63 152 194 225 226 268 299 
 19 19 27 39 53 58 89 96 98 105 113 130 134 152 159 164 187 210 228 251 
 20 6 7 21 23 28 29 102 124 143 147 151 187 207 210 211 216 227 251 283 311 
 29 36 37 43 47 60 66 71 76 82 124 132 133 137 158 163 167 200 210 212 214 230 242 259 278 284 305 319 328 331 
 24 25 40 41 50 53 55 61 70 108 122 126 157 173 220 223 236 249 285 294 295 311 312 313 328 
 17 10 18 49 55 59 63 106 108 109 110 156 177 232 246 261 270 325 
 18 12 46 65 98 104 105 113 118 170 186 195 209 224 227 242 262 280 317 
 15 4 93 101 103 150 160 184 201 209 215 229 253 274 291 331 
 20 11 12 23 24 33 36 54 150 154 160 178 195 204 206 225 238 252 287 303 312 
 21 24 37 39 86 90 92 122 173 175 203 212 223 243 256 285 287 306 307 308 310 329 
 18 4 16 41 44 47 66 89 93 126 149 190 191 232 234 289 292 302 313 
 27 1 6 7 13 28 44 55 62 101 108 120 130 140 179 185 186 189 190 195 215 244 249 257 259 262 302 328 
 17 4 32 52 61 82 133 138 149 157 186 202 208 236 238 272 297 305 
 11 45 92 93 112 134 167 181 201 222 246 290 
 25 13 15 66 69 80 115 122 135 141 158 179 207 214 216 217 224 241 277 289 300 318 320 321 323 330 
 21 6 12 39 70 75 93 104 108 118 148 149 161 162 185 204 222 225 234 289 318 330 
 25 31 52 66 84 99 104 124 154 155 181 194 199 200 204 236 250 251 254 256 259 273 282 288 291 308 
 24 21 23 33 76 81 82 83 94 101 112 125 130 148 157 162 202 207 229 248 280 290 316 320 322 
 27 3 28 46 67 78 80 84 99 111 115 124 153 176 187 218 245 251 259 274 282 291 294 295 306 312 316 319 
 29 15 27 49 65 69 72 97 107 112 126 138 177 186 208 210 213 216 219 222 248 267 271 290 294 309 314 318 323 328 
 23 13 16 24 32 49 92 103 106 114 122 133 168 215 218 231 234 254 258 267 270 314 321 326 
 15 41 74 86 115 120 156 162 186 218 231 233 267 279 300 321 
 21 26 42 62 109 111 116 127 151 159 171 193 197 198 209 218 231 258 274 279 307 329 
 19 12 15 22 36 66 67 84 114 119 133 138 152 179 211 252 281 288 291 312 
 24 6 54 57 99 110 126 136 156 193 196 211 217 219 227 229 236 237 238 253 274 292 309 313 317 
 20 7 41 55 69 83 105 114 137 149 152 177 192 193 204 210 243 275 279 288 329 
 23 5 10 42 62 79 80 123 152 165 201 207 209 223 245 248 250 257 270 280 282 288 289 323 
 13 26 76 105 107 115 130 207 259 262 280 313 320 321 
 21 5 22 67 79 99 116 119 135 137 165 199 203 219 228 241 242 245 298 317 323 330 
 20 16 59 76 97 100 106 113 119 120 168 195 218 247 259 279 290 293 307 323 333 
 20 7 28 41 53 64 65 67 74 83 135 139 140 177 206 233 239 249 265 278 286 
 21 26 44 56 60 71 73 84 87 107 114 128 143 147 171 179 186 224 251 285 322 328 
 20 7 10 35 39 52 70 74 75 98 127 130 161 175 229 250 256 276 309 329 331 
 18 40 41 42 52 53 88 99 107 113 153 166 190 199 234 247 260 274 331 
 15 21 41 107 108 121 127 131 221 229 241 293 301 304 321 334 
 24 26 30 36 44 55 57 76 78 89 130 137 139 167 214 217 238 265 276 277 285 291 305 323 325 
 18 39 67 83 110 129 136 138 144 188 191 200 217 248 270 279 294 304 309 
 18 43 48 70 84 91 148 157 164 179 181 182 217 220 225 228 259 260 262 
 17 29 51 70 91 115 117 182 197 202 217 237 240 241 257 263 320 328 
 27 9 34 77 85 92 99 133 142 150 168 186 191 199 201 220 234 240 242 248 250 251 256 264 275 320 323 327 
 20 5 7 60 77 88 122 127 130 148 151 159 170 186 195 202 209 211 218 267 290 
 19 30 34 47 51 86 104 112 124 142 152 157 170 180 187 192 229 247 275 311 
 26 16 28 46 60 70 71 81 117 127 143 157 184 187 193 195 209 215 216 240 266 276 299 325 326 328 332 
 17 10 24 43 46 49 50 55 68 106 146 172 213 254 312 317 319 322 
 28 3 5 18 23 30 32 63 78 118 123 125 142 163 175 192 231 232 258 267 283 284 285 292 313 317 321 329 330 
 25 6 12 27 62 95 112 114 147 155 167 168 181 194 208 210 240 263 272 283 291 297 307 314 322 328 
 15 10 53 71 87 103 128 141 191 196 236 265 284 298 310 316 
 30 10 20 26 43 74 83 118 122 146 152 167 173 176 187 193 200 207 216 217 247 261 266 273 283 289 299 320 322 324 328 
 16 35 67 81 96 105 115 164 169 182 189 231 232 264 268 308 331 
 17 19 22 55 56 69 121 130 139 177 214 238 246 272 277 288 307 323 
 21 15 42 51 62 76 93 99 103 111 134 149 181 187 199 217 229 233 263 284 297 307 
 12 5 33 39 103 134 145 156 158 175 188 216 308 
 14 7 87 93 110 113 132 159 178 188 207 221 272 309 316 
 14 18 83 92 120 192 225 227 237 242 282 285 289 291 321 
 18 1 10 27 41 90 100 131 138 168 169 183 205 220 235 261 298 301 310 
 23 1 2 6 10 17 38 50 54 87 92 109 150 170 201 237 241 243 276 279 290 301 320 324 
 22 6 39 69 101 106 110 111 115 119 128 129 164 175 190 221 240 257 266 270 287 304 331 
 17 3 11 15 41 94 119 120 148 152 236 250 252 270 274 277 291 303 
 20 5 14 31 56 58 85 131 143 151 154 165 180 185 194 203 223 235 270 279 294 
 23 21 37 89 90 97 110 117 120 123 126 145 156 158 163 168 195 196 225 229 231 249 280 323 
 22 8 9 24 68 98 107 139 159 164 181 188 194 196 222 226 234 252 253 280 288 332 333 
 21 3 8 27 49 89 90 99 129 167 177 178 186 202 215 224 248 256 294 301 329 330 
 15 30 41 70 90 141 148 202 225 256 269 284 307 309 315 332 
 18 5 16 25 62 84 86 89 183 188 199 202 233 235 240 247 251 282 308 
 26 21 31 32 72 83 99 121 122 126 141 143 149 164 200 210 221 237 242 243 247 252 254 282 293 325 330 
 23 2 11 42 50 74 88 89 102 117 135 140 172 188 195 198 208 211 214 218 243 270 298 312 
 19 65 92 118 119 132 134 146 176 179 188 229 237 267 279 281 292 308 313 317 
 26 14 20 27 33 44 48 70 81 84 99 117 131 164 165 170 175 180 196 200 224 263 270 271 274 284 304 
 17 7 10 29 41 60 90 92 120 140 142 145 162 220 228 252 286 289 
 20 15 20 50 65 80 87 108 155 180 181 183 190 233 238 251 259 265 309 328 330 
 16 18 25 59 83 110 120 135 158 166 221 241 249 265 305 308 309 
 15 3 10 51 64 80 86 105 127 193 257 258 279 286 306 326 
 18 22 36 43 63 80 93 97 137 151 163 169 184 207 211 229 258 286 298 
 19 4 15 28 31 73 89 123 145 150 153 183 194 224 236 254 263 264 310 315 
 18 2 14 28 54 104 114 134 136 148 164 187 260 278 285 290 313 315 327 
 22 2 15 29 53 59 76 79 92 137 179 181 196 226 262 293 296 304 307 311 312 326 332 
 20 5 21 28 31 69 73 95 96 119 125 135 136 161 186 216 278 287 291 292 296 
 17 1 83 172 173 174 177 183 190 202 206 225 262 271 306 328 331 333 
 24 33 36 39 99 112 115 123 130 131 145 148 150 155 165 171 191 219 243 296 301 314 316 317 322 
 24 7 25 33 50 64 89 96 134 159 165 187 200 210 212 228 240 242 252 255 299 301 302 310 311 
 22 17 61 74 79 102 130 151 162 172 179 207 229 252 257 271 274 278 282 289 300 312 314 
 28 2 31 43 54 63 71 80 81 117 130 142 155 157 170 180 193 197 199 204 206 225 240 241 260 266 304 315 332 
 13 27 48 64 68 101 139 145 151 159 246 260 297 320 
 17 10 37 73 82 98 102 136 137 168 186 198 206 241 251 302 303 307 
 20 27 36 42 50 60 68 77 147 152 198 218 256 267 275 287 293 310 316 320 324 
 20 2 27 28 47 61 96 101 108 138 154 166 170 214 224 267 279 288 300 320 325 
 29 1 27 35 39 61 64 91 104 116 138 143 158 167 184 209 212 227 229 230 243 257 267 268 281 282 284 286 302 319 
 19 1 24 30 38 40 47 103 143 153 164 166 172 186 230 260 261 285 303 307 
 22 3 32 62 87 99 111 127 140 153 158 185 194 201 208 213 214 230 262 263 268 313 331 
 20 1 26 27 46 50 68 116 118 123 131 138 147 193 229 236 258 267 297 298 316 
 20 21 28 40 50 87 88 119 207 217 223 229 233 248 270 271 282 292 294 323 333 
 14 16 17 53 56 59 68 78 81 126 170 199 251 282 297 
 16 30 48 55 94 99 107 114 136 172 173 197 214 257 268 280 326 
 14 22 23 26 30 44 92 154 202 216 218 231 262 279 324 
 19 31 46 54 92 104 107 120 155 162 187 189 224 238 242 246 266 276 288 304 
 19 19 41 47 51 66 94 110 121 131 165 189 203 212 227 230 231 264 269 323 
 26 11 51 52 54 69 71 77 81 132 135 136 138 146 158 201 214 217 231 235 266 274 282 310 320 323 324 
 17 2 10 32 36 76 79 125 188 190 203 216 264 271 272 274 283 286 
 18 23 62 73 74 88 147 149 167 170 189 195 196 250 257 269 290 301 312 
 16 7 57 63 72 76 85 101 104 122 138 180 220 230 258 307 331 
 19 6 11 18 30 46 49 51 63 83 89 93 104 114 116 122 138 264 268 323 
 24 6 12 26 45 87 95 107 113 142 171 185 189 200 204 208 237 259 281 292 301 305 310 315 324 
 16 34 48 66 79 83 115 123 153 186 195 202 235 252 254 294 307 
 20 36 41 83 96 100 135 137 175 193 208 214 234 246 253 256 268 269 276 286 296 
 21 12 22 28 35 49 66 73 80 96 106 123 201 213 248 251 265 277 294 309 329 330 
 21 36 61 78 94 144 145 154 192 195 207 208 228 252 267 291 293 295 311 317 318 328 
 20 10 51 54 71 78 83 108 119 153 162 193 211 216 226 269 285 286 298 306 314 
 27 1 10 12 13 19 54 60 69 93 94 114 115 126 133 136 138 141 151 169 172 183 186 198 224 241 281 331 
 21 4 19 46 49 79 94 101 106 130 155 184 189 190 230 243 254 263 274 305 306 316 
 19 20 46 47 52 58 64 69 90 97 140 168 194 210 237 255 263 297 325 329 
 23 25 61 65 106 111 113 119 121 135 136 158 171 182 247 249 263 273 277 285 289 311 312 315 
 15 16 23 81 87 120 123 130 155 166 190 197 228 236 237 303 
 20 4 9 57 93 110 114 126 151 167 176 194 201 202 217 226 228 232 246 249 330 
 15 26 79 126 130 150 166 195 206 233 239 244 278 302 320 326 
 19 21 26 29 84 132 134 135 151 159 176 205 230 248 250 254 279 288 313 317 
 21 11 15 27 39 41 46 50 101 108 116 133 138 164 181 222 229 251 294 301 314 328 
 17 32 38 63 65 173 179 189 191 214 231 254 271 280 281 288 305 328 
 21 1 40 71 79 101 103 118 122 135 170 189 199 212 214 216 230 232 282 303 318 322 
 15 26 39 107 123 127 151 169 172 174 176 222 227 228 250 259 
 16 11 17 27 28 42 67 92 107 113 146 160 189 195 258 285 291 
 29 11 20 41 47 53 63 80 84 85 90 97 121 131 146 149 163 171 198 202 221 227 237 259 260 271 303 305 309 316 
 19 3 50 55 100 116 132 140 142 213 222 233 247 264 291 295 310 317 318 323 
 23 16 17 19 41 42 43 46 86 87 110 135 154 158 159 175 214 223 231 236 264 273 294 328 
 16 20 31 139 145 169 172 217 221 228 229 249 262 268 302 312 320 
 17 9 27 34 42 49 61 116 145 147 207 220 224 233 251 312 325 329 
 26 5 20 69 73 74 91 94 106 117 118 120 127 155 164 173 176 180 192 197 224 238 249 253 262 297 310 
 22 20 36 40 53 83 92 98 100 118 125 128 134 149 184 195 206 209 236 250 255 271 322 
 11 16 73 74 132 137 185 192 226 227 286 322 
 17 17 23 62 64 70 87 89 105 113 115 125 234 257 280 298 308 318 
 16 19 49 52 81 116 134 158 172 210 266 271 295 308 322 324 327 
 24 10 20 30 42 43 49 79 89 90 92 97 104 118 125 171 180 192 211 215 224 231 234 240 280 
 20 13 32 103 108 116 144 145 160 173 210 212 220 242 246 254 259 263 283 315 324 
 24 9 36 42 50 56 63 69 81 82 88 95 119 123 192 195 199 212 219 222 243 253 269 278 329 
 22 1 30 40 57 64 76 92 98 103 149 167 174 176 179 207 209 213 280 281 286 302 304 
 21 29 45 58 96 103 123 141 145 160 165 175 196 205 229 246 264 285 296 302 309 322 
 20 28 43 48 51 78 130 133 158 164 171 208 211 215 235 257 282 287 298 320 329 
 18 16 39 56 58 59 110 125 131 168 196 216 223 266 294 314 328 329 332 
 17 39 49 82 99 127 129 135 165 171 192 221 234 241 249 265 303 328 
 22 11 37 53 54 71 82 90 92 126 154 159 170 181 192 230 248 252 262 270 275 307 313 
 24 1 2 15 40 45 46 75 78 83 94 102 194 205 241 250 257 263 271 276 279 297 304 316 332 
 18 27 52 56 62 91 133 152 170 184 204 217 221 226 255 264 301 311 325 
 14 42 72 77 157 191 192 218 224 253 277 282 299 312 330 
 21 18 24 27 63 93 103 150 164 170 177 203 235 236 239 262 268 269 281 297 321 329 
 23 3 5 24 60 76 113 116 122 136 160 169 189 222 226 249 250 268 273 286 302 320 325 329 
 19 20 21 23 26 46 60 79 103 123 128 160 207 221 230 253 276 285 295 311 
 17 5 17 26 41 55 79 115 133 148 163 179 182 225 232 239 321 323 
 23 6 8 16 32 64 85 109 114 116 124 126 139 185 202 221 229 230 232 251 252 275 299 320 
 20 46 55 92 132 164 165 178 183 222 232 248 249 251 275 280 282 294 313 318 325 
 18 8 42 77 79 95 118 122 157 179 206 220 233 245 251 273 286 308 312 
 13 8 12 166 170 173 268 290 291 296 298 303 313 321 
 18 20 44 53 104 107 116 133 138 153 182 185 200 211 309 313 320 329 330 
 17 23 24 29 60 69 74 83 103 112 122 196 210 228 242 276 291 293 
 19 43 49 53 54 88 93 110 113 156 166 179 188 202 276 279 283 321 327 332 
 12 114 142 145 170 192 234 248 251 264 282 317 325 
 22 2 9 20 23 24 29 41 54 55 57 154 179 180 236 245 269 274 283 300 302 324 327 
 22 15 70 75 96 174 185 186 189 196 199 207 216 217 230 256 261 289 294 302 309 314 324 
 15 15 41 49 54 69 77 83 252 256 265 279 285 297 305 307 
 17 21 33 37 51 69 80 89 148 169 185 220 282 284 314 316 319 328 
 23 48 49 57 58 80 84 90 106 134 139 162 172 183 188 237 241 253 255 262 270 292 301 320 
 28 2 15 28 56 63 67 76 97 103 115 148 153 162 221 230 235 237 248 258 270 278 282 283 285 288 289 302 312 
 15 1 16 34 76 95 105 133 168 184 223 282 284 304 320 322 
 14 16 85 117 137 141 159 172 173 205 217 224 255 267 273 
 17 8 27 42 126 130 157 179 182 201 210 234 242 248 254 262 313 334 
 22 42 48 64 107 109 157 192 197 211 236 239 249 252 255 262 281 318 321 325 327 332 333 
 17 9 11 28 48 52 86 102 114 146 168 182 219 220 225 269 294 326 
 14 4 47 126 132 186 196 233 245 246 253 255 263 312 319 
 17 30 53 90 98 131 151 154 175 177 178 187 257 262 263 296 308 310 
 28 3 44 60 73 79 84 87 91 106 111 114 119 130 133 143 148 167 176 183 191 220 230 276 280 293 297 299 324 
 17 15 79 127 128 145 168 174 193 198 205 220 222 227 231 248 256 280 
 17 1 76 79 105 122 133 136 199 204 210 214 224 244 262 275 290 304 
 20 8 19 26 36 67 87 104 119 122 139 164 201 203 211 219 232 253 273 295 305 
 20 9 15 43 53 98 100 126 131 141 186 188 195 205 206 270 279 283 294 313 323 
 21 51 59 76 77 92 96 116 128 139 149 179 217 220 224 246 248 252 267 288 292 328 
 18 22 46 64 66 80 88 107 113 193 196 200 225 229 250 252 270 292 329 
 19 15 40 41 59 120 123 138 146 163 172 189 197 239 241 257 284 309 311 325 
 28 1 19 36 53 74 89 90 93 94 99 110 115 151 157 170 180 199 203 236 245 256 261 263 279 283 287 289 304 
 16 5 11 23 34 39 77 121 128 167 202 285 288 296 322 324 333 
 16 65 85 89 98 103 119 130 141 154 162 206 238 241 256 292 326 
 25 1 5 14 26 27 30 34 70 110 144 170 186 190 215 244 248 251 267 283 285 304 315 316 328 331 
 17 12 30 41 56 79 91 110 139 153 160 162 241 266 287 300 313 319 
