 200 667
 3 3 3 3 3 3 5 6 6 6 6 6 6 7 9 9 9 9 9 9 9 9 9 9 12 12 12 12 12 12 12 12 14 15 15 15 15 15 15 15 15 16 18 18 18 18 18 21 21 21 21 24 24 24 24 24 24 24 25 27 27 27 27 27 27 27 27 30 30 30 30 30 30 32 33 33 33 33 33 33 33 33 35 36 36 36 36 36 36 37 39 39 39 39 39 39 39 39 41 42 42 42 42 42 42 42 45 45 45 45 45 45 48 48 48 48 48 48 51 51 51 51 51 51 51 51 51 53 54 54 54 54 54 54 54 57 57 57 57 57 57 58 60 60 60 60 60 60 60 62 63 63 63 63 63 64 66 66 66 66 66 66 66 66 69 69 69 69 69 72 72 72 72 72 72 72 72 74 75 75 75 75 78 78 78 78 78 80 81 81 81 81 84 84 84 84 84 84 84 84 85 87 87 87 87 87 87 88 90 90 90 90 90 90 90 93 93 93 93 93 93 93 94 96 96 96 96 98 99 99 99 100 102 102 102 102 102 103 105 105 105 105 105 107 108 108 108 108 108 108 109 111 111 111 111 111 111 111 112 114 114 114 114 114 115 117 117 117 117 117 120 120 120 120 120 120 120 120 121 123 123 123 125 126 126 126 126 126 127 129 129 129 129 131 132 132 132 132 132 132 132 134 135 135 135 135 135 138 138 138 138 138 138 138 138 140 141 141 141 141 141 141 141 144 144 144 144 144 144 146 147 147 147 147 147 147 147 149 150 150 150 150 150 151 153 153 153 153 155 156 156 156 156 156 156 158 159 159 159 159 160 162 162 162 162 162 162 165 165 165 165 165 165 166 168 168 168 168 168 168 168 169 171 171 171 171 171 171 171 174 174 174 174 174 174 177 177 177 177 177 180 180 180 180 180 180 180 180 182 183 183 183 183 183 183 183 184 186 186 186 186 186 186 186 188 189 189 189 189 189 192 192 192 192 192 192 193 195 195 195 195 195 195 195 195 198 198 198 198 198 198 199 201 201 201 201 201 204 204 204 204 204 204 206 207 207 207 207 207 207 208 210 210 210 210 210 210 213 213 213 213 213 213 215 216 216 216 216 216 216 216 217 219 219 219 219 219 222 222 222 222 222 225 225 225 225 225 228 228 228 228 228 228 230 231 231 231 231 231 232 234 234 234 234 234 235 237 237 237 237 237 237 239 240 240 240 240 240 240 240 242 243 243 243 243 243 243 243 245 246 246 246 246 246 247 249 249 250 252 252 252 252 252 252 252 252 255 255 255 255 255 256 258 258 258 258 258 261 261 261 261 261 262 264 264 264 264 264 266 267 267 267 267 267 269 270 270 270 271 273 273 273 273 273 273 274 276 276 276 276 276 277 279 279 279 279 279 279 281 282 282 282 282 282 282 284 285 285 285 285 286 288 288 288 288 288 289 291 291 291 291 291 291 293 294 294 294 294 294 294 294 296 297 297 297 297 297 297 299 300 300 300 300 300 300 300 200 
 49 7 20 54 76 82 83 88 118 120 122 123 133 143 150 170 171 172 186 193 208 216 220 225 233 235 245 260 272 362 371 385 390 412 458 472 476 479 498 514 516 541 560 567 584 592 633 639 651 661 
 48 3 4 7 56 70 81 94 96 99 100 109 122 130 136 142 165 169 170 233 252 253 287 313 321 335 337 341 350 351 357 376 384 396 412 443 471 508 511 529 537 541 563 564 567 627 632 639 646 
 40 3 15 38 44 52 75 99 103 116 134 174 189 192 228 260 262 284 288 311 338 344 357 387 391 394 409 426 459 461 476 492 503 574 576 583 591 596 600 609 652 
 43 41 43 105 119 137 158 164 166 177 219 220 236 239 246 259 289 294 298 344 356 365 406 418 424 431 437 438 446 456 464 478 484 499 508 523 527 535 551 555 556 589 594 606 
 41 19 51 61 90 114 117 159 160 179 195 197 224 234 261 268 272 285 324 329 343 386 394 409 410 411 430 456 461 470 473 493 536 559 561 570 573 579 606 608 610 644 
 41 43 58 64 65 68 84 89 119 121 144 176 208 219 246 247 283 305 312 317 329 330 350 379 385 388 398 421 512 516 554 562 581 590 591 592 595 596 600 601 606 664 
 37 11 17 25 48 52 61 68 91 116 137 139 144 179 184 213 251 252 301 308 309 340 345 348 382 413 433 435 444 448 480 490 501 520 529 562 597 627 
 38 15 18 21 25 45 46 53 69 77 107 115 118 177 202 210 216 231 243 257 291 303 304 305 325 337 354 361 384 440 474 486 516 559 589 615 639 658 663 
 40 3 5 6 35 66 74 90 114 120 121 151 161 177 179 184 197 216 218 227 237 271 295 326 327 347 361 378 475 477 479 483 522 530 533 551 568 609 644 657 660 
 31 36 44 59 77 99 110 113 140 165 184 185 193 202 260 269 278 283 314 376 478 480 491 500 503 516 519 521 555 576 600 647 
 41 17 24 26 31 34 73 90 91 112 138 146 150 157 158 165 180 183 193 226 254 269 278 284 312 329 332 360 425 427 438 458 459 466 491 497 521 534 542 569 632 653 
 26 6 21 39 44 133 144 172 203 204 211 216 238 283 298 379 389 402 403 432 434 454 486 505 528 530 595 
 32 1 60 65 80 89 97 101 119 131 193 203 287 289 310 313 323 324 351 361 365 393 438 454 508 519 538 548 562 569 579 592 623 
 42 4 23 24 38 42 105 126 140 193 217 238 241 245 246 253 271 274 280 299 308 339 370 390 418 440 448 464 473 486 509 519 533 534 560 573 586 589 593 596 617 634 649 
 36 2 17 52 62 76 86 87 113 183 185 196 223 287 295 297 299 317 328 331 334 408 419 420 431 451 454 473 543 557 568 598 603 605 613 621 634 
 36 7 46 52 55 56 90 92 129 143 199 227 273 304 308 326 382 396 431 439 443 444 452 453 464 474 485 507 508 534 549 569 582 589 592 598 603 
 40 8 9 47 70 72 76 89 107 114 164 186 191 238 241 253 298 304 316 331 352 353 363 401 402 440 461 468 473 478 481 484 499 511 515 542 544 545 619 637 638 
 34 1 30 67 76 94 129 132 143 145 150 153 206 232 255 258 267 275 280 285 306 348 393 425 446 464 468 484 559 569 588 612 614 615 638 
 44 4 25 68 78 81 93 94 99 103 111 129 163 165 201 223 299 303 305 328 360 362 372 374 382 391 422 433 445 474 479 492 494 500 527 546 550 564 570 578 600 601 615 640 661 
 39 7 14 25 43 62 95 146 162 173 185 196 218 229 236 244 256 284 340 360 362 383 391 415 418 438 451 459 468 489 498 514 542 584 603 613 634 638 648 664 
 53 19 26 46 53 74 86 92 136 145 157 158 183 186 194 195 196 204 255 271 286 309 310 328 330 338 348 368 407 411 421 424 440 447 448 455 468 469 471 477 487 489 502 514 534 542 557 581 589 595 619 621 661 666 
 50 7 10 37 41 45 63 89 91 111 117 129 145 184 194 201 205 229 268 270 278 308 309 329 340 341 356 359 375 383 391 407 424 426 431 435 439 488 523 533 546 579 582 604 609 614 624 625 627 654 660 
 40 8 40 55 96 110 118 131 136 154 172 174 194 246 256 267 272 274 284 301 313 326 342 352 357 370 379 386 389 397 399 405 433 445 518 530 547 574 610 615 651 
 42 23 45 71 81 91 92 119 129 137 158 162 164 165 197 213 217 226 228 253 255 281 293 338 356 371 385 390 409 412 442 451 458 486 505 510 511 538 567 571 574 576 632 
 40 8 27 29 32 62 69 75 79 80 91 124 136 151 171 172 185 202 227 236 239 241 330 333 349 390 418 425 438 447 466 471 515 528 534 542 543 568 575 621 660 
 28 14 18 60 76 121 162 193 197 216 235 244 280 292 309 339 340 391 412 420 458 467 510 529 565 570 572 602 648 
 27 63 95 104 121 148 166 179 184 206 224 249 324 328 358 396 446 449 457 458 460 492 514 544 601 620 622 623 
 31 3 14 15 20 93 102 114 128 151 183 224 246 247 277 313 333 358 449 454 474 484 486 499 511 546 574 576 578 584 591 652 
 37 54 61 68 87 100 142 158 170 201 229 261 267 280 295 303 310 311 331 349 353 354 401 411 413 418 486 493 529 545 549 586 607 613 614 636 637 653 
 50 13 36 43 63 68 84 150 166 167 203 211 271 272 280 296 302 303 319 326 329 344 345 351 359 362 377 382 384 396 401 438 462 471 480 491 506 518 525 533 547 549 560 582 591 599 631 633 634 652 655 
 46 3 17 19 26 53 54 68 71 92 94 104 107 108 129 143 175 186 196 202 212 273 290 297 302 313 320 346 364 417 427 428 439 441 478 480 485 509 515 529 535 542 588 609 621 622 628 
 29 15 27 72 128 136 143 150 158 208 209 242 282 327 354 385 437 442 445 469 472 503 522 531 570 579 587 611 623 647 
 47 16 18 28 49 52 71 74 78 84 87 95 100 137 175 217 218 220 221 237 259 271 319 320 325 331 345 356 364 376 383 393 394 405 417 420 433 436 485 498 526 543 557 583 600 608 617 660 
 43 7 22 24 30 69 83 92 100 148 154 180 187 191 257 260 271 273 287 312 318 347 359 364 365 394 423 426 440 444 453 481 482 498 509 516 519 534 575 595 616 640 644 663 
 30 29 40 91 107 145 156 161 163 209 232 239 245 280 285 296 403 432 433 443 466 488 516 548 564 578 586 601 629 634 653 
 46 4 19 28 38 42 71 107 113 144 157 159 160 185 218 239 245 249 255 258 300 308 347 361 386 408 409 413 446 447 458 499 504 508 510 514 542 551 600 602 607 609 622 641 650 658 659 
 31 2 4 113 132 174 180 190 193 214 222 230 234 245 246 252 274 296 351 396 398 413 448 452 455 482 487 544 567 579 627 662 
 33 10 14 160 171 178 199 207 238 251 260 292 311 326 334 336 357 359 360 388 396 403 421 428 437 439 495 523 550 597 610 630 635 641 
 37 26 35 53 113 121 127 136 145 156 238 268 281 290 291 304 328 340 364 396 401 402 409 423 450 458 467 471 510 518 536 541 551 585 600 601 633 665 
 38 1 3 35 45 74 85 92 101 114 117 146 170 182 197 216 246 271 291 321 322 354 366 448 461 491 504 527 529 532 536 549 558 574 604 613 623 628 651 
 32 43 67 79 104 108 120 180 189 195 216 229 255 291 315 319 336 357 387 410 416 419 420 446 458 465 488 504 512 575 578 585 591 
 37 1 26 56 77 83 84 90 113 133 159 170 186 194 209 239 280 289 309 327 339 363 384 387 388 390 393 402 436 438 481 499 501 506 541 552 554 606 
 32 31 33 34 48 60 75 96 129 155 157 178 225 266 281 285 342 393 410 411 423 425 428 472 484 493 508 511 583 637 638 645 646 
 48 3 11 23 27 31 64 78 84 100 120 124 132 138 148 166 173 190 210 218 226 276 312 325 339 340 345 356 409 410 414 431 470 493 506 510 528 530 532 555 573 580 599 600 603 605 631 637 662 
 38 43 57 76 81 99 122 142 152 165 202 248 263 309 350 355 359 362 415 419 432 481 497 514 522 527 529 531 545 559 563 569 579 585 635 642 645 646 647 
 38 34 55 66 85 92 199 201 202 217 241 260 266 270 362 375 377 389 396 401 431 435 442 456 457 461 470 516 542 548 553 560 584 600 612 624 641 656 659 
 33 1 48 52 61 102 106 141 165 170 178 184 207 223 239 251 302 402 426 464 488 528 536 537 562 572 578 580 604 620 638 649 650 663 
 43 11 17 34 36 52 56 62 77 85 121 144 150 155 168 174 179 202 203 205 225 228 229 239 267 281 308 327 358 377 439 446 511 517 541 559 560 563 565 567 587 588 616 619 
 41 13 31 33 91 96 106 151 157 167 193 195 217 219 227 234 244 275 285 294 338 339 392 393 408 410 478 510 517 520 521 572 577 584 596 603 609 627 629 632 642 644 
 41 12 16 59 61 68 77 80 88 103 111 119 136 149 171 182 188 189 230 260 295 297 323 324 347 350 382 385 456 475 478 487 498 510 534 550 553 576 630 632 638 649 
 30 2 19 29 65 76 77 125 129 164 178 210 224 227 289 292 349 383 402 410 441 455 482 492 507 526 611 615 619 642 665 
 46 4 21 30 66 94 175 186 219 239 249 252 258 271 279 283 291 292 302 307 318 324 334 352 353 361 375 388 404 416 422 427 438 445 458 478 514 524 556 592 594 607 624 645 647 660 667 
 39 16 20 25 63 91 111 130 138 143 156 157 163 168 173 189 244 256 293 310 357 361 366 384 452 456 466 471 477 523 526 527 554 569 574 595 599 616 624 642 
 35 18 84 119 153 162 163 194 210 232 235 244 249 252 259 300 303 305 358 372 383 393 398 412 439 444 503 527 593 620 621 626 629 645 659 667 
 31 21 39 70 81 82 94 105 115 117 183 218 239 252 282 306 307 319 337 367 378 391 393 398 411 441 453 462 517 546 559 652 
 37 9 33 87 101 110 116 131 142 145 153 173 192 211 231 236 263 264 267 268 317 318 344 379 386 453 490 498 508 527 535 536 557 592 620 645 654 661 
 24 1 8 36 87 88 93 107 178 196 221 229 259 277 330 349 401 407 503 508 515 523 543 612 642 
 40 2 17 18 26 62 69 107 116 162 203 205 213 221 239 247 248 260 280 288 289 301 317 346 355 375 397 406 433 436 439 441 484 505 558 560 584 591 594 613 628 
 42 13 22 26 35 77 102 151 158 165 177 196 211 255 261 265 267 272 275 288 309 339 345 381 393 398 399 408 422 426 431 458 474 503 508 513 523 528 535 562 606 635 649 
 29 15 39 49 86 103 159 167 170 172 178 189 250 266 324 338 351 390 412 427 436 458 480 494 503 514 534 628 653 654 
 40 2 9 26 27 99 103 108 152 181 184 188 219 239 240 241 270 282 289 316 333 358 374 383 391 396 405 451 458 472 501 514 528 542 551 556 584 610 637 639 665 
 35 3 4 26 38 53 69 74 94 115 120 129 130 137 148 153 167 185 193 213 254 284 309 331 338 440 463 472 495 500 509 518 526 578 590 601 
 41 37 48 55 77 89 128 130 151 194 197 210 253 264 291 297 305 322 324 332 336 342 358 359 385 390 450 453 460 477 501 516 518 533 559 560 561 578 581 582 621 639 
 45 42 63 64 69 74 78 94 100 108 122 170 176 184 213 217 248 270 278 283 290 292 295 314 315 324 345 396 409 410 433 479 507 509 533 552 560 582 583 590 593 598 601 615 636 643 
 40 5 13 35 54 84 86 96 97 130 136 143 156 165 183 187 208 229 230 237 242 260 283 317 325 370 371 427 446 478 479 484 493 494 499 520 533 536 543 601 654 
 50 1 2 7 21 42 49 86 102 143 144 157 174 176 198 202 223 251 259 286 311 313 340 345 353 357 372 377 398 402 418 428 461 465 473 493 514 535 557 558 561 563 564 566 569 607 612 623 633 643 654 
 40 3 15 21 30 36 52 60 62 68 97 103 190 193 226 262 288 294 296 305 313 331 338 347 375 378 399 406 442 447 464 465 514 529 535 542 567 579 604 647 661 
 30 92 128 131 135 189 198 241 248 271 319 320 365 380 389 399 441 442 443 447 468 494 549 564 568 609 619 637 647 649 660 
 44 8 12 18 34 47 62 63 72 91 99 120 123 146 158 171 180 199 209 211 216 236 326 350 368 374 375 382 386 399 402 410 413 424 481 490 495 543 559 561 563 596 600 621 665 
 36 16 18 32 38 50 52 64 131 133 161 180 306 310 315 325 353 356 364 376 381 388 394 397 410 412 448 478 493 494 502 537 568 614 629 632 648 
 39 1 15 54 68 79 90 100 106 113 128 131 146 191 196 209 215 292 302 305 324 343 370 372 423 440 463 502 521 530 561 597 600 603 628 633 652 657 661 665 
 36 21 53 56 66 72 73 85 94 100 122 170 193 194 221 222 240 242 253 305 339 341 364 418 472 485 492 500 501 594 620 621 628 650 655 659 662 
 33 3 19 76 88 128 130 138 139 145 162 168 211 245 261 273 275 279 287 309 330 332 346 380 428 441 464 469 517 585 595 601 632 641 
 49 1 38 39 49 83 84 86 88 93 144 145 149 166 169 171 173 204 205 215 227 243 244 251 270 285 314 322 341 345 358 364 365 378 380 403 451 469 479 486 500 506 516 525 551 553 568 580 630 644 
 44 4 8 58 61 62 65 113 120 136 235 241 250 254 261 268 274 276 293 302 362 390 392 394 413 428 431 462 478 481 512 527 539 545 546 547 567 580 593 610 611 613 614 624 626 
 42 2 19 30 44 48 53 68 70 86 116 129 134 138 160 180 195 202 210 240 241 243 252 253 254 281 291 328 331 381 403 423 470 506 524 538 561 575 593 602 615 626 651 
 28 2 7 21 123 140 171 173 212 228 281 330 349 377 401 405 467 475 480 484 535 538 558 568 572 573 614 653 663 
 34 9 29 39 60 64 114 139 173 189 198 226 270 299 308 309 368 380 392 396 436 440 477 494 499 503 504 508 540 541 602 607 633 645 647 
 38 87 98 126 128 133 146 200 212 246 251 258 271 282 283 300 324 329 332 338 344 365 369 370 395 405 406 485 492 498 529 542 578 581 609 638 640 646 650 
 34 6 15 21 22 57 62 85 105 109 116 120 143 146 173 189 234 245 303 310 316 317 388 407 426 427 441 455 474 496 520 550 580 638 643 
 41 7 14 85 103 112 118 133 143 148 193 194 199 204 290 302 329 345 352 356 363 375 397 401 402 404 434 435 454 460 509 534 535 554 581 586 596 607 644 659 661 662 
 38 5 17 35 78 83 86 99 111 129 175 204 219 226 231 245 255 263 268 269 307 332 333 338 339 350 387 426 452 459 484 494 499 504 508 524 601 607 662 
 41 1 25 41 61 81 86 88 91 107 116 169 180 185 203 218 233 235 253 267 283 286 294 331 348 370 377 378 418 420 458 461 485 519 520 534 541 573 581 592 615 656 
 28 15 40 55 63 86 95 96 156 202 205 220 309 314 334 341 349 356 376 414 428 449 463 527 574 615 616 633 659 
 41 7 20 21 24 34 50 83 102 107 114 117 133 209 216 217 228 255 259 269 291 296 298 321 369 371 398 414 425 431 432 435 447 488 509 550 556 562 583 590 600 607 
 33 20 33 34 43 49 52 111 119 129 181 202 228 229 245 320 353 399 419 427 431 438 447 458 462 478 492 508 542 580 599 628 648 654 
 36 22 36 38 75 83 90 95 107 114 165 178 185 199 229 254 265 283 292 308 311 313 344 347 349 368 373 375 397 447 470 496 547 589 592 633 645 
 31 8 37 59 80 83 109 128 130 150 189 219 228 237 271 297 299 318 340 357 395 414 437 471 480 488 521 522 531 635 636 657 
 46 1 5 73 74 92 108 113 147 168 174 178 206 211 216 223 233 261 310 316 330 339 349 367 371 397 404 422 454 473 508 512 515 521 522 533 535 545 574 575 579 589 604 613 616 639 648 
 33 40 75 102 171 197 209 216 220 238 244 275 277 285 287 293 314 358 430 459 465 467 481 485 489 521 533 550 551 584 608 610 622 641 
 41 4 11 25 35 44 45 48 91 99 106 113 114 128 159 170 193 195 207 226 233 261 286 339 345 351 362 373 410 435 479 499 550 559 560 562 567 591 610 617 632 656 
 47 20 21 25 53 89 135 172 174 192 210 214 222 245 256 268 295 302 306 330 338 339 351 374 377 397 418 439 452 460 467 481 486 493 509 525 558 559 580 582 584 585 589 591 624 632 655 661 
 36 1 2 18 35 56 104 120 130 152 159 160 165 186 236 252 266 291 332 425 452 462 476 485 489 513 560 565 573 575 580 584 586 610 613 620 644 
 39 17 35 37 53 65 69 79 109 113 150 154 160 190 217 266 296 304 312 318 327 366 380 396 411 420 462 468 495 567 569 573 586 596 598 601 614 620 646 649 
 35 13 20 26 40 69 76 108 157 226 234 239 271 302 325 342 346 374 375 385 403 405 414 428 449 459 467 486 508 527 549 573 595 613 645 661 
 32 6 33 34 41 49 78 87 110 187 198 280 308 327 350 360 369 376 392 401 404 406 441 456 481 485 494 548 559 601 631 653 659 
 38 23 43 57 61 141 163 173 199 240 247 250 267 280 283 295 324 364 383 386 395 464 484 496 541 560 567 574 602 613 615 625 627 635 638 639 640 648 664 
 38 25 28 60 71 84 98 143 195 238 262 267 282 300 304 310 316 317 327 343 356 378 387 431 432 454 465 487 498 530 541 556 577 600 608 632 651 653 662 
 34 7 9 10 11 38 57 75 76 113 129 146 160 221 227 314 356 367 384 390 406 446 488 518 528 533 561 573 587 629 634 635 646 657 661 
 36 15 28 101 120 143 156 183 188 273 276 302 307 315 326 337 345 354 363 448 478 507 523 534 539 545 550 559 569 571 584 631 638 639 640 656 666 
 36 19 22 33 40 50 59 84 92 112 139 142 152 167 179 184 230 270 297 312 321 333 335 355 360 387 396 397 425 441 454 461 551 568 596 634 659 
 37 56 113 124 143 144 166 170 178 179 187 195 196 211 213 218 233 279 299 303 307 340 412 430 432 435 443 459 499 564 578 586 589 598 608 636 658 664 
 40 16 43 52 53 56 73 77 113 166 183 203 214 216 250 255 263 281 285 306 389 397 398 403 409 431 458 482 483 485 495 499 509 526 585 607 620 625 633 643 645 
 41 15 45 48 58 60 61 84 128 130 134 160 180 191 214 215 216 244 245 254 272 324 364 371 399 402 435 491 494 505 537 539 542 559 561 570 600 605 612 641 660 661 
 41 17 50 52 68 77 91 101 113 114 122 136 165 170 179 185 203 206 232 242 256 257 272 280 288 297 302 340 357 427 448 514 528 541 596 597 600 608 626 631 634 650 
 50 12 20 42 52 65 84 93 112 123 152 179 204 227 238 269 271 292 311 377 383 399 411 427 433 439 451 471 481 485 500 503 505 519 536 543 547 549 565 586 590 591 594 596 597 600 604 621 647 648 653 
 38 16 39 48 95 108 127 133 147 167 210 244 245 272 282 314 316 331 332 333 350 361 365 392 396 443 456 463 478 484 522 540 546 550 560 608 637 640 648 
 41 4 76 98 105 128 160 165 166 170 175 179 188 233 260 271 303 304 305 320 345 353 373 386 395 396 407 419 446 450 469 470 503 526 560 562 568 590 605 611 628 644 
 43 2 25 44 51 54 83 99 115 121 122 125 138 143 176 200 204 209 212 218 229 247 249 280 334 359 380 401 421 444 453 459 462 496 506 515 533 534 541 548 573 621 626 627 
 31 11 36 37 68 85 100 102 104 122 124 139 155 191 312 321 333 379 397 415 425 458 460 473 498 501 535 543 559 573 626 646 
 47 19 54 60 63 201 207 209 213 228 232 234 242 281 299 307 316 318 326 346 348 352 359 363 366 369 383 410 414 416 422 429 431 452 458 493 527 544 554 557 568 576 579 604 606 620 646 654 
 43 7 10 34 53 56 92 104 183 223 241 246 255 278 303 304 306 320 331 345 369 373 375 390 403 419 453 455 468 494 499 505 508 531 533 541 559 562 608 619 636 638 648 654 
 48 1 44 98 101 102 113 169 210 212 216 236 252 260 264 265 273 281 296 304 317 325 328 331 343 351 368 369 376 377 390 392 397 416 423 438 487 488 535 541 544 547 563 595 614 620 652 653 665 
 45 8 25 27 28 42 54 85 109 126 129 130 136 159 162 224 226 233 279 298 322 330 357 360 370 371 382 390 413 420 438 476 478 492 499 504 522 544 550 620 630 631 639 642 662 664 
 47 9 22 28 33 34 43 50 79 89 119 161 165 168 172 178 179 209 216 238 252 261 279 330 331 335 368 370 379 390 429 431 439 447 450 466 485 488 530 532 533 545 571 573 577 579 649 663 
 45 7 23 25 36 60 66 104 108 110 113 124 132 147 151 155 177 239 244 263 276 295 298 308 314 318 325 330 335 340 344 346 350 380 425 428 434 450 479 487 500 514 515 556 557 581 
 29 19 60 67 167 185 191 197 204 217 225 278 300 309 310 357 385 447 453 465 466 493 500 530 551 559 560 589 662 663 
 44 12 30 45 60 70 80 84 85 101 111 167 193 198 224 232 252 310 354 369 376 387 398 422 425 427 435 459 465 472 484 504 508 514 535 543 579 591 599 622 636 637 652 658 662 
 39 12 23 33 34 110 115 124 129 138 140 144 151 156 161 168 170 195 233 349 396 401 409 419 421 422 452 459 500 502 521 523 525 534 539 562 599 602 626 662 
 47 16 48 55 77 123 136 137 151 158 160 174 178 219 231 234 262 265 287 311 317 344 380 409 417 426 431 441 443 460 473 481 488 504 510 514 520 521 532 549 559 563 565 602 619 626 656 666 
 32 37 101 137 214 217 231 242 251 294 301 308 318 327 346 368 419 441 459 462 465 468 473 513 524 553 568 576 591 607 639 640 655 
 40 28 85 96 144 161 178 184 190 230 236 240 243 247 254 272 295 308 324 333 341 345 375 380 383 403 450 453 482 491 497 505 525 528 537 566 571 601 629 652 657 
 40 16 21 41 93 98 145 155 157 159 166 168 170 180 194 196 225 254 260 308 326 345 348 364 393 394 410 431 444 450 455 465 470 547 570 573 575 584 585 606 659 
 38 14 55 92 100 119 151 183 193 199 251 293 296 308 349 362 363 372 413 417 431 437 438 449 460 464 480 498 511 517 523 556 567 590 622 626 632 660 665 
 48 23 32 35 62 63 65 101 108 109 159 172 204 220 244 271 281 297 312 316 317 341 342 351 363 371 372 376 390 398 424 432 434 473 476 484 545 565 580 584 599 611 618 629 630 652 653 656 666 
 36 1 22 48 59 68 75 130 161 175 252 266 268 283 311 317 367 384 393 400 401 403 428 438 439 452 460 503 525 536 551 559 595 633 638 655 663 
 39 5 14 34 50 54 109 114 120 125 132 139 143 158 193 198 211 212 229 249 251 260 265 318 319 326 332 342 352 366 369 384 411 427 459 482 516 561 619 641 
 33 16 25 58 68 78 80 84 108 121 122 181 201 239 260 274 289 295 305 326 332 352 420 435 457 467 496 504 558 599 607 614 620 653 
 50 33 69 83 90 110 128 138 144 153 154 161 184 188 190 194 196 207 209 210 240 261 262 279 284 318 349 354 357 358 369 376 387 432 440 442 443 452 461 478 498 500 514 515 517 518 544 554 620 621 655 
 36 15 26 68 142 148 160 175 188 189 197 200 211 212 225 229 230 234 279 284 307 310 350 360 375 389 412 438 440 473 500 542 584 613 648 655 664 
 45 8 9 11 15 16 36 42 55 61 92 97 103 107 135 183 185 188 201 216 233 252 254 275 318 338 351 361 377 408 429 432 441 448 466 526 527 553 560 570 586 600 632 637 645 646 
 49 2 15 27 29 34 46 48 55 60 62 70 74 80 103 109 128 141 146 156 190 216 221 229 236 244 253 290 296 312 352 398 415 416 422 424 425 465 472 487 493 521 527 530 564 574 580 582 601 602 
 44 15 33 34 43 60 64 69 78 89 125 139 162 179 208 227 248 288 308 331 339 341 350 363 374 376 384 390 397 400 404 418 427 434 437 460 474 529 557 571 573 599 610 626 663 
 40 36 43 54 68 86 125 222 264 265 271 276 286 289 303 320 331 342 343 346 361 395 396 409 426 432 446 447 454 466 484 512 524 585 598 612 616 634 636 653 655 
 40 8 75 82 107 113 115 121 150 170 205 216 222 224 225 243 281 300 324 355 362 365 371 375 398 401 402 417 419 429 447 493 517 536 563 611 616 619 642 650 652 
 42 34 63 75 79 93 102 121 153 166 178 214 217 239 244 245 247 256 292 295 338 341 348 349 351 371 379 391 409 410 418 431 435 489 499 540 544 549 572 590 626 640 653 
 32 11 36 58 59 93 119 144 157 165 169 172 203 209 233 235 267 268 276 281 306 312 359 395 442 488 505 520 526 531 572 595 627 
 31 8 38 63 111 113 139 152 172 193 209 232 253 284 290 315 370 376 381 383 396 411 415 425 426 533 556 561 591 609 638 641 
 36 27 31 33 45 61 96 119 128 131 158 203 204 219 243 267 271 274 311 313 342 362 368 391 397 401 485 489 515 544 568 592 612 622 626 632 644 
 39 3 6 47 60 74 107 179 190 194 196 230 232 252 256 262 272 274 296 297 326 339 351 353 366 368 415 446 453 480 487 495 522 530 600 601 616 625 645 659 
 34 5 33 52 53 83 93 102 113 114 141 157 177 194 196 233 245 250 290 314 331 356 509 528 541 551 572 608 609 629 632 638 646 660 662 
 44 20 75 79 83 118 135 144 175 249 260 262 266 267 282 295 327 328 333 342 347 357 360 364 397 405 419 435 446 466 467 483 488 494 506 540 556 587 603 613 640 646 648 650 665 
 41 5 9 10 28 30 150 187 193 219 235 242 250 261 262 272 274 284 286 309 339 362 385 390 391 398 418 422 429 448 449 464 472 483 504 528 556 569 613 615 654 659 
 44 14 16 42 54 70 91 99 101 126 129 147 188 193 195 239 264 293 332 341 350 390 401 409 414 420 427 437 438 458 459 487 552 565 573 574 590 622 623 629 633 634 651 661 664 
 25 5 36 48 75 85 132 165 187 205 254 280 281 288 289 321 346 463 479 516 521 582 597 603 620 638 
 36 3 8 40 71 102 140 143 183 190 194 220 266 280 284 291 299 304 325 336 369 370 397 442 450 473 505 512 523 576 597 604 611 632 641 656 660 
 45 13 22 26 27 49 76 119 123 127 130 165 178 186 193 194 233 240 246 256 257 266 312 330 350 378 396 411 430 449 455 465 510 515 527 567 569 573 580 587 593 596 619 622 635 645 
 42 1 10 11 39 42 46 74 79 87 105 108 113 119 136 142 145 183 198 248 253 257 287 294 332 334 383 385 431 462 483 484 509 515 562 567 575 581 599 627 647 654 662 
 40 8 18 37 54 64 101 103 110 121 150 159 202 207 216 217 232 266 274 294 313 331 336 339 357 374 427 449 457 466 471 472 504 520 540 567 579 589 607 645 663 
 40 29 64 95 110 132 151 171 182 183 193 195 209 223 232 240 280 298 331 334 354 358 368 371 399 400 425 433 455 465 498 505 515 520 543 555 561 564 570 598 616 
 38 39 76 93 97 122 148 150 218 225 230 245 246 260 261 281 293 316 319 324 341 350 352 384 404 414 421 432 437 449 479 482 487 529 533 545 587 643 656 
 50 43 73 82 88 97 114 121 128 136 138 145 159 167 182 193 217 218 225 296 304 324 326 333 337 342 367 407 418 438 453 454 456 458 468 493 509 511 516 517 522 537 539 543 563 564 581 584 620 622 644 
 41 17 48 55 101 108 109 124 147 162 170 185 196 208 217 233 240 271 290 295 361 368 373 378 392 415 432 436 467 472 480 538 552 575 590 607 608 619 624 631 652 659 
 41 17 25 35 58 75 76 85 117 120 123 125 134 137 157 159 258 262 269 272 280 285 297 315 325 334 335 352 392 395 402 459 460 482 484 528 569 573 578 598 649 655 
 41 6 68 69 82 115 184 232 233 235 239 276 310 341 342 356 370 371 383 401 404 409 433 440 451 453 465 467 472 475 476 498 499 501 508 509 526 558 612 636 654 660 
 40 1 45 46 47 52 57 97 107 141 143 175 209 217 233 260 263 267 270 296 301 304 316 381 397 402 407 423 438 461 472 497 500 532 561 617 618 623 624 627 628 
 38 17 71 116 119 137 142 146 150 154 188 195 212 234 255 268 286 303 318 322 330 334 338 400 413 432 457 476 483 489 495 510 514 547 579 602 629 633 660 
 32 33 66 70 78 85 91 118 131 208 233 253 275 308 338 339 356 385 398 431 460 472 479 513 516 517 546 563 570 618 654 657 660 
 34 17 20 36 38 137 157 188 208 324 339 352 362 381 384 387 394 396 457 460 461 464 466 478 487 515 533 536 557 563 572 583 612 632 639 
 40 10 61 77 108 110 119 154 205 208 231 232 239 247 248 268 272 274 296 346 357 374 386 401 418 426 432 453 458 464 490 496 506 507 551 573 583 590 619 625 628 
 37 15 70 100 108 156 193 230 242 269 279 286 290 319 346 368 383 403 408 417 420 447 458 495 504 508 512 524 536 561 570 583 587 611 614 649 650 662 
 41 1 27 31 44 58 67 69 75 78 105 164 184 186 187 202 203 219 220 224 260 286 311 353 369 390 402 448 453 463 467 474 477 493 501 534 543 574 579 614 617 645 
 39 3 13 49 72 85 87 91 132 150 157 158 171 184 245 279 282 284 319 324 332 346 368 382 385 388 390 397 404 409 410 426 440 460 498 517 538 546 568 647 
 37 17 56 99 113 153 161 181 189 231 240 260 276 281 301 307 308 317 338 339 360 372 391 392 402 412 413 419 433 449 459 479 498 504 635 644 652 659 
 35 14 26 35 50 51 58 107 132 133 158 183 189 195 199 213 246 247 266 290 334 351 375 428 442 448 480 490 503 506 512 538 549 568 623 652 
 34 7 25 26 53 57 59 64 102 127 158 159 161 167 171 182 232 240 277 330 353 357 360 391 415 425 458 464 485 527 535 544 549 608 618 
 32 18 46 87 93 114 137 152 166 200 212 251 276 300 304 320 324 332 358 378 411 430 432 454 474 492 494 496 531 542 555 621 648 
 44 8 18 20 26 37 45 52 80 81 90 91 106 123 147 150 173 176 188 194 203 209 211 214 305 312 313 339 352 402 433 444 485 509 511 518 550 580 599 608 613 619 629 659 663 
 47 2 16 17 28 35 42 76 83 97 120 123 134 136 149 151 163 170 193 201 220 254 271 298 303 323 335 366 369 378 379 404 411 419 427 436 476 503 504 514 541 542 549 560 565 581 598 639 
 33 1 18 70 100 102 131 162 168 181 191 197 201 237 238 269 291 319 335 377 384 423 454 459 464 468 498 515 532 556 586 602 609 635 
 53 8 9 10 34 53 60 83 92 93 98 112 115 120 121 134 138 147 154 170 171 183 191 201 247 249 269 273 274 280 311 338 350 358 362 410 434 453 467 475 487 503 537 560 572 609 615 625 645 646 653 658 661 664 
 37 3 36 75 108 115 125 128 140 141 158 189 206 230 263 265 280 292 294 300 309 337 340 359 362 375 383 398 434 441 448 485 495 508 527 590 614 653 
 38 1 4 15 38 40 54 66 96 104 113 145 149 157 161 168 266 309 350 390 392 393 404 406 427 428 429 439 456 479 498 537 541 553 556 569 574 634 644 
 46 2 9 12 18 26 27 42 43 61 62 78 82 84 116 131 136 143 171 176 228 233 244 270 290 297 321 328 330 356 358 365 426 432 440 485 486 492 494 535 546 578 606 617 627 632 660 
 34 16 18 22 23 28 33 56 131 134 135 147 163 197 237 256 262 269 349 351 376 434 455 469 471 518 534 540 552 558 574 603 633 641 661 
 40 9 10 44 45 77 107 114 127 144 151 183 185 194 234 241 263 287 292 308 325 349 359 401 415 416 436 445 447 458 495 501 503 515 527 541 578 633 637 652 654 
 39 18 25 28 38 67 74 93 105 198 202 204 209 234 244 253 273 303 327 348 362 367 388 392 407 417 442 503 511 552 558 578 589 595 600 620 631 639 644 652 
 32 1 25 36 37 43 56 59 74 101 119 178 224 294 302 335 362 392 411 428 429 431 481 503 510 513 529 530 585 606 614 624 633 
 45 11 16 35 48 49 74 79 87 94 125 171 176 180 221 235 268 272 298 317 333 349 377 383 385 394 414 421 426 434 440 496 497 515 526 542 550 561 571 582 589 602 618 654 656 657 
 34 2 19 32 84 88 100 110 122 124 128 184 217 218 230 266 273 332 341 425 447 453 465 472 475 509 552 564 565 567 575 576 579 581 652 
 39 20 42 53 54 63 74 91 100 109 119 150 198 210 241 248 257 259 273 275 283 310 333 365 401 405 410 412 421 440 455 486 496 544 552 595 597 630 634 641 
 37 15 41 47 65 70 74 119 123 142 151 157 181 184 193 205 225 252 259 322 325 340 386 387 391 403 473 499 501 513 521 537 549 553 555 576 585 619 
 33 97 111 113 120 132 143 150 158 172 202 226 245 248 269 303 340 365 379 419 433 443 448 450 451 494 522 536 545 548 566 580 628 642 
 47 9 12 15 30 57 75 88 94 102 110 113 115 137 151 152 156 157 167 173 189 193 210 242 246 266 282 302 321 344 372 373 412 429 432 437 466 486 515 519 522 534 538 546 578 585 602 638 
 44 75 80 95 103 126 144 148 152 183 185 196 221 224 229 239 263 264 275 277 294 310 324 325 331 358 361 384 385 400 409 413 431 452 455 458 489 516 549 559 570 590 613 644 649 
 34 15 24 70 117 132 148 152 201 202 221 228 231 232 234 239 266 284 364 376 411 426 429 439 465 503 525 542 549 568 573 586 630 637 651 
 50 2 12 34 35 48 52 59 83 132 154 156 157 163 165 170 177 179 189 203 208 211 214 215 225 247 266 270 295 308 309 311 336 366 375 383 399 403 405 434 442 453 463 492 527 566 597 603 623 634 639 
 28 8 15 66 107 171 176 184 218 225 238 265 273 297 363 366 372 374 409 420 429 433 545 578 581 589 590 608 646 
 43 2 17 19 30 45 58 79 90 104 109 120 159 161 169 186 211 252 253 294 302 316 325 333 334 350 351 363 386 413 414 418 446 489 500 510 567 572 578 595 608 628 661 666 
 41 1 15 37 39 59 68 85 91 100 108 157 166 200 210 226 332 343 347 365 398 401 404 432 444 469 472 473 507 524 528 534 542 558 563 575 587 613 619 627 630 655 
 47 5 9 14 29 44 51 55 87 88 99 107 130 165 172 185 203 220 223 231 264 273 279 290 303 319 367 376 386 396 420 438 439 445 451 463 466 486 510 526 538 571 605 611 612 647 659 662 
 35 16 20 34 65 69 93 150 166 203 224 231 245 295 317 320 327 334 348 382 406 421 423 426 434 446 495 502 535 543 544 555 571 572 610 645 
 53 5 20 43 47 60 77 109 126 134 151 166 167 183 194 211 215 218 223 228 247 269 271 275 285 291 323 346 363 384 421 434 459 474 475 483 495 508 520 560 575 577 578 580 595 607 614 627 631 632 643 655 660 664 
 42 44 54 55 79 91 95 99 101 114 123 144 195 202 238 240 255 264 282 296 306 353 362 363 377 417 421 425 439 461 464 469 475 559 566 572 577 583 586 597 601 603 628 
 39 6 14 19 33 48 60 76 92 114 137 145 166 180 193 208 216 228 234 262 272 294 308 340 344 350 354 433 439 442 446 476 485 509 567 578 613 642 647 650 
 36 10 27 48 49 57 61 71 72 78 105 119 122 136 147 192 238 261 294 338 345 351 355 370 383 390 394 426 460 498 505 524 537 578 600 605 660 
 44 11 14 16 55 57 68 151 153 158 170 174 176 240 242 244 290 298 299 325 329 353 359 369 382 391 404 406 446 460 465 471 479 490 515 525 553 567 588 597 612 614 621 640 644 
 45 2 4 19 27 29 53 75 101 106 113 115 124 151 155 160 183 203 206 210 219 259 271 273 284 305 323 325 329 330 333 368 378 384 396 426 443 524 541 557 559 569 596 622 623 638 
 47 12 17 33 43 44 48 52 59 90 99 100 115 120 123 165 168 200 206 209 210 224 235 241 252 271 277 293 350 368 390 394 434 438 474 475 482 493 515 531 552 561 567 571 595 607 622 640 
 47 5 10 17 25 29 37 49 69 75 83 107 129 136 145 149 168 245 257 265 267 283 309 332 338 347 351 369 374 382 391 421 446 468 505 507 526 543 552 561 562 567 593 602 626 640 645 655 
