 200 667
 3 3 3 3 3 5 6 6 6 6 6 9 9 9 9 9 9 9 12 12 12 12 14 15 15 15 15 15 15 15 18 18 18 18 18 18 18 20 21 21 21 21 21 21 21 23 24 24 24 24 24 25 27 27 27 27 27 27 27 30 30 30 30 33 33 33 33 33 33 33 33 34 36 36 36 36 38 39 39 39 39 39 39 40 42 42 42 42 44 45 45 45 46 48 48 48 48 49 51 51 51 51 51 51 52 54 54 54 54 54 54 56 57 57 57 57 57 57 57 57 59 60 60 60 61 63 63 63 63 63 63 63 63 66 66 66 66 66 68 69 69 69 69 69 72 72 72 72 72 72 72 72 73 75 75 75 75 75 75 75 75 75 76 78 78 78 78 78 78 78 79 81 81 81 81 81 82 84 84 84 84 86 87 87 87 87 87 90 90 90 90 90 90 92 93 93 93 93 93 95 96 96 96 96 96 96 98 99 99 99 99 101 102 102 102 102 102 105 105 105 105 105 105 105 106 108 108 108 108 108 108 108 110 111 111 111 111 111 114 114 114 114 114 114 114 117 117 117 117 117 117 117 120 120 120 120 120 120 121 123 123 123 123 123 123 124 126 126 126 126 126 126 128 129 129 129 129 131 132 132 132 132 132 134 135 135 135 135 135 135 136 138 138 138 138 138 140 141 141 141 141 141 141 141 141 144 144 144 144 144 144 144 144 147 147 147 147 148 150 150 150 150 150 150 153 153 153 153 153 153 155 156 156 156 156 156 156 159 159 159 159 159 159 159 160 162 162 162 162 162 162 164 165 165 165 165 165 166 168 168 168 168 168 168 170 171 171 171 171 171 171 171 171 173 174 174 174 174 174 174 177 177 177 177 177 178 180 180 180 180 183 183 183 183 183 184 186 186 186 186 188 189 189 189 189 189 189 189 190 192 192 192 192 192 192 192 194 195 195 195 195 198 198 198 198 198 201 201 201 201 201 201 203 204 204 204 204 204 207 207 207 207 207 207 207 207 209 210 210 210 210 210 210 212 213 213 213 213 213 213 213 213 216 216 216 216 216 216 218 219 219 219 219 219 219 222 222 222 222 222 222 225 225 225 225 225 225 225 227 228 228 228 228 228 228 228 230 231 231 231 231 231 232 234 234 234 234 234 234 234 236 237 237 237 237 237 237 239 240 240 240 240 240 240 240 241 243 243 243 243 243 243 244 246 246 246 246 246 246 246 246 246 249 249 249 249 249 250 252 252 252 252 252 252 252 254 255 255 255 255 255 255 258 258 258 258 258 258 258 258 259 261 261 261 261 261 261 264 264 264 264 264 264 267 267 267 267 267 267 270 270 270 270 270 270 272 273 273 273 273 273 273 273 274 276 276 276 276 276 276 278 279 279 279 279 279 282 282 282 282 282 282 283 285 285 285 285 285 285 285 288 288 288 288 288 288 289 291 291 291 291 291 291 291 291 294 294 294 294 294 294 294 294 295 297 297 297 297 297 299 300 300 300 300 300 300 200 
 35 3 32 40 47 100 112 113 128 135 191 209 213 218 241 242 310 318 320 353 384 392 430 434 439 455 461 469 488 509 528 534 585 615 623 638 
 42 13 15 17 32 84 108 137 148 174 204 218 244 261 269 280 292 299 315 345 350 354 362 387 389 431 439 451 477 514 543 546 550 552 557 560 566 588 590 618 647 649 654 
 35 48 56 115 145 154 204 219 227 240 243 267 284 298 309 333 354 385 397 400 415 421 429 439 448 474 478 509 567 597 601 612 625 634 647 662 
 31 34 44 61 78 117 118 134 154 184 194 199 202 212 215 252 284 309 402 407 415 446 457 472 503 549 568 573 578 611 623 660 
 47 10 11 25 32 35 43 55 65 81 95 108 109 121 149 154 202 205 212 246 255 259 261 262 263 339 350 355 368 376 423 439 453 469 478 485 497 511 518 519 529 571 588 592 604 620 637 638 
 44 25 35 85 94 98 99 101 115 131 171 189 206 214 241 255 260 268 333 342 347 350 355 366 368 374 387 391 399 402 433 460 469 521 539 563 569 584 601 602 625 626 641 654 656 
 38 8 20 83 95 102 126 130 153 177 189 201 207 211 221 233 235 255 263 275 302 308 311 318 336 349 352 369 420 433 440 447 464 503 544 563 592 597 622 
 51 2 4 15 32 45 53 89 105 139 155 162 174 196 221 223 231 246 253 275 287 289 300 322 339 342 348 353 369 378 388 404 407 434 442 473 474 497 498 507 516 523 535 543 545 547 553 567 584 629 649 662 
 35 22 36 50 53 67 68 114 124 130 143 172 179 199 203 241 278 292 306 343 391 404 418 422 426 463 498 528 556 580 596 617 625 638 655 664 
 51 14 31 34 44 61 65 69 78 85 95 102 105 117 151 174 179 182 197 200 220 230 251 254 265 267 284 293 299 340 383 388 393 396 399 402 425 437 455 473 495 498 504 505 539 544 571 599 609 614 617 648 
 35 19 31 36 55 60 115 124 125 133 134 135 204 209 212 241 256 259 291 298 303 319 326 375 412 483 526 529 536 568 586 610 618 627 631 658 
 39 17 26 36 55 65 90 112 116 129 154 171 180 183 186 223 228 246 288 292 293 297 330 358 360 363 365 393 403 429 437 477 485 507 523 550 578 610 649 656 
 34 2 4 7 25 33 90 95 114 125 134 146 155 156 169 196 219 245 249 280 293 314 363 377 397 437 456 486 505 539 561 570 600 614 635 
 42 8 16 20 39 45 99 104 122 130 131 154 160 195 206 242 271 274 302 330 346 356 365 368 387 403 427 431 440 454 482 483 486 504 505 563 569 579 612 613 621 633 657 
 42 9 13 28 40 44 48 74 78 80 99 135 147 194 230 250 251 274 290 301 342 359 402 427 429 432 456 463 474 477 509 514 545 548 555 559 573 579 590 599 654 657 666 
 31 8 32 52 69 109 114 122 164 209 221 274 283 341 440 457 469 485 500 501 502 513 534 538 543 555 581 584 627 633 646 661 
 45 4 7 14 65 77 79 99 100 106 113 168 183 212 218 247 249 254 268 287 319 335 391 401 427 441 447 478 491 524 534 542 572 573 575 576 588 592 607 620 627 629 661 663 665 667 
 37 4 55 87 89 90 96 153 188 211 229 237 250 266 285 319 340 347 356 389 391 398 464 477 484 494 513 515 552 583 591 592 605 613 626 644 656 660 
 35 48 69 73 74 75 82 128 132 146 164 245 253 255 285 293 306 324 325 329 338 348 366 405 418 437 476 498 504 514 519 526 561 654 657 665 
 41 31 32 47 64 68 107 116 125 129 177 203 251 255 257 261 263 279 281 292 302 319 326 338 348 381 388 392 399 401 407 410 422 426 440 448 487 521 540 559 575 583 
 33 1 15 64 171 175 204 293 302 320 338 339 360 362 373 381 412 417 438 441 479 512 533 544 549 563 576 580 582 641 642 646 648 664 
 37 3 23 33 52 60 68 77 85 142 155 165 170 179 213 235 241 254 270 276 326 352 370 398 411 431 487 503 530 536 564 576 580 596 597 647 655 663 
 46 13 16 46 50 56 71 86 114 117 125 146 185 201 214 224 230 239 243 265 278 290 295 304 309 328 329 352 367 393 414 419 438 447 454 464 470 496 519 541 583 611 620 632 638 644 650 
 32 6 80 85 92 101 134 145 148 160 165 182 188 208 233 242 246 262 278 306 348 353 377 424 476 507 524 545 559 578 620 624 655 
 42 28 34 53 65 66 72 73 87 119 165 180 182 183 202 227 231 245 259 267 269 287 314 315 316 342 343 377 389 415 423 428 450 451 477 483 517 520 561 583 617 622 666 
 28 53 92 94 129 141 165 166 234 243 266 272 298 310 341 463 486 519 523 531 532 536 564 565 569 571 589 606 650 
 31 23 29 47 52 69 75 129 172 180 212 216 226 246 253 256 258 277 278 279 301 341 359 438 457 500 523 561 607 619 635 638 
 33 6 17 120 126 144 146 170 213 219 239 240 268 274 287 293 314 318 326 347 405 449 557 567 574 578 600 611 613 619 623 636 649 650 
 39 13 19 34 70 89 119 138 150 174 185 208 209 216 217 240 267 333 339 365 366 396 418 422 433 465 472 515 527 532 549 558 594 627 634 637 641 658 660 666 
 31 7 21 23 53 63 88 94 100 149 164 167 173 181 240 246 258 292 294 348 383 451 465 478 518 522 541 550 561 587 617 621 
 39 19 46 51 60 70 95 100 127 137 163 204 210 236 275 287 294 301 306 352 356 366 389 397 410 415 427 441 448 454 458 463 465 469 494 508 534 537 552 656 
 51 30 55 56 64 71 76 77 84 87 94 121 144 156 157 159 188 192 194 207 221 229 253 306 307 322 342 343 345 377 402 407 427 432 434 450 455 466 470 478 497 504 535 543 553 556 595 596 605 611 624 661 
 39 10 88 101 110 115 116 158 178 181 182 200 226 228 278 280 285 307 379 394 406 409 412 434 437 443 447 457 489 521 534 537 544 549 569 602 613 631 633 635 
 43 19 20 29 42 52 60 66 88 92 93 94 99 106 108 134 185 210 212 233 250 261 275 288 295 320 340 359 361 411 430 473 485 490 492 493 533 544 550 590 617 618 645 647 
 35 11 57 61 126 134 137 142 143 145 179 193 195 244 248 250 279 319 322 332 340 354 368 381 382 471 476 489 490 520 527 562 580 601 609 665 
 47 1 12 22 27 36 58 64 67 95 97 115 119 126 146 151 155 178 200 224 226 231 246 307 320 339 352 391 409 421 435 456 499 520 525 528 541 549 562 568 584 592 613 641 649 658 663 665 
 37 1 12 38 43 63 70 71 91 93 121 123 133 136 156 169 179 198 214 241 264 287 316 317 334 337 359 419 435 456 487 533 543 546 588 596 625 640 
 44 3 18 22 32 33 60 79 105 121 147 157 163 187 191 195 214 226 308 332 338 343 351 358 366 379 426 430 444 454 456 458 460 477 514 515 535 541 548 552 555 578 586 632 648 
 36 2 5 13 73 74 79 124 127 136 160 182 184 218 240 246 349 354 366 375 394 413 428 439 492 500 538 556 562 566 578 580 596 607 629 648 664 
 31 3 110 166 201 210 226 240 254 297 310 338 348 354 401 412 418 425 429 450 477 479 526 543 587 592 596 619 628 633 640 646 
 48 2 46 49 74 75 107 111 112 119 145 146 167 198 204 223 229 235 247 254 285 289 292 293 371 398 404 422 434 436 441 463 482 494 500 511 519 529 536 539 547 556 570 576 580 596 609 617 655 
 40 16 18 21 41 87 89 91 111 119 122 126 130 144 151 157 172 180 204 206 209 214 267 284 316 332 355 370 383 410 422 459 476 481 509 531 587 605 639 642 643 
 40 8 34 50 60 82 87 93 95 134 137 149 156 163 205 271 276 279 282 289 293 324 338 349 355 394 433 456 488 489 505 513 534 559 564 568 589 590 600 621 641 
 46 77 83 88 92 105 119 122 123 140 153 175 178 181 188 201 202 203 222 231 233 246 247 253 268 280 313 314 332 367 373 383 388 392 397 406 413 476 480 511 540 551 558 578 618 637 648 
 41 19 23 33 42 43 47 56 81 91 173 195 196 240 244 247 277 278 285 286 302 374 375 382 405 418 423 431 442 455 457 471 503 506 519 529 535 563 565 590 608 654 
 46 18 25 27 31 40 64 66 79 93 100 114 123 138 152 165 169 187 200 213 234 254 325 333 336 338 349 413 417 418 419 476 480 487 489 501 511 519 531 543 551 597 612 613 633 639 648 
 35 31 53 58 65 98 108 114 115 122 124 132 201 214 247 290 296 321 331 337 338 361 366 377 397 410 425 435 463 505 566 606 615 623 625 649 
 44 3 23 24 27 40 86 95 122 146 149 168 176 193 196 197 211 221 259 274 297 306 314 319 331 348 366 383 413 428 444 469 483 498 515 563 573 576 597 599 600 601 621 645 655 
 43 6 12 79 123 152 154 160 169 171 198 223 239 243 258 259 261 263 268 302 305 320 348 374 383 415 426 429 431 442 470 478 486 492 505 520 541 544 545 558 574 576 608 638 
 33 4 28 38 75 121 127 173 189 194 222 235 262 308 341 361 379 400 402 403 433 458 470 472 473 479 483 498 511 522 540 610 632 646 
 47 12 28 72 75 78 81 93 96 99 122 139 141 181 202 212 260 268 274 282 285 294 297 314 397 418 432 435 441 443 467 493 507 522 528 550 558 568 571 598 604 610 613 617 624 628 646 664 
 36 40 99 106 112 115 123 175 196 205 209 240 251 253 263 273 276 304 381 396 401 402 482 493 513 516 518 521 549 572 582 597 624 631 632 644 646 
 50 2 12 38 55 57 60 112 113 115 146 154 177 188 198 210 222 225 226 230 249 254 270 292 306 312 319 322 327 338 349 360 383 384 388 408 434 477 487 544 551 572 581 592 599 611 620 621 650 651 661 
 48 13 24 33 47 48 81 85 116 119 125 164 173 183 186 190 194 199 212 239 264 278 304 314 318 340 346 352 375 384 392 396 403 411 420 427 455 456 487 537 579 582 590 620 622 634 639 647 661 
 41 6 38 52 55 58 70 89 128 146 154 155 165 167 173 174 182 189 202 222 235 261 273 283 294 308 339 382 397 404 407 419 482 484 525 534 546 550 597 618 636 665 
 32 60 61 77 134 219 224 248 272 281 299 307 308 325 339 367 406 409 434 439 463 473 493 498 508 513 526 553 597 598 613 633 659 
 43 49 55 59 62 71 80 90 141 151 167 183 204 237 251 256 273 274 275 290 300 318 321 323 347 374 401 427 459 462 467 470 501 513 542 543 557 573 577 578 599 650 651 657 
 40 17 24 48 53 73 113 122 123 143 154 155 163 176 193 203 215 218 219 254 259 286 304 307 312 325 339 340 348 361 367 377 439 491 543 593 598 631 635 647 661 
 47 1 15 16 24 44 60 62 63 95 156 172 180 200 220 234 235 249 252 255 256 325 327 332 343 347 359 381 412 414 427 436 449 471 483 487 497 507 516 540 551 575 578 601 627 631 636 638 
 34 12 16 27 31 70 72 148 183 188 219 227 230 277 287 299 375 376 393 411 420 452 470 480 487 520 544 557 573 575 591 605 613 637 650 
 30 36 89 93 119 160 166 222 228 241 263 286 294 310 328 332 390 404 407 441 455 484 510 521 573 591 620 622 628 655 657 
 32 10 39 40 61 64 94 142 171 197 284 288 311 315 360 371 374 387 418 432 439 452 479 493 506 533 556 573 580 593 597 631 643 
 51 20 45 66 68 81 87 89 90 99 101 104 115 129 135 141 162 163 180 215 219 221 226 229 234 253 276 291 294 321 351 383 413 470 489 496 507 516 532 537 543 544 556 557 578 579 584 591 598 636 660 661 
 36 7 12 26 35 38 43 65 85 113 123 142 161 177 193 212 269 277 278 286 296 303 321 378 387 410 414 422 433 458 469 554 565 568 584 622 654 
 37 15 19 35 59 91 101 122 179 184 192 202 209 219 234 255 262 281 322 336 390 392 460 481 525 530 541 554 566 570 572 577 602 607 624 639 641 663 
 27 12 20 31 77 130 139 140 161 188 221 229 277 288 353 364 371 381 489 491 499 508 529 548 565 600 605 667 
 32 1 49 64 67 88 140 153 156 164 209 273 298 306 308 315 328 351 365 376 377 453 455 490 548 552 565 576 585 611 627 631 646 
 36 16 25 33 61 107 128 145 148 172 206 214 215 218 227 247 248 256 257 269 338 358 364 400 437 454 458 468 477 478 483 492 524 545 559 579 591 
 39 15 31 53 89 107 111 138 140 141 167 172 189 197 284 297 319 321 353 357 374 391 434 439 444 463 497 516 527 530 572 578 579 584 586 594 598 604 624 640 
 36 1 12 19 31 35 53 64 72 74 76 94 99 103 195 220 224 234 254 281 307 308 345 365 427 447 452 483 506 509 512 547 622 635 650 651 659 
 35 5 9 39 62 66 94 109 121 128 142 184 299 338 379 385 399 410 414 429 435 470 480 519 529 534 536 545 549 551 574 589 590 605 609 638 
 36 17 31 45 71 115 154 163 172 182 190 201 224 253 262 286 292 310 317 326 357 360 368 381 440 463 473 519 546 558 608 615 624 640 642 647 667 
 38 19 25 27 42 91 110 127 163 164 186 191 201 202 223 225 226 243 257 262 284 297 309 382 397 464 482 503 504 521 522 560 567 569 574 607 619 629 638 
 40 5 26 66 93 103 114 130 148 195 239 240 254 258 260 268 293 320 325 326 352 355 363 365 373 387 401 411 457 459 484 498 558 564 581 590 592 610 611 634 650 
 44 8 32 39 41 48 77 85 98 154 200 208 237 254 259 265 279 286 295 338 387 392 393 395 406 408 446 456 482 485 497 516 525 537 559 575 595 597 613 618 619 638 644 660 664 
 32 16 19 58 60 110 120 131 153 161 162 197 224 260 265 274 284 294 319 340 370 419 428 445 448 455 471 543 557 579 584 613 624 
 33 23 38 39 41 76 78 84 87 94 99 106 115 134 165 203 207 231 255 266 279 283 319 327 331 410 428 524 546 566 588 596 599 631 
 45 14 17 41 60 66 79 84 93 103 109 134 142 169 173 198 203 219 220 269 270 292 299 314 381 391 397 398 422 430 441 447 460 486 504 506 520 529 547 580 585 586 606 612 653 664 
 34 10 57 90 110 113 116 128 168 183 196 207 234 254 273 282 288 320 369 394 411 435 439 448 518 519 520 560 566 568 574 584 590 592 664 
 29 39 61 84 86 91 143 190 200 207 243 258 291 297 333 344 355 356 393 402 461 505 547 557 593 628 629 642 643 662 
 34 24 26 59 89 93 136 144 155 175 181 192 207 208 213 225 228 273 274 341 345 352 353 354 389 402 403 410 411 476 564 567 586 628 656 
 38 22 41 50 66 73 85 90 127 134 140 148 157 161 196 208 273 276 299 315 324 335 343 379 459 461 483 509 530 544 555 563 592 625 631 639 656 662 663 
 45 7 25 41 62 116 129 135 136 137 139 148 155 166 167 169 170 173 179 206 218 227 247 257 267 273 307 325 326 366 367 374 386 389 391 424 429 430 440 518 527 557 563 565 605 607 
 43 13 49 50 81 98 112 117 136 140 143 145 157 170 172 186 193 207 278 294 298 300 329 330 356 359 363 375 384 389 405 427 428 439 459 493 497 500 506 548 585 594 646 650 
 30 21 43 86 102 114 116 148 163 172 238 244 277 314 318 323 371 381 391 427 494 512 526 541 548 560 566 591 635 661 662 
 28 1 20 21 31 72 102 107 108 125 132 178 217 229 367 380 423 503 527 539 564 595 610 612 613 637 639 644 648 
 31 25 50 55 78 97 140 191 192 193 239 242 248 279 304 310 313 319 323 332 369 402 411 422 455 457 499 508 566 601 633 640 
 34 61 73 76 85 104 131 153 157 174 190 210 227 281 292 380 388 400 412 440 444 449 471 509 511 549 573 585 590 625 631 632 655 658 661 
 44 7 24 34 38 49 63 65 76 85 113 114 124 128 154 158 169 175 182 227 231 253 267 274 287 299 353 387 404 418 441 449 462 476 490 540 571 576 578 612 613 618 622 638 643 
 40 35 52 73 146 155 183 217 221 228 233 236 239 246 260 269 270 278 311 319 370 386 394 395 426 428 430 457 463 489 492 504 534 546 568 574 579 587 590 597 663 
 38 39 42 54 65 66 77 117 126 134 142 194 208 213 216 219 226 227 229 236 239 276 279 292 321 336 375 401 428 439 446 476 543 556 615 626 633 638 664 
 42 45 48 53 77 99 102 139 143 157 179 190 192 194 197 200 211 225 241 253 254 270 297 301 332 381 387 391 399 414 425 438 461 475 480 486 490 503 520 565 594 631 654 
 43 1 9 12 23 24 38 43 80 86 105 115 158 224 237 244 260 273 293 305 318 321 328 329 359 430 465 470 473 478 488 528 529 563 568 570 596 605 618 620 632 639 646 649 
 49 17 20 24 37 49 73 78 82 86 110 116 118 121 128 142 149 151 208 227 229 242 246 273 275 288 291 292 299 307 321 344 354 370 397 414 420 467 489 496 506 528 550 575 579 583 597 623 640 652 
 51 50 53 58 82 106 109 112 126 140 155 168 171 175 178 188 200 204 236 250 256 266 305 306 307 309 314 329 334 346 406 417 420 422 423 436 451 454 466 505 514 527 528 538 567 570 575 579 582 610 649 659 
 37 9 12 46 53 93 118 136 147 158 162 184 188 192 205 212 214 239 247 267 306 321 338 350 381 399 413 437 473 490 511 552 563 592 627 632 637 662 
 32 9 13 78 97 106 120 136 147 214 253 288 292 297 346 405 409 435 469 472 485 490 502 513 536 549 553 558 565 604 617 630 648 
 35 13 18 54 71 101 102 117 141 146 153 162 166 182 251 255 278 314 323 333 404 436 442 506 509 517 527 542 547 565 579 584 611 638 642 646 
 31 1 21 41 52 54 58 81 86 145 157 173 236 240 286 334 355 366 407 416 417 429 432 442 498 543 581 606 621 622 635 659 
 49 19 44 54 72 89 99 138 142 154 158 171 178 181 182 201 205 216 225 232 247 259 261 274 282 294 301 307 358 360 382 395 410 411 415 460 470 471 472 475 489 502 504 535 548 557 572 586 606 617 
 48 20 27 61 70 79 82 85 107 117 122 125 140 145 147 184 191 202 208 232 244 249 267 278 295 314 319 325 331 341 353 360 375 377 397 405 406 409 411 464 482 492 522 527 559 581 618 636 661 
 37 15 23 50 56 62 65 132 155 164 169 172 189 190 196 202 207 222 262 296 298 308 314 324 340 398 424 425 455 511 529 534 535 543 566 580 607 618 
 48 12 19 21 39 40 61 108 113 132 213 218 224 245 249 255 261 276 277 286 291 304 306 308 311 325 353 359 365 378 387 404 427 430 447 449 450 456 458 490 518 549 614 619 629 640 644 645 655 
 44 7 27 48 51 54 109 127 171 209 216 218 225 272 285 303 309 319 331 343 352 360 374 382 384 464 466 467 470 479 482 511 513 514 521 531 544 545 555 565 585 599 631 646 647 
 37 5 11 14 24 28 29 39 75 88 90 96 127 132 166 168 255 291 298 300 317 319 384 390 419 424 473 486 502 505 528 534 538 579 605 619 635 642 
 39 18 26 44 49 60 63 117 118 145 164 212 218 226 227 242 266 274 285 312 327 347 357 375 413 440 445 489 504 506 512 514 521 538 543 564 572 582 611 656 
 26 8 12 37 67 77 99 150 156 278 283 311 331 342 371 376 401 402 414 428 435 442 543 559 572 582 642 
 31 8 25 53 67 68 97 121 123 130 138 180 199 228 296 297 418 430 469 503 505 515 528 549 558 565 595 608 614 620 626 657 
 49 12 14 19 31 62 66 84 85 87 96 108 173 179 201 213 215 226 246 247 335 341 347 358 369 374 385 400 450 454 459 489 490 491 501 511 518 535 552 559 585 587 590 609 619 625 633 657 658 659 
 46 13 20 31 37 49 56 59 78 85 91 98 99 100 102 112 133 135 140 146 165 207 227 253 272 299 309 312 322 332 354 378 404 434 435 441 442 458 468 474 482 492 493 515 578 606 631 
 41 27 40 62 73 74 89 116 126 135 159 164 166 181 218 226 233 239 255 295 297 303 306 309 331 353 355 404 423 425 448 455 495 511 536 537 547 550 574 609 648 654 
 42 31 40 48 60 96 107 113 114 128 140 147 162 164 184 197 239 243 252 264 282 285 287 293 321 332 334 386 390 391 394 399 420 428 460 479 519 549 556 568 616 630 642 
 47 16 25 48 64 75 89 150 159 173 177 225 226 319 322 331 337 366 367 374 376 385 397 422 431 434 435 456 465 466 469 471 485 489 512 529 531 536 557 563 565 588 590 603 631 637 650 662 
 40 42 55 76 78 86 100 131 154 173 188 194 195 213 226 237 249 253 258 267 279 285 287 300 332 338 340 372 401 439 483 484 491 497 519 534 553 560 639 648 657 
 34 24 34 47 98 106 113 115 148 164 190 195 197 208 234 240 242 290 297 307 334 406 411 434 440 464 467 535 548 551 565 574 593 603 606 
 45 32 60 64 90 126 128 145 150 155 172 188 196 215 239 264 273 289 326 386 392 395 410 425 427 462 485 492 499 507 514 520 527 530 540 543 567 585 599 602 625 639 641 660 662 666 
 31 6 26 120 139 218 244 246 274 290 310 312 348 372 397 401 433 472 479 491 493 537 558 583 594 597 598 611 612 634 637 639 
 39 1 41 69 79 80 95 101 107 135 156 169 180 189 218 260 263 293 347 356 365 402 448 454 465 482 490 521 523 540 543 557 573 585 587 607 632 634 638 662 
 41 16 24 38 47 61 62 127 150 178 191 203 234 241 268 284 298 309 311 316 320 334 335 339 341 365 373 392 398 441 451 457 497 504 510 512 524 553 586 596 598 606 
 49 19 31 80 103 106 120 156 190 204 219 221 223 225 269 275 280 291 300 303 307 317 326 328 333 346 372 376 384 385 394 396 454 456 464 486 497 512 528 530 539 550 564 625 626 631 634 654 660 665 
 36 47 56 91 94 95 139 157 183 209 213 215 241 250 295 311 325 331 343 353 354 358 362 368 393 403 424 436 454 514 520 551 581 598 605 649 661 
 42 1 3 24 45 65 112 135 157 168 186 194 195 208 222 236 242 259 270 340 361 376 381 391 398 408 413 429 433 434 435 471 475 489 498 510 527 531 579 586 618 642 652 
 40 4 19 46 49 58 61 106 147 178 185 200 201 219 234 236 241 246 268 291 302 320 339 372 383 389 409 410 433 465 530 533 535 548 606 611 615 643 654 656 665 
 27 8 9 14 30 57 81 118 127 147 164 179 208 220 230 247 283 327 349 371 372 391 435 477 490 595 600 607 
 36 34 40 42 89 90 110 140 163 189 194 198 200 218 268 303 332 349 354 358 362 370 376 382 408 427 471 499 522 528 533 535 545 548 558 619 658 
 39 12 15 42 47 63 65 73 80 94 100 118 120 168 172 187 210 214 220 227 257 300 325 344 365 398 405 412 419 423 441 443 467 503 531 559 563 601 658 660 
 45 3 29 36 38 62 87 90 98 99 105 106 126 128 140 166 176 187 191 209 236 303 309 316 381 386 403 406 458 469 474 484 511 522 528 551 581 582 590 591 626 637 641 651 652 662 
 35 41 91 126 136 139 150 159 188 194 203 212 243 263 276 279 294 317 358 359 383 405 422 423 448 450 467 487 532 538 579 612 637 638 642 644 
 30 53 54 64 77 106 125 186 190 256 258 266 280 303 373 405 411 464 475 482 520 535 538 540 566 571 601 612 617 646 664 
 41 13 24 54 56 79 142 148 158 165 168 174 188 208 253 261 294 298 309 315 361 370 381 382 419 471 472 497 519 524 532 533 537 564 569 575 587 597 618 624 631 647 
 47 7 26 28 29 32 48 67 77 94 99 126 127 165 168 172 181 186 187 188 212 243 260 279 282 285 322 327 336 338 359 361 384 417 429 438 442 543 545 548 549 551 587 600 601 615 617 643 
 45 6 15 20 23 74 82 108 123 131 147 158 173 205 208 213 227 228 246 279 298 344 361 362 404 405 445 456 457 471 485 505 525 553 565 571 574 597 617 624 626 638 642 651 663 665 
 36 2 15 24 33 54 63 72 94 97 114 146 161 213 227 256 278 279 300 302 315 320 354 372 417 422 457 470 513 519 536 546 584 611 616 617 651 
 44 2 23 46 54 64 95 112 121 141 201 217 222 228 233 265 271 275 289 306 314 317 329 360 367 376 381 398 436 455 469 473 483 514 515 533 546 549 573 586 596 646 657 662 666 
 45 33 39 55 56 92 100 102 126 141 182 207 226 228 232 253 257 279 297 315 327 392 398 412 421 435 443 444 448 468 477 481 491 512 526 537 545 591 593 599 603 607 621 626 637 639 
 47 4 8 23 45 58 64 80 105 111 136 149 161 195 207 209 219 221 242 248 295 306 308 316 317 344 355 376 391 392 393 407 416 467 469 482 507 512 522 550 576 578 594 603 605 619 621 664 
 45 38 53 68 76 107 108 128 182 207 231 235 261 273 281 282 283 293 301 330 344 353 361 375 381 383 404 429 471 476 492 508 530 535 550 552 554 570 572 604 617 620 626 640 655 665 
 42 1 14 32 33 64 75 158 164 181 183 185 196 230 242 243 290 319 323 346 347 358 386 392 396 449 455 465 482 484 491 499 512 526 528 550 557 560 568 578 590 646 660 
 45 25 44 54 60 83 116 120 157 164 172 178 188 191 202 221 228 232 267 276 277 299 306 310 314 345 354 362 375 393 395 403 447 455 499 505 538 551 567 589 595 602 605 624 646 656 
 32 37 41 55 122 126 127 140 164 165 173 178 201 203 229 242 274 276 296 297 318 351 367 394 410 472 478 547 558 564 572 612 662 
 44 19 27 65 67 90 91 94 97 132 134 155 158 159 191 196 261 262 267 271 281 286 287 288 289 321 359 409 427 456 462 464 484 488 510 522 532 584 604 630 636 640 654 656 664 
 33 6 7 43 49 88 105 121 130 158 165 183 211 230 233 279 288 310 322 323 366 392 439 484 499 527 543 559 572 587 600 624 659 662 
 35 33 37 50 51 64 103 113 131 156 187 197 233 245 262 263 275 284 286 289 339 375 381 383 390 410 465 471 472 482 514 528 548 560 579 657 
 44 1 6 24 26 46 64 94 105 138 188 195 220 239 241 243 248 249 251 278 298 310 335 341 345 352 359 371 372 387 412 423 439 445 476 512 519 538 578 588 609 630 633 659 665 
 34 8 35 48 86 106 143 177 200 223 233 239 240 279 280 319 342 403 408 411 434 447 463 470 484 518 527 556 572 596 648 650 655 659 660 
 39 47 54 68 87 93 117 122 123 130 135 145 147 149 154 158 171 176 185 220 223 226 239 268 364 367 388 391 449 454 468 490 517 522 539 558 566 569 619 624 
 36 1 4 10 23 34 42 43 53 55 63 99 126 129 139 188 216 221 238 319 332 333 339 345 390 426 455 465 469 490 527 536 539 608 638 648 653 
 39 1 6 18 19 56 113 122 127 140 189 229 234 235 240 261 264 295 308 329 331 333 338 353 377 384 387 418 439 455 479 492 507 511 529 544 570 571 648 661 
 36 12 23 39 41 46 121 122 145 170 176 179 191 260 280 317 333 352 355 357 382 395 398 407 422 432 436 438 461 470 521 524 534 558 568 635 653 
 35 6 15 54 94 105 144 145 174 190 193 291 293 301 339 340 352 375 388 393 424 430 455 460 473 484 558 573 578 579 591 605 621 637 638 666 
 37 50 51 97 116 129 133 134 155 163 180 189 201 207 220 225 254 308 366 380 387 392 431 472 481 484 495 503 566 573 578 606 611 619 623 639 643 655 
 43 3 46 75 77 81 85 111 122 123 144 147 182 193 199 215 227 234 239 300 307 332 347 357 360 392 393 402 414 440 446 464 470 472 494 501 546 574 584 585 600 618 624 631 
 42 18 47 60 73 74 87 99 106 139 182 198 203 234 238 257 273 306 309 349 352 378 388 395 442 447 488 512 514 517 522 527 554 564 572 578 586 590 597 632 661 662 666 
 35 14 36 48 68 129 145 200 204 215 222 262 289 338 349 387 389 404 408 419 445 447 448 457 462 480 481 482 485 497 499 510 580 606 616 658 
 45 9 49 72 74 79 89 115 118 135 137 163 192 215 238 244 246 301 321 330 334 374 408 410 427 434 444 466 474 476 478 480 494 496 501 506 507 524 533 546 552 557 564 567 573 651 
 37 1 9 12 16 40 43 47 53 67 78 119 126 172 177 200 207 213 220 248 255 289 296 339 374 401 416 443 513 515 519 535 561 581 591 598 610 627 
 40 2 13 40 63 66 79 80 86 109 113 154 165 171 215 228 239 241 253 271 274 281 293 295 297 307 350 354 359 430 450 453 483 504 563 617 625 634 646 660 664 
 37 4 17 23 57 73 91 145 156 172 176 199 208 211 218 229 291 305 335 352 356 436 446 458 477 491 518 524 527 528 534 557 564 574 593 617 646 656 
 28 46 58 65 84 144 158 164 172 187 218 253 278 285 290 296 307 336 357 361 388 433 473 477 523 533 572 607 622 
 39 12 46 63 67 94 107 118 135 198 205 208 212 248 261 270 282 293 308 353 369 372 392 394 396 424 440 449 463 464 476 485 504 521 540 544 550 574 607 636 
 45 35 44 76 79 97 117 127 129 133 138 150 154 172 183 210 234 239 256 292 315 322 327 346 356 386 398 415 421 457 484 485 487 496 508 512 522 531 543 552 557 562 608 612 621 646 
 44 10 13 16 21 40 48 59 78 83 90 93 101 113 126 131 134 159 183 201 235 237 242 257 281 298 338 357 363 376 425 439 448 449 452 454 476 492 513 520 531 558 579 589 631 
 43 19 21 29 37 39 60 73 77 89 94 111 121 131 165 167 172 175 213 219 220 242 253 292 296 298 302 345 393 397 412 454 462 485 497 518 533 570 591 606 627 634 651 667 
 43 23 31 39 46 74 102 145 172 192 216 218 226 242 248 249 254 260 269 285 304 307 332 345 351 364 382 403 416 428 472 475 476 483 500 536 543 549 553 598 613 616 618 660 
 28 26 53 59 80 121 128 184 232 233 243 275 301 306 333 356 359 369 373 391 423 448 480 499 557 631 639 641 646 
 40 2 56 62 72 85 106 113 124 132 136 183 190 201 202 247 257 284 292 293 351 377 379 386 387 413 417 435 456 482 490 520 560 567 612 614 615 628 645 647 660 
 33 72 89 106 108 127 166 200 201 228 244 246 270 276 280 297 324 368 407 434 448 466 470 480 504 505 535 544 549 556 561 575 604 628 
 32 31 33 54 77 96 104 134 135 141 146 150 157 177 182 320 342 347 390 403 409 428 433 448 518 520 521 526 571 575 632 657 663 
 55 6 19 24 25 57 69 78 84 86 107 129 142 156 177 197 206 209 256 260 264 275 299 300 301 307 312 313 316 319 335 353 376 379 387 391 397 410 415 468 506 511 518 526 550 556 577 587 603 605 606 614 620 629 633 639 
 37 3 31 34 35 76 84 96 104 112 131 153 160 163 175 227 247 257 267 283 287 299 338 362 368 402 475 500 520 535 537 572 579 582 608 617 624 655 
 31 6 28 80 85 95 100 123 143 168 185 200 223 230 241 287 306 310 338 379 387 464 557 563 596 603 619 628 632 638 640 641 
 39 8 13 14 57 62 65 74 79 84 101 104 107 128 137 139 141 143 145 148 208 225 285 297 323 340 368 369 384 403 405 427 440 471 549 602 614 618 646 653 
 35 16 42 74 78 108 121 124 129 152 155 185 188 192 194 218 224 227 264 287 316 328 344 350 366 399 415 423 427 433 440 491 494 558 576 598 
 51 11 38 86 91 96 134 159 160 166 171 180 189 194 201 241 245 248 273 292 300 311 334 343 347 382 388 392 402 424 429 431 432 436 442 447 452 466 534 554 563 564 567 588 594 607 614 626 627 642 649 663 
 42 24 25 112 130 147 149 179 188 206 207 209 258 266 284 286 291 331 353 354 356 362 387 401 424 435 443 449 452 456 458 463 488 492 507 518 545 556 562 563 581 598 604 
 38 44 54 73 92 103 106 112 139 154 195 207 215 218 246 248 281 309 324 331 334 335 336 350 359 385 395 400 430 472 488 512 523 527 561 590 597 605 651 
 46 1 5 7 30 32 37 38 39 51 67 75 77 78 94 112 116 133 177 194 205 275 284 313 320 340 375 378 389 394 400 403 416 420 440 450 453 484 486 498 507 551 574 580 581 585 644 
 38 31 38 47 85 100 103 138 192 220 226 229 240 242 259 265 298 311 312 347 382 385 399 402 414 417 451 458 470 479 484 493 500 541 549 556 620 627 640 
 52 2 28 32 46 52 53 61 79 101 146 159 189 210 214 237 241 245 250 253 265 267 279 291 310 328 350 365 377 381 408 422 423 428 433 439 441 450 467 474 491 510 538 545 582 589 590 594 605 632 652 660 661 
 32 1 39 42 72 77 92 98 149 170 183 191 201 210 214 227 249 258 280 303 363 365 371 374 465 495 502 543 550 551 555 584 652 
 31 86 95 107 109 137 151 153 156 179 211 268 298 320 336 346 351 357 387 392 393 410 456 473 478 498 506 526 538 612 616 623 
 41 6 46 57 60 61 92 107 143 156 173 205 228 280 289 297 298 321 329 339 353 360 361 363 369 377 391 446 498 508 545 549 564 577 583 590 608 618 619 632 637 661 
 30 3 47 54 63 64 66 85 88 109 114 127 156 178 186 196 202 301 302 318 366 367 382 394 413 461 471 486 496 585 611 
 42 14 17 31 42 47 54 82 87 92 152 165 167 184 188 201 235 245 264 284 288 292 315 331 345 346 360 362 381 396 401 436 442 458 468 494 508 518 534 559 612 625 649 
 29 1 19 51 63 132 150 182 188 214 219 225 233 250 341 386 391 412 445 479 534 544 557 608 612 614 621 628 662 666 
 37 2 7 10 39 83 131 136 167 178 180 201 262 359 364 376 382 421 424 459 472 476 483 504 515 518 535 544 572 580 584 587 599 620 637 643 655 658 
 32 30 46 84 87 100 167 174 210 228 263 280 298 316 330 332 344 346 364 368 388 395 437 460 470 506 543 572 584 591 615 647 663 
 40 7 49 60 77 90 100 114 135 153 178 184 196 202 203 233 246 275 278 279 295 370 388 389 413 416 449 456 463 465 466 482 504 506 530 560 569 606 613 624 656 
 44 32 36 40 46 47 52 90 106 108 109 127 140 157 189 202 204 212 234 271 286 288 315 331 333 348 353 390 406 408 429 452 459 466 470 504 521 536 567 572 590 593 605 618 660 
 39 7 12 25 31 38 67 69 96 106 122 137 166 183 184 214 222 265 311 320 321 327 342 349 374 386 404 421 428 435 486 504 505 512 527 543 562 578 592 643 
 38 65 73 86 94 141 178 190 195 212 218 250 252 253 255 285 308 312 326 344 368 394 425 434 442 443 448 454 469 474 489 543 574 586 591 599 606 626 660 
 40 6 25 40 84 98 100 108 128 166 182 216 229 255 260 269 294 339 342 358 381 393 409 451 464 471 475 476 483 487 508 523 537 554 556 564 598 600 647 649 655 
 37 20 57 69 86 95 96 101 105 120 121 154 157 159 161 166 174 179 218 222 259 288 314 326 337 371 393 409 433 434 478 495 530 534 584 631 638 656 
 37 15 22 34 57 114 117 121 124 125 126 142 145 160 164 206 207 226 254 284 300 314 325 404 406 417 428 455 482 513 566 585 586 614 619 633 640 652 
 47 2 14 36 56 60 62 85 94 97 107 155 160 167 173 188 194 213 228 238 239 276 292 293 306 337 342 346 352 433 440 443 448 449 474 504 542 547 557 573 575 599 600 618 626 646 647 653 
 41 22 31 38 114 159 164 171 186 210 214 235 244 247 286 308 314 342 359 391 396 403 410 431 441 450 451 456 457 490 527 539 544 552 558 563 571 591 609 623 639 663 
 43 3 26 33 42 64 65 112 130 156 178 180 188 195 202 240 260 262 263 264 309 313 315 326 335 355 367 378 387 388 435 449 495 501 502 519 523 529 571 591 612 634 638 641 
 29 5 12 32 41 88 172 203 218 236 260 314 323 346 370 378 386 397 434 470 486 500 519 551 569 572 573 593 623 661 
 44 13 21 31 38 39 47 73 78 83 99 113 118 123 131 135 148 155 189 213 223 239 249 256 257 282 316 320 325 346 348 359 374 402 403 451 463 469 511 516 550 574 608 638 655 
 45 7 8 32 68 79 96 121 129 159 167 179 253 266 274 301 328 329 334 374 381 391 417 447 448 463 479 498 504 512 534 538 542 545 546 557 559 565 566 592 608 617 641 647 653 663 
