 200 667
 3 3 3 3 3 3 5 6 6 6 6 6 6 8 9 9 9 9 9 10 12 12 12 12 12 15 15 15 16 18 18 18 18 18 19 21 21 21 21 21 23 24 24 24 24 24 24 25 27 27 27 27 27 27 27 27 30 30 30 30 30 30 31 33 33 33 33 33 36 36 36 36 36 36 36 37 39 39 39 39 42 42 42 42 42 42 43 45 45 45 46 48 48 48 48 49 51 51 51 51 53 54 54 54 54 54 55 57 57 57 57 57 57 57 57 59 60 60 60 60 60 60 60 62 63 63 63 63 63 64 66 66 66 66 66 67 69 69 69 69 69 69 70 72 72 72 72 72 72 72 72 74 75 75 75 75 75 76 78 78 78 78 78 78 81 81 81 81 81 81 81 81 81 83 84 84 84 84 85 87 87 87 87 87 87 87 89 90 90 90 90 90 92 93 93 93 93 93 93 93 96 96 96 96 96 96 99 99 99 99 99 99 99 102 102 102 102 102 102 102 102 104 105 105 105 105 105 107 108 108 108 108 108 108 108 111 111 111 111 111 111 111 114 114 114 114 114 114 114 114 116 117 117 117 117 117 118 120 120 120 120 120 120 120 120 121 123 123 123 123 123 123 123 125 126 126 126 129 129 129 129 129 131 132 132 132 132 132 133 135 135 135 135 135 135 138 138 138 138 138 138 139 141 141 141 141 141 141 142 144 144 144 144 144 144 145 147 147 147 147 147 147 147 149 150 150 150 150 150 150 150 150 153 153 153 153 153 153 153 153 155 156 156 156 156 156 156 156 156 159 159 159 159 159 159 159 159 159 159 162 162 162 162 162 163 165 165 165 165 165 165 167 168 168 168 168 168 171 171 171 171 171 173 174 174 174 174 174 177 177 177 177 177 177 177 178 180 180 180 180 180 180 180 182 183 183 183 183 183 183 184 186 186 186 186 186 187 189 189 189 189 189 189 189 191 192 192 192 192 192 192 195 195 195 195 195 195 195 195 198 198 198 198 198 198 198 198 199 201 201 201 201 201 201 201 202 204 204 204 204 204 204 207 207 207 207 207 207 207 210 210 210 210 210 210 210 213 213 213 213 213 213 216 216 216 216 216 216 216 216 217 219 219 219 219 219 219 221 222 222 222 222 223 225 225 225 225 225 225 225 226 228 228 228 228 228 228 228 231 231 231 231 231 231 231 232 234 234 234 234 234 235 237 237 237 237 237 239 240 240 240 240 243 243 243 243 243 244 246 246 246 246 246 248 249 249 249 249 249 250 252 252 252 252 252 252 254 255 255 255 255 255 257 258 258 258 259 261 261 261 264 264 264 264 264 264 265 267 267 267 267 270 270 270 270 270 270 270 273 273 273 273 273 276 276 276 276 276 278 279 279 279 279 279 280 282 282 282 282 282 282 282 282 282 282 285 285 285 285 285 285 285 286 288 288 288 288 288 288 288 288 290 291 291 291 292 294 294 294 294 294 295 297 297 297 297 297 297 297 297 299 300 300 300 300 300 200 
 41 17 20 22 32 37 43 48 77 79 114 116 122 128 130 140 153 155 164 175 229 232 236 239 279 309 314 353 365 367 383 389 411 477 480 498 506 566 610 611 644 648 
 51 5 7 11 36 47 55 56 66 70 73 81 86 93 105 131 145 152 160 165 166 173 175 187 192 217 227 232 276 279 293 304 309 311 325 385 391 392 402 409 432 483 485 494 536 571 575 633 639 641 647 653 
 47 3 18 46 50 82 87 89 91 109 131 166 168 177 196 218 224 231 233 243 253 292 305 313 350 420 448 449 451 457 472 488 533 539 543 555 565 575 579 588 598 603 606 617 620 642 653 654 
 48 18 20 64 90 113 117 119 131 141 142 151 218 237 252 283 300 302 312 316 320 355 380 408 426 442 444 449 468 471 479 493 504 508 514 542 555 557 567 574 595 606 618 628 642 644 645 655 656 
 39 14 18 40 51 74 93 154 167 180 193 204 237 253 264 324 337 364 366 378 389 412 455 466 485 499 505 509 513 515 520 534 537 557 564 567 594 606 647 663 
 41 14 19 24 33 37 43 132 135 141 156 165 182 185 208 214 215 222 252 255 283 294 359 367 386 392 411 418 441 443 466 477 487 519 522 543 569 582 621 626 635 639 
 43 22 30 42 55 95 111 120 145 146 196 222 278 285 300 307 328 337 344 362 383 427 432 455 463 470 474 508 528 538 539 546 553 562 566 569 571 579 600 616 617 625 636 663 
 42 16 53 59 70 71 97 124 126 129 135 139 146 157 166 171 172 177 198 214 224 252 275 304 312 317 324 370 384 393 437 449 457 475 492 512 520 554 564 569 581 599 621 
 32 8 40 50 58 79 94 96 118 136 153 175 193 275 298 313 340 360 376 384 393 400 417 435 516 519 544 557 582 602 608 617 628 
 40 31 42 61 106 112 117 123 145 149 152 159 169 173 179 192 216 220 237 258 261 262 274 281 324 329 334 346 350 406 409 434 448 455 491 507 512 555 591 620 647 
 40 1 8 17 39 48 53 57 82 140 148 156 196 209 221 228 236 285 296 305 321 326 361 368 389 392 417 428 435 474 477 483 516 520 527 577 585 587 603 621 640 
 44 15 20 54 64 65 69 101 107 136 140 174 176 180 185 207 209 222 224 229 231 245 246 266 281 298 301 306 316 331 384 388 390 404 441 457 459 461 471 473 494 496 577 582 588 
 31 16 23 57 74 138 139 148 151 174 211 224 238 253 259 309 317 353 384 399 407 457 483 491 568 573 574 596 611 641 647 657 
 42 14 26 36 93 96 124 126 166 205 214 215 232 233 254 259 290 297 325 327 336 361 362 378 384 385 403 406 440 505 513 518 534 545 558 582 583 634 637 638 639 641 661 
 32 99 116 138 148 172 195 205 229 230 231 245 254 265 270 290 302 317 354 366 500 507 513 521 528 544 560 575 594 600 611 642 645 
 45 10 20 41 48 64 66 70 84 103 108 127 141 165 190 217 285 311 321 327 361 397 408 414 417 466 468 481 484 491 493 494 505 506 507 508 519 527 542 562 579 621 634 636 648 660 
 37 21 22 29 33 38 69 88 91 100 106 111 166 176 189 214 278 282 285 372 375 401 406 440 465 475 484 490 507 515 538 568 583 594 616 627 646 659 
 45 53 58 64 69 83 94 132 146 158 166 201 210 235 247 281 290 293 329 350 360 372 384 395 400 402 407 448 466 474 525 528 533 550 551 552 561 574 577 583 593 608 625 626 630 650 
 38 15 16 75 97 103 107 118 124 127 161 192 197 204 208 217 274 285 308 318 326 330 357 396 407 446 483 492 502 503 530 551 553 554 599 600 608 612 630 
 50 14 26 36 46 69 81 92 101 108 122 124 127 142 144 171 179 205 209 214 228 237 267 279 311 319 323 327 335 355 363 366 378 390 400 417 429 461 463 482 483 511 514 519 565 581 583 610 622 635 636 
 43 9 25 33 59 121 129 142 155 167 174 183 191 208 229 233 252 254 286 295 333 379 386 387 391 413 420 464 465 472 473 479 498 512 543 552 579 610 617 618 622 629 630 646 
 46 9 37 39 66 86 88 100 104 124 148 166 167 196 214 249 296 322 328 348 361 393 406 411 412 415 439 440 444 449 470 513 528 529 535 558 560 570 573 578 591 604 609 626 635 652 655 
 36 48 65 82 109 120 158 171 174 182 211 231 241 262 284 290 310 327 337 344 346 397 399 430 433 470 500 501 551 552 562 581 592 616 619 638 646 
 46 1 10 17 22 52 58 72 87 92 94 112 128 133 163 167 176 181 198 201 224 228 257 280 287 307 308 326 350 365 369 403 404 410 411 413 440 453 459 485 499 523 576 610 616 650 655 
 42 3 7 32 93 132 172 180 183 189 226 247 259 261 262 289 297 334 337 342 362 370 395 413 417 427 432 436 453 454 460 475 493 494 506 567 576 578 605 619 620 645 647 
 40 8 12 14 21 42 44 45 47 87 107 118 121 148 196 214 216 218 223 245 294 303 322 357 358 375 386 401 409 426 443 457 469 523 550 554 590 607 642 645 648 
 40 2 11 26 30 87 94 120 124 176 211 231 232 243 248 269 271 293 309 322 338 351 372 374 392 421 428 440 456 493 505 515 521 522 544 609 643 645 647 649 666 
 38 26 81 93 122 130 177 197 248 264 267 296 326 360 369 378 385 398 434 436 449 464 477 516 524 528 544 549 560 569 572 583 606 611 627 637 642 658 663 
 30 2 8 12 74 78 85 92 103 120 125 133 165 214 226 251 283 302 310 356 358 365 392 404 417 445 555 574 587 623 639 
 38 3 76 104 111 130 154 196 207 214 220 262 269 274 299 306 314 328 329 334 378 400 422 443 462 482 504 521 545 557 560 562 581 593 612 617 619 627 664 
 33 6 30 43 52 63 102 118 119 132 145 167 172 175 243 266 275 330 351 441 452 479 486 495 543 592 593 613 615 631 634 643 648 664 
 34 18 21 46 47 50 73 89 125 129 131 150 195 213 215 238 258 325 372 388 407 435 440 459 478 485 490 538 586 610 622 629 644 653 662 
 49 6 30 57 76 87 95 133 137 144 206 207 209 210 217 234 237 269 274 280 284 311 329 334 344 351 397 405 424 428 451 453 460 464 506 507 519 536 563 567 578 586 602 604 643 649 657 660 663 667 
 36 1 3 7 15 42 52 65 67 82 100 102 146 151 179 190 205 246 300 336 345 350 366 369 384 397 429 451 463 484 485 510 535 544 578 584 643 
 32 38 101 105 116 127 137 161 191 214 247 255 276 284 297 302 334 338 344 352 369 391 416 441 451 458 462 505 537 573 593 623 637 
 45 32 36 57 69 71 77 83 91 94 107 159 169 180 181 188 193 198 223 245 266 286 288 305 313 314 326 333 335 354 357 359 380 390 392 419 420 425 450 463 485 508 539 564 614 657 
 41 1 16 65 66 77 103 124 139 169 172 180 247 285 287 294 297 304 309 333 338 341 342 353 385 415 418 444 449 464 481 492 536 542 549 561 569 618 640 642 649 658 
 43 5 29 72 76 84 93 116 125 138 166 174 181 198 222 243 257 259 265 272 293 305 306 319 327 341 350 351 366 376 398 418 441 456 463 476 542 550 602 604 605 621 659 663 
 36 36 38 58 63 91 97 98 103 108 115 138 159 160 163 175 210 225 229 241 286 287 320 326 344 356 381 383 385 426 427 467 506 592 604 638 652 
 49 9 18 20 51 52 53 88 89 92 116 125 168 187 199 211 214 228 243 253 255 327 328 342 354 364 365 374 378 395 405 414 427 433 446 455 457 460 473 474 504 508 517 539 552 556 579 605 632 661 
 41 4 54 64 103 109 110 123 136 149 152 159 249 252 260 261 275 277 294 314 340 343 363 372 389 391 394 405 470 489 491 503 514 543 549 567 580 588 631 646 652 661 
 38 10 33 45 65 72 81 108 155 219 228 238 248 251 268 308 319 322 372 376 398 420 427 440 466 484 492 521 554 570 581 589 592 595 599 613 621 650 657 
 39 2 13 19 44 72 73 76 94 120 154 193 219 223 243 282 324 363 399 400 417 427 447 457 458 487 494 503 505 510 515 530 532 536 548 584 592 641 655 661 
 39 4 18 23 50 56 71 75 88 90 102 129 161 182 202 212 229 244 246 255 258 267 275 296 317 342 366 373 376 389 390 397 418 439 451 465 467 486 619 647 
 37 3 16 91 118 124 131 152 164 207 247 250 258 275 291 298 304 318 324 330 351 398 430 433 444 483 486 497 510 520 527 554 574 597 623 638 655 661 
 44 33 51 94 98 123 152 176 182 183 204 210 231 239 254 278 287 300 304 327 375 394 404 427 448 457 462 477 492 493 509 532 539 550 551 559 595 599 610 619 627 658 661 662 663 
 34 11 42 43 71 102 117 140 152 162 168 170 177 184 201 229 230 249 267 276 293 312 325 335 368 391 392 395 436 454 458 460 534 555 606 
 45 7 41 129 145 154 165 193 195 197 201 204 228 236 240 262 281 296 314 325 332 337 372 378 407 420 442 449 466 484 506 507 509 516 527 533 537 542 549 570 574 611 612 616 619 666 
 49 31 52 54 82 110 125 128 149 152 161 172 177 179 187 191 204 205 207 220 223 225 229 252 285 299 325 345 363 383 391 394 399 406 414 417 443 453 455 457 463 468 470 476 499 514 549 562 572 636 
 40 14 19 26 42 51 60 64 77 80 93 106 108 121 128 159 183 214 225 264 327 343 368 398 399 431 432 466 473 487 503 509 515 520 529 535 552 556 627 640 642 
 46 28 35 45 59 80 99 109 131 139 164 165 189 195 204 207 215 217 223 274 294 311 319 360 367 376 384 393 405 411 412 456 471 484 498 506 527 540 560 563 564 569 593 654 655 665 667 
 37 13 24 25 77 92 98 105 116 126 131 138 176 181 224 230 240 280 320 336 344 385 387 394 404 438 440 442 463 472 498 538 567 581 593 595 605 662 
 42 3 22 60 89 99 135 149 174 180 192 194 212 229 231 263 290 316 333 335 366 367 384 419 427 445 449 456 457 465 471 472 484 497 498 518 536 546 561 563 584 598 601 
 30 20 27 35 87 98 116 139 201 224 233 299 303 377 433 439 440 442 469 517 527 533 559 561 591 595 599 620 643 651 661 
 37 24 26 43 58 60 81 84 120 130 139 144 153 162 170 208 233 251 268 296 307 359 363 398 419 440 446 453 468 477 513 549 551 555 571 578 584 634 
 34 2 8 65 69 94 107 113 125 126 128 143 180 210 226 239 267 272 273 278 280 315 328 330 340 397 409 426 434 494 519 587 597 631 664 
 48 12 15 81 137 138 140 153 157 167 172 176 194 216 238 267 271 293 295 315 317 329 338 342 379 380 383 393 407 415 427 432 441 442 449 467 469 470 472 476 499 505 524 541 568 583 600 601 610 
 43 2 12 27 36 50 51 62 63 105 131 135 178 188 189 203 215 216 225 288 302 311 332 349 351 369 381 386 390 446 458 473 480 484 500 508 543 545 550 573 582 586 599 600 
 48 14 31 70 89 96 118 125 128 133 139 144 145 166 200 227 244 255 268 271 284 290 310 317 318 329 331 333 334 341 347 362 373 383 395 397 398 418 433 450 454 467 483 487 504 511 526 538 591 
 40 14 21 30 73 103 180 207 216 219 224 246 287 291 303 309 319 337 345 362 420 426 444 465 468 502 528 529 532 539 547 554 569 581 594 605 635 638 640 653 664 
 50 32 37 44 58 74 108 138 159 162 163 170 177 195 201 209 215 216 262 263 275 304 310 326 328 333 334 342 357 361 362 366 379 382 446 473 478 494 495 514 519 538 540 575 578 582 588 593 606 612 643 
 36 2 4 9 41 49 54 82 95 123 163 181 228 259 279 285 291 296 303 334 374 397 406 414 419 500 511 526 539 541 565 566 569 577 626 631 636 
 36 27 59 73 78 88 102 103 149 160 172 211 226 272 303 336 346 373 374 391 401 406 461 467 480 513 535 570 586 600 604 608 609 610 627 633 666 
 37 1 53 112 117 143 235 238 243 256 268 270 280 282 283 286 316 327 367 425 433 435 436 440 498 515 529 541 548 549 554 567 571 572 588 599 615 623 
 40 38 55 64 69 104 112 171 180 190 197 198 201 204 230 247 295 297 345 350 400 404 432 433 437 465 470 475 513 524 531 545 548 549 554 559 583 622 626 629 665 
 37 26 31 44 92 102 106 108 145 152 170 189 237 258 290 291 301 326 338 341 364 396 400 419 420 478 495 520 522 542 561 571 591 602 605 607 618 663 
 35 1 29 51 108 168 192 207 237 244 277 284 314 324 339 360 369 401 410 428 431 478 484 493 498 501 507 527 529 558 563 575 615 617 649 659 
 43 1 29 36 39 72 82 89 120 146 165 194 222 225 243 267 289 297 325 346 350 404 407 409 420 426 435 456 463 464 480 508 521 537 555 558 590 602 608 616 634 636 649 654 
 30 32 59 70 76 79 128 206 214 225 286 291 296 313 324 333 334 356 366 391 432 464 477 478 494 558 563 581 604 614 653 
 37 27 50 55 58 66 69 123 161 180 202 223 232 243 249 259 266 267 269 305 333 353 368 399 411 412 462 519 532 550 551 568 581 590 591 624 634 646 
 40 50 53 60 81 97 104 113 118 130 138 152 165 188 203 225 244 248 253 268 289 308 326 330 331 333 351 370 408 414 433 434 437 438 479 487 505 535 590 616 653 
 39 61 62 67 73 78 92 93 135 147 161 173 251 262 279 280 288 303 308 342 366 373 379 407 426 441 461 472 492 508 513 534 578 581 584 598 624 643 644 660 
 37 3 11 16 43 113 130 143 147 151 154 160 166 201 251 252 305 354 397 400 421 463 487 500 514 527 578 582 589 593 601 606 622 632 633 635 637 660 
 43 12 26 29 41 78 79 87 97 100 114 116 121 131 134 141 175 197 237 253 266 310 325 350 390 406 453 505 512 513 538 560 576 579 582 602 604 613 616 627 628 647 651 663 
 28 77 93 117 181 185 192 218 245 256 259 260 262 289 339 346 373 401 483 492 522 543 563 568 616 621 626 634 638 
 49 1 3 9 30 36 39 46 72 74 80 103 105 117 126 145 156 193 210 223 241 262 264 278 321 344 360 361 377 379 382 383 390 410 442 449 450 496 505 520 533 534 555 592 593 612 613 640 642 661 
 38 34 101 111 127 147 163 173 174 177 189 194 202 220 227 228 230 261 266 336 355 365 379 406 426 465 478 502 555 559 562 587 599 617 620 634 636 660 661 
 26 4 12 22 117 131 145 215 244 300 357 363 381 389 418 427 479 480 510 523 548 598 622 638 646 656 657 
 35 21 32 49 50 54 60 68 104 130 149 218 229 244 256 269 278 328 347 352 353 355 361 406 412 430 444 458 499 504 506 515 517 523 656 663 
 41 11 16 43 64 69 71 83 93 94 99 133 141 156 182 185 189 225 234 244 276 279 305 325 333 351 357 384 393 406 415 424 433 437 438 482 541 550 570 582 587 643 
 35 3 30 40 47 49 50 107 109 162 165 173 191 205 225 239 259 269 286 340 355 405 423 470 483 502 522 530 578 588 628 643 647 648 655 662 
 37 12 43 72 76 78 85 119 180 188 211 253 259 269 285 296 334 375 378 381 416 419 434 463 479 515 589 592 597 600 615 630 634 648 651 662 663 666 
 43 31 48 65 76 97 122 134 167 174 186 190 194 196 209 220 223 226 243 245 268 296 310 318 333 341 369 394 396 421 452 474 544 555 574 595 601 626 628 629 634 644 662 665 
 25 10 13 59 80 125 138 169 188 190 203 214 224 237 315 321 346 359 416 443 533 539 564 573 609 663 
 38 7 15 22 35 78 135 137 145 146 148 171 179 228 237 284 300 326 366 377 384 389 397 407 417 443 471 504 524 534 564 568 581 583 593 602 612 617 660 
 46 2 3 15 24 31 37 50 63 87 89 100 102 109 121 140 153 174 187 211 258 263 288 291 328 343 345 364 374 377 386 438 463 464 503 504 515 519 521 534 535 582 583 600 609 632 656 
 34 35 59 70 100 109 114 119 139 155 171 202 209 243 281 298 310 343 350 360 378 393 404 425 454 471 535 570 580 609 618 626 629 646 648 
 41 28 34 49 101 103 116 124 135 155 160 209 219 223 228 238 286 292 296 297 334 343 346 397 415 427 430 435 441 447 491 495 499 508 525 529 547 611 624 634 644 648 
 35 16 61 63 68 99 147 153 170 202 214 227 267 268 275 281 297 310 317 326 346 351 388 395 404 433 436 471 478 545 587 601 623 629 630 647 
 41 53 80 97 106 108 125 137 174 207 246 252 278 298 309 313 323 326 336 345 351 353 354 391 397 412 414 457 464 483 497 509 512 521 534 535 605 615 622 630 640 642 
 33 10 11 101 109 119 142 192 209 223 226 241 245 254 267 275 281 282 351 353 358 390 411 412 424 542 567 574 576 590 604 616 635 639 
 48 9 30 38 50 57 65 74 86 103 110 131 137 138 144 148 150 175 189 200 228 242 246 269 278 285 306 307 350 367 378 394 405 408 413 415 427 430 442 491 512 519 524 583 586 619 636 642 654 
 35 5 39 42 67 69 99 111 116 160 228 273 278 295 304 332 343 344 356 399 426 452 461 470 478 493 513 517 518 535 584 605 637 639 644 665 
 40 19 36 51 58 61 62 84 133 134 139 140 165 170 174 176 190 193 203 208 258 284 333 378 379 385 407 454 458 459 460 463 483 493 504 525 538 563 585 619 640 
 30 36 45 72 77 93 102 111 117 121 136 139 160 189 190 215 245 280 310 311 317 329 383 388 411 423 440 483 541 566 574 
 26 58 82 125 135 160 183 260 261 324 335 352 365 426 450 467 507 526 531 537 539 555 557 562 636 656 664 
 37 4 14 19 52 67 118 139 159 249 260 278 328 336 346 350 352 366 368 380 442 445 451 479 499 501 504 522 533 581 589 593 608 613 618 636 640 656 
 48 43 74 78 85 121 129 131 167 169 200 201 203 214 227 242 252 259 264 266 278 279 291 296 311 314 325 344 370 376 392 425 442 449 457 477 482 486 488 563 564 565 583 599 618 627 631 634 637 
 38 21 28 40 43 72 73 125 168 181 194 207 215 218 243 275 284 286 300 303 318 352 375 438 492 501 502 504 508 521 558 568 584 592 594 604 611 626 658 
 44 29 33 38 83 120 156 164 174 179 223 247 252 288 308 311 330 348 361 363 367 369 375 389 390 399 416 422 441 447 481 484 519 537 538 540 543 582 610 626 630 643 654 656 658 
 38 17 24 70 94 110 126 152 166 175 181 217 237 239 258 264 268 274 276 280 292 299 342 352 412 414 445 461 463 478 479 484 512 521 524 528 556 615 636 
 39 21 35 50 55 72 85 96 98 99 134 153 184 199 201 202 264 281 291 325 341 345 390 391 394 418 444 449 460 483 511 549 554 557 569 570 579 582 618 649 
 40 2 14 55 75 81 83 102 107 109 147 150 158 187 198 219 235 243 246 257 286 300 305 353 360 414 441 463 466 474 477 488 548 550 593 604 639 644 649 661 666 
 42 11 26 29 31 37 49 57 65 71 82 95 104 155 184 188 194 213 221 239 285 288 289 304 347 367 378 379 403 410 415 440 461 470 492 524 530 549 560 575 583 619 629 
 46 3 9 15 28 30 44 55 56 67 90 92 208 209 222 228 230 242 244 261 271 280 298 333 336 343 347 354 362 373 392 402 413 448 450 454 463 512 538 550 562 567 590 615 623 627 665 
 47 23 34 57 72 79 84 144 145 149 166 177 194 224 240 269 286 304 333 342 348 352 362 367 370 374 386 402 411 417 418 419 452 458 460 463 464 471 472 490 498 511 528 540 549 554 585 594 
 30 6 15 17 27 116 125 164 179 198 199 201 218 278 284 298 304 318 369 401 403 425 440 458 463 472 496 596 611 616 661 
 51 2 10 37 41 59 62 64 81 88 96 101 116 122 142 143 163 166 178 181 186 195 203 209 234 252 258 269 294 322 339 343 390 400 415 431 434 505 513 527 529 540 548 554 561 564 570 577 589 592 639 664 
 43 1 2 35 47 49 51 61 94 105 117 141 147 180 181 182 214 219 222 224 227 333 347 361 362 367 387 405 449 453 471 473 492 543 573 595 604 621 627 633 636 644 652 654 
 40 1 11 30 51 57 63 79 121 124 139 143 165 174 175 179 183 204 233 247 271 290 305 335 386 412 423 436 443 459 478 483 484 489 520 540 565 604 618 631 635 
 36 18 31 36 58 136 148 151 166 177 187 208 222 223 225 227 236 302 303 373 378 389 401 402 428 474 494 496 500 511 539 573 581 616 628 643 648 
 47 1 14 16 51 53 63 65 68 107 118 144 155 181 183 194 211 224 243 268 308 312 315 321 330 335 343 348 357 360 362 363 374 406 424 425 454 456 458 460 491 493 519 541 547 561 568 605 
 38 1 20 24 26 27 57 60 62 81 193 235 255 284 312 327 333 335 337 419 490 505 507 516 522 523 538 545 572 581 596 633 634 636 637 643 645 649 651 
 38 44 65 104 109 118 150 153 184 197 207 213 216 279 289 349 367 373 390 411 441 451 502 510 514 519 523 526 536 540 556 560 567 568 575 599 606 626 646 
 39 15 16 22 59 89 136 144 165 168 197 221 274 299 301 306 320 324 335 360 363 368 374 376 400 406 436 440 472 523 533 536 559 574 584 589 592 600 610 621 
 33 15 24 30 32 52 69 137 138 160 171 201 207 257 262 268 282 334 378 394 402 413 439 443 450 456 464 545 561 578 582 622 655 657 
 27 8 86 88 105 136 140 147 171 186 193 221 240 275 338 366 398 447 472 514 539 543 556 589 606 609 612 614 
 35 3 27 52 63 69 84 87 120 146 153 161 170 217 232 261 267 293 306 317 320 323 418 428 444 470 496 507 519 534 550 565 576 636 653 654 
 43 3 7 17 26 37 41 71 85 86 124 153 160 193 233 251 264 301 305 317 318 355 366 368 371 377 458 464 466 500 527 549 554 575 582 588 589 615 620 636 643 646 647 654 
 35 2 42 58 75 83 136 137 164 166 217 244 257 268 300 341 344 360 365 426 457 470 477 492 499 527 530 538 546 561 568 582 595 634 638 662 
 45 9 13 21 39 52 66 72 127 132 150 155 165 178 213 229 274 304 310 314 334 339 361 378 384 416 418 421 459 462 465 477 485 488 492 519 529 543 583 593 605 611 615 635 662 665 
 44 15 22 35 49 69 79 102 108 115 159 207 221 231 237 265 286 299 318 325 360 369 370 384 412 421 428 462 468 471 501 504 533 536 549 557 559 561 598 601 604 606 627 644 657 
 33 10 57 101 161 184 214 228 232 253 260 287 336 375 380 396 411 426 434 461 473 480 493 510 551 564 569 584 590 596 635 641 652 662 
 41 35 60 66 68 71 87 124 127 162 164 178 182 252 254 256 276 283 287 290 303 313 316 324 354 366 371 375 381 390 421 425 426 451 480 548 618 633 634 637 656 662 
 37 1 4 5 37 69 82 119 130 132 142 158 178 202 230 234 258 260 270 325 355 378 379 409 426 432 463 465 478 481 485 492 512 531 556 568 588 592 
 40 7 9 17 22 26 42 44 45 62 77 104 106 202 218 223 232 233 257 264 273 297 313 317 324 341 379 387 401 407 426 433 463 556 565 579 594 609 617 624 656 
 40 1 2 122 131 137 159 178 203 204 208 216 221 243 244 305 361 363 373 376 389 405 407 432 435 440 480 485 497 498 511 533 539 546 554 562 565 567 578 587 623 
 40 4 11 16 17 45 46 47 52 66 70 71 131 160 162 166 175 180 238 258 268 287 350 352 371 381 385 418 428 440 442 450 456 458 466 498 504 516 521 554 656 
 39 10 15 39 70 85 95 126 192 202 214 231 236 279 290 320 334 341 381 387 395 397 418 432 435 449 468 470 473 478 491 498 527 535 538 546 574 576 593 651 
 39 21 30 70 122 131 161 188 194 196 215 229 294 318 345 349 352 361 364 368 375 379 386 387 396 401 405 410 413 417 450 500 512 544 555 568 575 582 636 643 
 35 1 14 41 57 108 147 155 156 165 217 226 228 246 261 289 319 325 358 372 405 421 450 467 483 519 520 528 530 550 569 592 611 620 638 648 
 39 68 70 73 75 81 91 101 129 217 258 267 273 278 285 292 304 318 326 348 356 379 394 396 420 422 432 447 456 507 526 545 554 561 595 610 614 628 635 647 
 40 20 54 76 77 93 96 97 98 125 154 175 182 226 236 246 255 275 283 325 347 384 397 419 422 429 448 459 464 470 549 580 583 610 613 632 640 642 645 657 658 
 33 3 38 40 154 175 180 212 255 256 285 313 318 333 338 343 349 369 387 409 467 470 477 478 535 551 558 570 577 587 597 607 614 644 
 46 22 46 70 71 79 81 82 85 117 127 144 157 176 177 197 253 268 275 278 279 318 320 328 336 343 356 380 426 431 438 454 463 499 532 533 561 564 573 596 610 617 633 638 639 644 650 
 25 49 116 119 147 165 229 297 303 309 335 354 369 399 442 449 459 479 486 546 587 618 620 624 626 650 
 36 37 56 77 112 155 168 210 214 236 265 296 303 304 320 325 332 346 380 398 399 413 418 419 461 462 495 538 556 609 612 624 628 630 638 650 659 
 41 1 8 27 49 51 53 77 83 117 126 131 210 222 223 224 244 245 250 266 284 291 292 306 327 331 350 352 387 396 425 441 464 465 486 512 525 541 556 573 633 642 
 39 7 31 84 97 106 110 117 174 207 225 230 251 275 279 285 286 289 299 303 313 353 378 379 385 412 426 479 528 536 537 553 561 563 570 606 619 634 648 661 
 38 10 26 51 57 88 98 122 147 151 157 167 212 235 265 281 339 385 405 422 440 441 469 476 488 495 502 505 526 538 548 560 574 599 605 609 621 628 641 
 38 7 44 49 79 97 104 126 136 171 196 210 216 241 253 283 296 304 306 340 347 349 449 460 464 470 477 481 488 512 519 566 575 581 585 609 627 651 653 
 43 4 25 40 52 60 83 86 102 110 146 162 165 169 176 187 216 219 223 253 258 283 296 334 339 379 393 400 432 471 475 477 511 518 529 533 538 543 562 573 580 601 635 658 
 38 25 29 41 46 132 137 138 139 140 197 229 244 263 294 296 301 311 314 317 335 341 383 412 444 466 483 486 557 569 573 595 599 603 607 614 630 654 656 
 37 12 44 55 132 141 146 153 194 196 224 238 355 365 373 408 410 446 450 453 457 463 491 495 517 532 541 546 557 562 563 578 583 584 631 636 641 646 
 36 6 54 84 136 137 139 148 169 195 215 278 283 311 319 322 355 429 432 437 441 460 462 479 505 506 514 520 533 568 569 590 594 601 633 642 648 
 39 9 25 34 70 107 132 133 170 179 187 202 206 219 229 310 325 355 360 364 372 385 401 415 422 452 459 487 524 527 542 558 567 570 572 582 617 620 634 643 
 38 10 14 43 63 64 65 103 134 184 197 199 208 216 234 243 245 251 292 307 310 363 365 383 410 415 419 422 433 474 489 492 527 550 555 557 584 592 599 
 43 28 32 44 64 70 81 92 95 119 146 162 197 210 214 230 290 296 303 310 371 375 386 433 434 443 460 467 473 485 506 511 514 555 587 599 602 605 616 617 622 655 659 663 
 46 15 37 42 64 69 110 111 159 169 174 187 214 218 222 224 225 242 245 253 259 267 270 301 303 330 338 342 351 385 393 402 403 412 449 481 487 501 531 569 580 584 609 617 624 634 649 
 38 5 17 18 25 66 67 78 80 93 154 182 238 244 253 267 269 361 372 408 429 430 512 520 534 537 543 547 568 579 581 584 585 588 608 611 635 639 654 
 33 19 26 91 93 108 131 187 196 200 266 272 277 278 303 305 309 310 341 356 362 415 428 434 469 495 509 529 557 596 623 627 642 643 
 42 8 14 15 42 49 108 126 140 186 191 215 222 229 244 274 302 320 325 371 374 381 389 396 453 474 489 503 506 530 550 552 561 564 588 590 613 645 647 648 651 661 662 
 35 30 57 70 79 85 104 109 115 117 133 156 158 170 195 230 236 252 312 324 337 352 397 437 440 441 486 512 520 540 549 558 599 605 649 662 
 31 28 70 102 110 212 214 260 274 309 328 338 368 372 433 451 491 499 512 518 520 527 528 547 549 550 585 588 603 637 642 643 
 41 10 31 38 48 52 59 71 78 81 91 98 160 166 179 225 292 299 301 302 328 359 372 398 430 432 440 448 471 475 477 488 492 546 547 553 556 563 577 581 591 637 
 36 7 21 49 57 64 84 99 101 102 163 178 185 222 230 246 254 290 298 326 329 343 351 383 441 452 480 498 519 533 546 572 598 599 604 610 628 
 31 14 45 52 63 71 83 98 101 131 134 137 153 195 215 231 250 253 316 324 352 366 376 408 416 438 468 473 484 611 647 648 
 33 7 16 17 26 41 42 61 76 109 126 145 159 203 207 247 249 260 289 292 296 297 306 342 350 360 421 440 458 471 525 527 653 664 
 43 15 30 35 42 71 112 114 145 152 158 165 167 198 205 208 249 267 299 315 333 343 360 365 373 380 441 455 464 473 478 479 486 496 522 534 539 551 553 556 592 608 645 647 
 42 2 19 23 27 64 142 149 152 156 163 167 170 201 207 230 278 284 288 311 315 329 335 352 356 361 383 399 452 463 478 487 489 502 528 539 548 597 600 605 607 618 649 
 30 97 117 137 162 169 208 217 223 249 256 271 293 312 327 333 358 378 402 409 476 477 491 498 509 543 593 629 635 650 654 
 35 11 27 40 41 57 67 78 83 94 110 168 283 287 297 310 317 353 390 392 393 409 410 414 443 449 457 492 496 526 562 595 612 629 634 655 
 35 13 81 88 116 159 161 169 190 204 222 245 258 263 287 290 315 322 342 370 413 418 420 465 490 492 494 501 561 563 619 626 635 641 649 659 
 41 48 59 64 83 111 118 123 130 132 154 160 188 194 206 243 248 276 306 308 327 335 342 350 400 472 477 504 517 535 539 544 554 555 568 596 616 628 635 638 646 653 
 47 5 23 27 38 45 49 56 62 71 92 102 107 117 118 132 143 158 182 218 223 230 266 290 307 329 352 363 377 383 384 389 391 408 416 464 516 520 530 541 556 568 585 587 604 626 644 652 
 50 2 5 21 27 44 65 81 95 116 132 133 134 143 145 178 188 190 245 258 265 266 280 284 315 324 339 345 353 358 389 398 404 408 419 448 456 474 483 486 511 526 559 560 574 594 597 601 626 633 643 
 43 2 9 49 51 53 69 75 97 114 130 131 150 159 174 195 201 208 236 245 272 289 307 316 333 344 345 356 389 396 399 418 425 451 506 522 560 561 565 592 634 636 644 664 
 46 1 8 14 26 57 60 78 98 104 144 149 153 188 191 209 229 233 236 239 261 273 289 292 307 313 324 325 349 389 404 412 451 452 456 465 475 481 532 550 573 588 594 607 616 640 661 
 55 4 5 7 28 32 66 70 81 88 105 113 137 154 163 168 171 202 207 228 231 247 248 263 267 274 276 289 303 312 335 344 353 402 404 405 491 493 498 499 500 513 521 527 528 566 592 597 612 616 619 626 631 639 650 662 
 42 2 26 32 44 69 110 127 144 153 160 176 183 199 202 222 257 271 276 278 319 324 331 332 341 383 396 421 441 459 494 519 533 552 557 570 573 609 617 618 637 640 642 
 45 8 33 41 57 64 82 133 144 159 168 170 178 186 195 200 229 238 254 257 265 280 293 298 305 310 314 320 346 362 372 387 400 405 408 411 442 459 487 494 522 547 561 566 573 637 
 38 8 35 36 41 46 58 90 104 107 120 138 145 179 180 183 187 188 194 215 243 251 263 273 333 341 347 367 385 406 420 430 445 459 496 556 578 616 631 
 46 8 28 69 82 103 119 130 134 165 175 203 243 283 284 292 311 320 324 326 331 350 352 353 360 362 370 380 383 387 408 409 434 448 470 479 484 506 519 521 553 555 557 558 571 600 650 
 38 12 37 57 82 88 117 123 154 161 198 199 203 208 223 225 241 249 252 270 285 367 413 431 454 455 456 465 480 499 507 508 531 534 562 571 626 629 646 
 41 1 21 30 34 51 57 58 88 90 108 112 134 167 173 209 246 250 265 302 314 318 336 345 384 391 401 412 435 441 450 452 465 511 567 571 574 585 594 612 637 662 
 31 27 125 146 193 228 240 246 262 267 274 303 321 325 332 336 354 357 372 379 384 434 437 441 471 474 577 615 621 635 638 654 
 31 16 96 112 119 120 125 150 222 259 276 329 337 354 356 389 392 397 419 423 429 434 451 495 542 560 562 564 588 589 652 653 
 34 42 54 72 97 129 131 136 191 203 236 248 274 279 284 291 302 313 328 341 354 380 405 415 440 445 449 457 544 548 561 576 589 592 596 
 41 7 23 49 50 57 82 88 112 159 169 177 216 239 270 290 303 317 333 337 367 373 386 403 404 425 429 437 450 452 481 483 495 504 513 565 566 575 607 628 654 658 
 33 1 13 20 22 32 77 119 165 185 194 195 202 205 247 261 288 319 357 383 413 450 467 490 496 503 532 540 541 599 601 607 644 647 
 48 15 30 45 58 65 92 97 180 181 189 201 207 208 244 255 260 261 268 272 276 282 303 342 361 365 389 396 398 404 412 416 418 425 475 477 491 530 539 540 544 579 592 593 597 605 632 652 655 
 39 27 28 36 59 61 64 82 124 126 128 144 157 159 163 177 181 196 202 208 243 258 266 270 327 331 333 350 383 390 491 492 500 501 545 574 577 594 623 627 
 42 31 49 60 62 77 163 188 200 213 218 227 234 242 247 254 260 283 296 320 321 399 412 413 420 429 432 438 442 479 500 511 514 519 523 526 544 547 592 620 626 635 665 
 37 6 15 27 29 64 99 147 206 240 268 270 286 304 310 312 318 323 334 351 372 378 392 422 425 432 465 481 552 571 579 582 586 593 600 617 624 627 
 40 24 42 43 45 50 64 74 103 113 127 132 144 153 157 182 204 217 231 248 272 274 284 292 321 335 341 342 385 402 410 411 437 456 495 520 538 569 615 626 646 
 40 8 10 58 75 92 111 117 154 161 175 189 201 213 224 236 240 251 261 275 296 319 329 361 384 393 397 398 423 432 463 471 484 486 501 578 600 609 617 635 653 
 46 1 8 26 27 65 74 77 91 109 111 113 125 152 153 154 161 168 172 182 284 307 343 366 371 372 406 412 423 429 450 457 464 470 501 503 519 526 527 529 533 551 555 565 574 611 653 
 49 4 5 21 36 51 62 67 87 113 124 131 137 154 159 189 190 201 215 220 228 250 291 304 309 313 330 339 395 399 403 412 427 431 450 457 501 503 514 529 555 556 578 610 621 634 635 637 645 654 
 37 8 9 23 36 71 128 190 191 226 232 252 268 271 297 298 299 312 335 356 361 368 372 389 390 428 432 436 457 493 512 528 540 606 625 628 650 654 
 41 7 31 36 69 99 118 122 130 152 158 167 180 191 203 216 238 239 254 260 275 279 283 292 333 338 351 374 382 401 458 472 482 520 528 577 594 617 626 627 650 657 
 42 22 26 69 73 84 89 105 121 127 137 144 153 180 192 207 223 230 234 267 291 316 318 335 348 378 384 427 470 485 488 502 521 530 543 562 567 580 613 632 635 637 661 
 35 1 2 26 72 76 88 92 95 103 126 137 141 187 251 286 296 301 312 328 336 340 350 366 377 386 567 568 589 604 609 626 653 657 661 664 
 41 14 27 35 50 81 93 108 127 131 132 154 162 170 174 215 220 257 259 271 286 296 311 337 368 378 398 435 450 489 493 504 526 545 570 574 580 581 603 604 628 646 
 33 1 9 24 27 90 124 138 147 194 238 251 256 278 279 290 301 311 316 354 386 407 451 533 534 540 562 565 576 606 614 643 645 648 
 46 4 20 39 43 49 50 70 77 99 116 138 162 163 176 199 212 237 254 260 263 287 296 305 319 337 364 368 380 413 418 425 426 455 474 484 485 509 520 551 561 562 581 585 586 604 633 
 39 23 39 49 79 109 118 152 168 169 174 181 223 229 251 317 347 355 367 398 403 405 409 427 430 448 452 480 493 530 536 554 578 592 604 634 649 662 664 665 
 46 14 21 31 69 81 144 150 216 228 236 250 258 326 329 360 389 390 397 412 418 419 421 428 433 442 443 463 482 492 497 504 509 516 523 544 561 579 585 587 592 596 618 629 639 655 662 
 40 7 15 18 48 63 92 97 100 110 128 137 141 148 222 226 228 243 279 304 312 336 355 362 370 372 396 428 436 466 472 478 503 522 599 620 627 634 636 642 645 
 38 21 26 30 96 110 140 143 167 175 193 203 215 236 251 272 284 348 374 388 421 442 443 445 475 531 532 540 543 552 554 558 560 563 593 603 618 629 651 
 38 34 48 64 67 78 80 101 143 243 248 252 269 270 274 298 321 334 345 360 374 377 380 414 424 453 485 531 533 545 563 571 579 584 595 600 605 635 653 
