 200 667
 3 3 3 3 3 4 6 6 6 6 6 6 9 9 9 9 9 9 9 9 11 12 12 12 12 12 12 12 15 15 15 15 15 15 15 17 18 18 18 18 18 18 20 21 23 24 24 24 24 24 24 26 27 27 27 27 27 27 29 30 30 30 30 30 32 33 33 33 33 33 33 33 35 36 36 36 37 39 39 39 39 39 39 42 42 42 42 42 44 45 45 45 45 45 45 45 48 48 48 48 50 51 51 51 51 51 51 51 51 53 54 54 54 54 54 54 56 57 57 57 57 57 57 60 60 60 60 60 60 62 63 63 63 63 63 63 65 66 66 66 66 66 66 66 67 69 69 69 69 69 70 72 72 72 72 72 74 75 75 75 75 77 78 78 78 78 78 79 81 81 81 81 81 81 81 81 83 84 84 84 84 84 84 85 87 87 87 87 87 87 87 90 90 90 90 90 90 92 93 93 93 93 93 93 94 96 96 96 96 96 97 99 99 99 99 99 101 102 102 102 102 104 105 105 105 105 105 105 106 108 108 108 108 108 108 108 111 111 111 111 111 111 111 112 114 114 114 114 114 114 114 117 117 117 117 117 120 120 120 120 120 120 123 123 123 123 123 123 126 126 126 126 126 127 129 129 129 129 130 132 132 132 132 132 132 134 135 135 135 135 135 137 138 138 138 138 138 138 138 141 141 141 141 142 144 144 144 144 145 147 147 147 147 147 147 150 150 150 150 151 153 153 153 153 153 154 156 156 156 159 159 159 159 159 159 161 162 162 162 162 162 162 165 165 165 165 165 165 165 168 168 168 168 168 168 168 169 171 171 171 171 171 174 174 174 174 174 174 175 177 177 177 177 177 180 180 180 180 180 180 180 180 180 183 183 183 183 183 183 183 185 186 186 186 186 186 189 189 189 189 189 192 192 192 192 192 194 195 195 195 195 195 195 195 195 196 198 198 198 198 198 198 200 201 201 201 201 201 201 201 203 204 204 204 204 204 204 204 207 207 207 207 207 207 209 210 210 210 210 210 213 213 213 213 213 213 213 213 214 216 216 216 216 216 217 219 219 219 219 219 219 219 219 220 222 222 222 222 222 222 222 224 225 225 225 225 225 228 228 228 228 228 228 228 229 231 231 231 231 231 232 234 234 234 234 234 234 234 234 237 237 237 237 237 237 237 237 237 240 240 240 240 240 240 240 241 243 243 243 243 243 243 244 246 246 246 246 246 249 249 249 249 249 249 249 249 250 252 252 252 252 254 255 255 255 255 257 258 258 258 258 260 261 261 261 261 261 261 263 264 264 264 264 264 266 267 267 267 267 267 267 267 267 270 270 270 270 270 270 273 273 273 273 273 273 273 273 274 276 276 276 276 276 276 276 277 279 279 279 279 279 279 279 279 279 279 279 280 282 282 282 282 282 282 285 285 285 285 285 285 285 285 285 286 288 288 288 288 288 291 291 291 291 291 291 291 291 294 294 294 294 294 294 294 294 295 297 297 297 297 297 299 300 300 300 300 200 
 36 14 35 43 54 80 84 90 110 126 136 147 200 215 246 252 295 338 369 379 389 393 401 428 432 433 451 474 476 479 514 519 551 552 571 592 609 
 45 5 85 113 121 132 136 147 148 155 216 241 246 263 272 281 282 310 321 323 333 336 364 432 448 451 483 485 506 542 546 555 565 567 569 579 584 585 599 606 609 613 615 616 620 657 
 29 10 39 87 101 118 163 196 205 214 266 276 279 327 329 364 391 393 396 402 446 509 515 564 566 578 615 626 637 651 
 38 2 5 13 52 55 117 130 162 177 219 239 271 278 294 300 311 318 319 321 389 426 427 430 441 445 464 470 474 492 503 535 539 553 560 562 639 643 644 
 42 31 37 49 53 57 59 74 141 159 166 179 185 200 205 219 225 238 240 253 256 264 268 305 316 327 332 406 411 424 452 482 496 502 520 529 530 549 565 568 584 640 642 
 48 20 28 42 44 51 56 59 69 111 159 188 196 199 231 234 239 258 280 295 317 318 323 327 336 351 378 389 398 403 418 440 449 455 459 467 475 497 521 529 534 536 560 578 608 609 631 644 655 
 47 36 47 55 56 68 74 119 136 139 150 151 170 192 193 216 221 230 248 295 302 316 386 391 393 404 424 441 442 445 453 461 474 506 512 514 523 551 585 589 590 593 610 612 631 634 655 660 
 51 6 22 30 44 48 54 93 108 125 149 152 158 176 180 187 215 225 247 257 263 269 277 280 290 293 302 306 310 354 379 381 384 420 424 425 431 489 511 523 527 530 534 565 579 586 593 595 599 618 640 641 
 29 3 9 21 36 44 74 107 138 157 192 250 338 353 403 422 431 444 447 469 484 489 511 562 576 601 602 611 644 653 
 35 14 29 33 43 95 112 152 161 186 197 201 204 237 241 247 252 263 264 277 312 335 367 371 451 457 467 475 488 491 497 521 538 551 557 634 
 33 22 23 43 50 57 88 89 91 110 111 115 126 132 163 169 194 197 237 256 259 265 283 300 343 351 377 423 459 520 521 528 609 657 
 33 4 10 15 18 44 53 70 82 91 93 99 184 209 225 227 230 259 277 293 316 321 371 407 486 501 508 525 539 568 576 614 642 651 
 34 11 14 29 37 44 54 60 77 78 146 168 194 208 246 253 263 297 354 362 363 370 375 396 411 482 495 521 535 541 598 607 620 637 664 
 32 21 27 28 50 81 88 130 149 162 164 177 237 274 277 279 292 301 320 363 380 394 400 425 444 469 489 512 563 598 601 607 665 
 36 38 57 61 90 107 157 175 185 212 242 249 271 272 289 302 373 375 409 416 422 432 443 465 485 507 508 513 515 522 533 536 547 570 592 649 663 
 30 4 91 111 130 143 180 193 211 233 249 304 320 369 388 437 492 504 512 517 542 567 573 584 586 588 612 613 632 641 642 
 43 15 26 36 68 71 80 129 132 134 135 137 154 161 170 216 220 250 263 270 281 282 300 325 351 365 371 385 467 483 501 505 528 540 545 548 575 577 585 591 599 637 640 665 
 36 7 38 47 48 64 73 84 90 95 184 186 187 190 193 220 224 232 276 304 309 327 329 339 341 396 431 443 452 485 565 586 620 636 647 648 653 
 38 9 13 37 56 59 157 163 173 183 207 222 241 258 268 309 316 320 333 336 344 346 385 387 399 434 445 457 459 488 513 549 573 575 579 610 618 623 652 
 36 25 84 85 105 111 130 160 162 185 194 239 272 325 358 360 370 371 393 398 402 422 426 428 486 517 527 555 563 570 580 587 604 607 613 623 636 
 32 1 44 55 63 67 81 97 126 150 192 212 248 266 292 312 322 340 376 384 404 412 414 439 488 496 502 546 558 577 581 607 665 
 45 8 17 37 42 84 98 99 101 125 134 163 169 178 194 247 269 287 294 298 311 312 316 331 343 384 392 441 443 452 468 479 482 506 511 515 521 540 553 598 621 628 651 657 658 664 
 40 25 57 59 79 88 102 124 126 140 155 161 269 325 330 334 338 343 347 365 386 392 397 418 423 462 464 466 472 482 490 492 512 533 572 617 618 624 626 641 657 
 39 2 21 26 29 71 93 101 111 141 158 163 186 193 195 263 274 309 327 332 340 351 371 377 395 397 434 436 499 502 507 559 567 574 606 610 614 624 632 651 
 30 16 56 60 74 84 91 106 172 207 209 213 214 218 248 254 280 321 326 355 359 373 409 440 441 457 463 511 561 572 592 
 39 41 43 51 77 130 131 133 177 199 217 238 253 261 276 278 297 302 322 337 340 343 347 348 354 361 376 419 425 447 513 517 520 555 562 570 571 612 625 657 
 35 38 58 89 92 108 117 119 124 126 132 142 150 190 197 234 246 252 273 275 278 285 305 377 384 421 429 432 433 439 508 511 516 556 577 656 
 49 47 49 58 87 98 110 157 178 200 212 230 237 240 242 252 255 279 293 295 335 347 358 359 364 375 379 391 392 404 410 429 440 467 507 512 514 524 539 545 547 556 564 586 598 601 623 624 634 657 
 36 22 55 81 101 103 104 113 131 139 147 162 173 179 185 192 257 270 334 338 364 383 401 416 451 476 482 484 487 503 506 539 542 565 586 591 606 
 46 14 85 101 120 122 127 131 146 177 207 226 248 267 269 280 292 293 328 345 350 356 375 377 393 400 401 405 412 443 461 472 477 482 486 494 502 514 540 547 555 560 590 598 642 661 662 
 35 3 6 8 37 40 48 101 139 147 198 223 229 251 277 286 289 305 331 345 370 380 386 398 433 437 452 469 508 510 515 540 554 591 612 655 
 45 6 21 29 45 67 75 78 110 112 114 130 140 151 178 197 200 259 279 286 287 306 320 321 346 365 387 390 393 428 431 432 472 481 491 512 514 544 549 560 590 607 612 636 652 662 
 31 5 41 46 84 85 152 175 181 205 221 258 352 358 412 449 454 465 489 510 534 538 542 569 581 584 591 607 611 634 636 662 
 47 2 8 23 33 76 78 115 120 123 129 166 180 211 214 222 232 238 253 262 297 308 318 328 348 352 371 375 387 390 397 399 409 439 449 461 471 479 501 520 527 548 569 579 585 590 609 653 
 37 92 112 116 128 159 170 185 186 213 215 226 246 255 264 296 340 376 384 385 414 431 479 483 510 520 530 535 548 558 567 576 613 629 637 655 657 660 
 41 46 57 67 71 85 97 98 105 118 131 132 158 175 194 215 222 226 235 270 287 341 352 364 371 439 453 457 464 477 489 496 501 503 526 536 557 577 595 619 625 640 
 36 22 33 53 59 81 107 119 127 131 135 163 173 217 246 267 276 288 352 381 383 391 419 424 426 447 466 470 518 576 584 590 592 625 649 660 666 
 42 16 21 23 25 63 67 127 141 169 176 180 192 200 207 230 253 269 328 332 348 359 382 391 405 424 427 431 435 439 447 454 471 473 485 497 504 575 590 631 635 648 652 
 33 24 43 66 91 106 111 137 169 177 190 198 233 242 245 256 274 351 392 408 410 433 434 440 452 483 490 529 531 600 602 620 642 645 
 37 3 47 56 69 75 90 106 152 230 231 244 280 288 306 316 332 355 360 379 440 441 456 475 479 503 521 543 563 568 570 601 631 634 638 641 649 664 
 34 13 22 30 34 86 124 138 169 172 178 202 224 231 233 236 247 265 350 363 377 396 417 422 433 457 460 474 488 494 584 586 639 653 659 
 44 23 38 42 61 115 118 128 139 146 172 185 200 203 212 236 239 258 268 271 281 287 305 312 327 330 336 385 394 407 470 500 510 515 520 531 532 535 548 561 599 603 635 636 642 
 35 15 80 105 132 142 203 218 275 282 295 316 358 373 379 403 407 408 410 422 448 449 456 486 490 495 499 524 536 554 581 582 586 587 630 660 
 32 17 45 60 133 137 145 158 186 231 232 280 286 323 336 344 362 398 435 439 468 504 511 548 550 575 576 590 600 609 650 660 662 
 38 1 16 25 46 60 75 98 102 115 158 203 228 235 252 253 258 264 271 275 294 305 320 336 351 352 365 366 375 391 400 442 482 527 553 559 605 614 666 
 36 29 48 67 85 113 138 198 214 229 253 278 298 299 331 342 350 395 397 415 420 428 430 453 460 463 468 476 527 534 548 563 593 621 628 629 656 
 36 7 19 46 78 84 112 139 145 157 162 167 169 195 198 212 227 230 237 294 323 328 358 372 455 460 463 473 476 517 548 558 559 608 621 628 633 
 43 36 52 54 77 146 155 175 187 192 207 212 222 223 232 249 258 280 309 341 357 375 390 408 420 439 447 453 455 456 484 489 501 511 524 537 543 563 566 582 621 638 648 656 
 38 36 50 79 85 99 144 152 154 169 198 206 212 220 223 231 249 279 297 328 330 369 399 407 416 427 433 440 451 503 527 536 548 570 601 608 635 637 664 
 34 15 30 31 34 49 50 57 81 89 165 186 203 211 240 257 262 284 313 361 369 418 426 429 431 466 488 499 515 537 540 557 597 621 626 
 45 11 32 35 85 86 101 124 130 158 165 178 188 194 209 219 237 265 268 310 315 326 330 341 345 346 372 376 389 399 406 436 450 452 462 468 469 512 513 521 550 576 584 592 609 662 
 37 45 59 78 124 144 146 149 153 180 201 202 206 215 229 236 277 283 305 306 353 358 426 466 471 473 482 494 497 499 504 519 520 522 545 552 612 616 
 39 1 25 32 79 82 92 117 188 204 229 241 291 316 334 340 356 367 375 384 391 395 402 407 412 417 427 429 433 454 469 512 516 519 523 544 552 625 626 640 
 42 38 55 80 121 147 152 168 192 196 198 239 252 260 271 274 305 325 327 357 358 370 376 377 418 423 446 453 460 482 494 497 502 540 542 558 574 575 593 611 618 620 644 
 50 2 4 47 53 58 78 104 114 126 147 148 160 161 187 192 220 265 266 270 282 283 301 317 319 335 352 366 385 390 394 397 408 410 414 455 483 488 505 515 545 559 560 564 573 592 615 620 641 653 657 
 34 27 46 62 71 91 111 118 130 158 197 207 255 259 265 271 275 309 310 332 380 388 467 468 518 526 569 571 575 578 595 641 648 649 662 
 33 8 45 56 59 66 75 81 83 105 124 133 170 224 269 271 276 310 326 336 343 357 377 392 466 475 483 488 507 523 551 566 629 665 
 31 20 52 54 68 125 139 184 187 193 196 199 208 221 253 257 275 302 345 362 371 377 403 411 418 424 468 469 480 573 638 657 
 39 44 60 67 73 98 104 130 154 162 181 192 204 205 254 280 295 313 322 364 372 383 393 431 443 446 482 503 513 571 592 598 601 605 619 621 632 651 653 663 
 46 23 24 32 76 104 111 114 119 135 139 150 151 159 170 185 238 272 281 317 321 344 361 368 391 427 438 460 498 512 520 527 529 536 559 562 577 579 599 610 613 625 626 631 636 637 665 
 29 15 36 66 70 86 103 105 111 119 134 138 161 177 186 217 240 245 273 275 283 309 338 397 447 458 549 560 562 603 
 33 3 13 27 29 49 62 69 104 110 126 146 151 154 225 252 264 273 357 359 412 415 423 424 446 491 492 503 510 516 550 567 600 648 
 44 11 14 17 19 29 32 53 54 65 83 109 116 117 168 187 208 213 220 222 223 233 234 260 272 286 288 309 321 380 393 398 527 552 554 571 576 585 587 590 593 596 610 611 625 
 30 24 66 81 85 99 103 116 118 124 163 191 219 252 253 261 331 333 351 363 384 394 398 425 460 493 562 563 565 594 605 
 39 3 11 22 29 37 57 60 73 171 196 202 207 211 215 223 237 257 270 312 343 361 369 378 403 409 417 446 458 461 496 509 532 549 565 584 606 626 627 635 
 46 5 13 17 18 26 61 65 68 85 105 125 146 164 169 178 187 247 263 265 275 280 299 310 316 338 363 365 370 376 384 388 391 408 409 424 446 452 457 476 505 514 529 635 639 648 665 
 33 1 22 33 34 86 94 121 126 146 192 194 262 270 287 300 301 309 317 351 402 422 433 451 456 457 483 510 581 586 620 632 649 658 
 41 27 45 69 91 119 141 166 168 172 182 188 201 206 208 238 277 292 296 300 315 367 377 388 409 417 454 464 493 502 503 513 564 569 575 578 600 604 617 623 646 648 
 42 13 14 66 70 74 89 124 138 173 175 243 245 246 263 264 269 278 292 303 316 337 343 369 374 376 397 413 419 428 445 451 466 505 539 558 569 578 590 591 594 613 637 
 37 5 48 68 73 96 169 173 187 216 218 223 228 245 247 248 357 368 373 386 391 409 413 420 429 507 557 577 579 580 599 609 619 637 649 654 658 662 
 41 3 62 122 183 184 189 199 208 226 232 281 288 306 366 390 391 402 416 424 425 432 451 468 470 500 513 534 539 564 570 575 584 585 588 593 599 611 625 626 650 661 
 45 11 22 31 46 60 80 122 127 128 129 196 199 209 249 254 310 323 327 383 392 418 454 484 489 495 502 509 510 516 520 522 539 541 548 567 577 587 596 606 608 628 643 649 654 667 
 29 18 114 138 162 170 173 206 225 247 288 348 358 363 378 386 391 392 417 453 461 526 528 552 592 601 614 629 649 654 
 39 11 13 31 39 45 82 122 125 179 186 205 217 225 227 291 293 347 367 371 375 386 388 395 417 418 445 456 485 488 490 504 508 568 571 582 607 639 646 667 
 47 37 45 64 73 103 127 158 163 165 178 200 206 212 220 237 245 254 264 277 279 288 294 325 328 335 344 382 384 402 403 410 453 462 505 524 529 545 546 576 577 587 599 613 645 660 662 663 
 44 15 21 47 55 78 79 95 97 101 117 131 167 185 186 191 195 230 235 239 331 360 384 409 432 455 467 476 478 512 515 537 556 564 570 588 603 608 621 623 625 629 636 641 657 
 40 7 23 62 74 76 83 88 91 110 111 133 162 188 192 197 198 224 228 248 305 308 331 339 361 377 398 404 428 440 456 469 502 503 511 516 518 548 570 584 628 
 49 8 9 28 36 61 63 73 92 126 132 165 187 189 193 198 227 230 263 272 287 307 309 314 317 318 320 328 366 384 404 418 423 425 433 467 493 496 501 506 516 536 539 544 559 563 582 598 606 638 
 38 17 30 31 43 66 98 106 121 131 192 230 243 255 266 279 292 304 305 333 363 380 427 448 451 455 483 503 512 525 526 540 563 567 569 585 633 648 649 
 39 8 30 31 60 78 92 118 134 135 142 173 179 209 240 271 295 306 310 330 331 343 355 376 409 410 413 462 505 509 518 520 526 528 539 575 587 619 628 640 
 42 6 7 34 56 84 87 94 158 159 160 169 188 217 219 243 259 282 284 297 308 341 376 387 408 411 413 421 445 461 478 480 489 496 514 526 546 596 605 607 635 641 666 
 49 6 25 71 90 110 145 161 175 184 241 244 247 301 307 348 369 398 411 415 417 418 425 431 432 446 467 483 484 488 490 498 522 523 543 566 572 580 584 585 599 607 608 630 643 648 649 650 664 666 
 41 8 53 65 91 119 126 152 201 214 235 245 261 275 298 328 359 360 365 375 408 427 459 460 465 475 491 514 525 529 533 557 570 577 593 600 604 610 640 659 663 664 
 42 7 31 59 64 65 163 184 193 219 229 234 244 252 258 278 292 294 298 304 329 334 345 350 372 381 394 415 431 451 464 485 488 495 592 616 622 635 652 656 660 664 665 
 44 3 16 36 39 45 53 72 79 90 120 125 135 146 188 194 203 218 220 237 287 289 307 311 324 337 339 345 380 392 425 426 456 503 524 535 546 553 573 574 603 607 611 617 642 
 44 30 68 91 97 122 128 139 140 148 151 163 167 177 182 200 205 235 307 311 316 318 351 353 370 433 484 504 510 513 515 541 554 565 571 581 593 602 609 612 630 641 644 663 666 
 45 17 53 62 77 90 91 97 156 165 169 172 189 190 217 226 245 246 256 272 282 286 295 310 313 314 333 340 358 359 407 426 444 447 506 519 528 534 540 572 590 627 634 648 651 661 
 52 17 36 39 40 43 48 53 65 92 122 152 168 171 178 189 195 201 202 213 228 239 246 266 270 280 320 337 350 385 391 392 404 411 419 427 430 432 441 451 452 468 510 528 558 563 565 566 608 610 612 643 665 
 39 4 7 11 13 23 29 50 65 75 138 200 205 213 242 266 299 304 317 379 404 409 414 454 455 472 489 497 501 523 541 547 553 572 585 598 610 620 625 652 
 36 1 2 17 20 42 59 97 116 139 153 154 164 169 179 202 206 212 234 243 290 292 294 324 330 403 417 418 449 470 566 579 596 606 650 658 663 
 50 13 24 40 54 60 61 93 103 111 114 120 141 144 150 177 218 224 245 255 261 264 298 305 321 338 358 370 381 386 394 403 419 438 439 458 461 484 519 531 538 539 553 575 576 591 609 613 647 651 660 
 38 21 22 40 42 55 63 68 87 93 94 102 147 164 195 217 233 252 286 289 313 332 357 387 448 463 496 498 509 521 545 556 565 590 595 627 628 634 643 
 39 14 17 102 110 165 174 183 236 237 248 264 274 317 337 343 344 367 370 375 385 397 414 417 418 435 449 458 475 480 502 504 519 521 528 533 550 602 637 646 
 44 4 11 21 35 64 73 105 112 120 130 138 142 154 157 178 182 189 196 206 212 251 273 286 312 314 347 359 360 376 391 410 411 460 470 473 475 480 486 517 527 570 599 657 662 
 24 84 86 127 185 186 207 209 218 288 293 375 386 462 469 501 530 531 539 586 588 594 617 626 630 
 40 15 80 118 119 133 166 168 175 185 193 239 263 267 276 292 296 336 359 365 377 387 392 425 432 462 466 471 505 519 555 570 580 601 607 611 627 632 635 644 659 
 46 10 15 75 97 102 105 122 125 126 127 134 144 148 157 163 167 183 222 229 230 237 239 247 292 301 302 310 324 352 365 375 392 407 462 504 528 536 563 565 572 580 613 616 619 653 661 
 37 12 13 45 56 84 138 153 193 206 267 275 298 316 321 337 357 365 385 392 393 425 435 440 483 511 519 520 533 539 548 552 569 574 577 585 591 612 
 43 6 8 13 35 61 67 74 94 110 111 168 172 185 202 214 225 229 234 241 255 268 273 283 312 325 330 351 354 365 376 401 402 413 420 429 477 492 536 564 592 601 609 620 
 46 1 12 13 15 16 21 33 53 63 84 115 120 161 163 177 185 215 228 269 276 287 308 349 354 358 369 373 395 410 448 457 489 494 526 531 534 537 593 610 619 632 645 646 648 658 663 
 41 2 9 62 69 100 117 125 136 147 176 178 223 229 241 274 276 281 304 332 348 387 393 407 419 423 439 446 462 466 483 490 500 502 506 522 549 577 607 627 629 663 
 32 30 34 82 94 113 118 132 152 153 163 193 208 215 257 283 300 333 439 480 483 484 491 502 524 533 535 537 539 587 595 600 636 
 58 13 16 19 29 66 75 78 103 135 147 154 195 199 212 218 224 227 230 238 244 247 263 282 320 322 334 337 338 346 351 353 355 378 383 416 423 427 448 454 462 467 469 485 487 493 548 549 558 566 571 599 600 634 635 636 648 656 665 
 38 9 13 18 29 40 47 81 83 84 86 169 174 176 188 218 244 252 254 274 301 329 330 342 345 368 381 398 527 541 543 547 557 574 583 599 612 636 665 
 49 30 46 53 97 112 134 148 149 166 186 192 199 200 212 222 231 232 243 257 258 259 269 271 284 297 303 313 317 350 353 363 391 444 472 478 491 495 523 525 531 532 563 571 616 627 635 647 652 660 
 36 26 31 43 52 54 55 89 97 103 117 148 182 183 187 211 228 237 275 293 341 346 366 382 427 443 459 470 492 502 574 603 613 623 640 643 659 
 55 10 13 18 19 27 67 106 115 148 158 188 192 196 202 223 227 237 238 275 281 283 321 338 352 353 356 367 377 378 380 384 421 446 451 470 471 493 506 512 525 535 538 541 547 550 558 564 569 573 591 615 618 648 653 658 
 45 14 17 38 42 45 46 94 121 153 167 187 189 206 212 219 269 275 282 306 313 318 321 338 345 386 400 433 440 441 455 466 474 489 524 533 540 548 550 551 566 585 603 615 637 667 
 34 9 46 47 66 71 140 164 167 171 182 202 231 255 280 292 316 319 323 378 408 412 420 421 426 439 450 463 501 508 516 523 637 640 658 
 43 29 40 45 56 90 94 95 118 184 206 211 257 260 281 291 303 311 320 332 333 391 433 443 465 490 494 497 511 531 541 544 549 550 566 569 570 576 597 600 609 640 642 654 
 34 8 10 33 52 110 113 140 146 157 185 217 224 230 238 277 278 306 316 330 347 367 391 399 417 425 436 467 473 499 608 615 622 653 663 
 37 46 64 65 70 80 95 118 122 142 147 159 173 180 256 261 312 330 331 337 343 379 387 397 399 440 447 457 474 489 510 540 553 575 589 593 622 655 
 29 58 80 106 140 143 144 152 159 160 174 191 195 210 212 254 256 271 276 417 450 462 480 483 492 519 525 594 599 618 
 37 9 36 37 41 51 61 74 115 118 157 198 215 230 231 242 255 263 290 346 363 368 370 392 432 463 469 495 497 534 535 555 558 573 621 641 644 663 
 42 13 21 30 50 65 84 93 106 146 154 155 170 180 193 231 294 314 319 322 353 354 385 398 420 446 447 468 475 477 479 496 499 514 528 552 607 627 639 640 648 658 661 
 34 15 33 58 61 91 97 103 110 117 171 214 230 231 244 246 258 288 298 303 313 368 406 431 465 490 500 501 527 542 543 552 597 598 662 
 48 30 45 59 76 89 92 110 136 137 152 157 185 206 225 263 276 300 303 305 306 312 321 336 344 361 393 419 431 439 443 451 469 494 502 522 535 543 548 556 575 594 607 631 632 633 663 664 665 
 42 3 8 51 53 86 87 94 98 100 117 138 148 179 194 222 225 231 238 239 240 282 288 290 343 350 364 400 416 418 470 487 521 528 529 564 565 570 584 623 639 642 643 
 39 12 36 78 98 110 113 117 159 160 163 164 177 180 211 220 226 233 236 255 297 322 326 357 363 368 371 392 428 474 478 524 530 533 569 574 599 619 635 649 
 37 15 25 29 67 68 70 73 104 114 116 132 149 158 189 232 273 280 285 287 300 310 317 344 397 434 475 496 503 576 582 590 594 614 627 631 640 643 
 42 26 32 51 65 66 73 88 89 92 123 143 145 178 185 186 224 230 238 260 264 280 288 294 310 311 336 344 350 369 378 388 389 414 445 497 537 559 571 610 637 659 665 
 34 2 28 65 82 90 127 131 132 140 150 163 171 197 227 237 266 269 272 278 285 321 397 476 502 520 541 551 555 566 586 626 640 643 650 
 35 1 2 9 22 29 54 81 82 91 124 148 152 178 204 214 222 223 235 250 251 284 304 331 365 392 432 445 447 448 477 550 585 628 629 650 
 43 4 12 21 36 43 44 49 59 67 79 94 112 157 162 169 195 199 206 212 213 234 269 286 296 326 329 332 390 407 410 446 455 461 471 510 531 538 552 566 588 619 629 638 
 44 7 8 10 41 45 48 52 65 79 80 83 138 154 180 199 202 213 218 245 269 285 295 308 331 385 417 426 434 435 442 449 452 484 492 503 505 519 541 548 571 578 584 611 650 
 44 7 13 33 34 55 61 74 89 101 110 129 163 170 190 205 209 256 274 317 323 349 355 356 363 384 418 424 451 470 472 487 489 498 505 514 527 542 558 584 586 600 616 628 655 
 53 7 29 37 43 47 52 69 78 79 90 99 111 118 142 152 156 176 185 192 193 252 295 311 366 378 392 416 426 439 442 448 460 468 475 482 500 507 521 527 528 532 534 544 556 563 570 580 592 598 613 648 651 656 
 30 15 52 85 103 108 151 171 226 237 264 275 300 345 353 375 380 417 461 470 499 507 554 562 568 593 614 625 645 649 652 
 37 24 36 46 69 70 78 115 173 188 195 213 225 245 254 260 279 312 333 360 405 412 413 420 467 476 496 497 521 533 541 579 594 608 612 615 622 657 
 46 9 13 16 45 68 69 90 92 97 101 114 141 142 154 159 165 168 179 200 201 210 224 313 330 358 385 399 400 408 423 424 469 475 482 495 513 527 528 529 543 560 575 628 630 635 662 
 42 19 23 26 34 38 75 103 112 113 141 169 170 179 181 192 207 213 238 248 252 260 277 313 319 324 337 343 358 399 403 439 466 508 539 543 558 581 588 594 610 630 637 
 34 29 72 82 83 104 121 129 166 184 214 251 275 301 303 365 382 384 393 397 404 408 445 446 467 473 482 488 489 491 492 519 535 596 609 
 36 2 15 53 57 59 63 72 140 169 170 189 192 199 223 254 270 287 304 306 323 343 350 352 358 360 364 379 388 396 423 432 439 440 505 591 592 
 42 79 124 147 159 177 181 201 239 245 248 268 291 292 299 311 380 394 402 405 429 434 435 437 440 444 452 464 475 484 513 523 525 541 544 552 557 562 587 593 601 629 633 
 34 25 52 61 74 112 128 133 145 153 165 169 171 223 231 237 255 316 324 334 337 372 426 464 469 476 498 502 557 558 572 578 591 606 666 
 41 23 36 55 60 107 123 138 186 194 232 233 238 245 259 265 269 277 288 300 307 308 320 411 431 435 436 438 446 454 470 481 488 498 504 519 570 577 621 640 654 659 
 41 14 16 32 33 49 60 66 76 78 90 98 120 125 128 131 153 176 178 193 198 225 234 247 259 260 274 275 296 307 327 328 360 370 427 474 482 521 558 566 614 638 
 42 10 21 27 101 134 137 164 224 226 227 229 231 271 274 291 298 300 309 314 330 344 359 363 378 404 426 435 447 456 477 491 505 526 536 549 564 599 601 608 622 644 652 
 51 4 21 48 58 62 82 111 135 137 164 167 168 170 180 198 209 218 221 226 257 273 299 306 311 317 321 324 342 366 382 388 395 399 418 442 452 468 478 480 493 506 512 527 545 548 576 607 652 659 664 667 
 39 6 26 37 49 89 99 120 124 126 146 157 171 182 193 195 208 213 248 299 301 316 323 343 350 363 370 375 405 408 434 437 466 563 565 590 620 635 645 655 
 36 29 31 73 74 76 84 119 146 166 170 173 187 192 213 255 257 279 286 287 345 347 357 366 403 453 454 489 522 527 573 595 608 625 635 644 663 
 52 1 13 23 30 32 44 73 97 102 118 120 125 131 177 186 190 195 209 215 247 250 266 270 279 280 289 290 302 306 307 328 330 333 351 354 358 370 372 398 400 450 467 483 504 527 563 575 584 590 620 634 645 
 49 4 7 8 16 19 41 77 93 133 146 152 174 181 184 185 194 224 227 230 240 245 280 294 300 321 327 331 342 366 412 417 440 446 451 491 504 507 543 547 549 550 572 577 579 596 625 636 638 650 
 35 31 37 44 155 166 174 201 212 218 223 259 305 322 324 327 331 347 432 434 435 511 530 541 553 559 560 581 590 595 597 607 609 621 645 659 
 32 29 45 75 97 103 145 157 187 201 233 262 265 309 338 352 369 402 417 460 462 472 496 505 510 516 527 541 542 553 592 625 636 
 29 7 20 55 69 78 85 157 180 181 183 223 229 281 287 316 333 364 390 398 440 459 510 526 555 563 607 625 649 656 
 43 14 21 61 68 102 120 143 149 166 172 174 185 188 225 246 257 260 269 315 332 343 364 370 384 409 424 474 486 488 495 510 514 529 557 565 580 584 597 618 623 634 635 650 
 43 3 16 46 59 88 106 110 111 117 124 127 128 182 189 191 202 205 208 212 217 239 293 300 311 318 325 333 336 339 344 360 363 371 389 413 432 471 477 502 523 563 585 627 
 39 10 22 43 46 54 73 99 100 124 134 145 146 200 224 286 289 294 314 339 345 391 423 436 468 495 519 523 525 547 549 554 557 562 572 591 601 606 619 643 
 37 5 48 55 66 97 168 170 190 193 258 283 290 330 333 374 378 385 392 396 414 439 465 466 478 479 504 505 510 526 532 552 557 606 608 617 642 648 
 37 10 43 51 52 63 76 97 105 125 134 140 185 200 203 211 227 237 240 284 292 322 331 336 339 343 363 376 401 418 419 425 453 465 554 563 650 663 
 35 12 41 45 63 67 78 115 119 127 152 186 203 219 289 294 300 306 329 331 363 371 378 381 384 387 392 397 432 439 440 553 571 600 614 638 
 43 7 19 31 77 89 98 102 112 118 132 137 146 159 162 164 165 192 193 226 228 269 270 276 353 405 415 425 449 460 466 504 522 523 576 591 595 597 598 600 601 619 626 651 
 34 7 32 47 53 67 86 101 103 111 117 124 148 160 224 253 275 296 350 401 403 431 446 463 466 483 486 490 558 561 584 619 652 659 662 
 50 9 13 43 47 60 62 65 68 74 84 101 118 151 152 153 160 188 199 200 238 252 290 300 302 307 313 322 360 361 375 394 408 423 431 432 450 451 465 475 485 488 496 511 520 549 561 591 595 654 661 
 47 1 17 18 36 79 80 84 91 131 133 145 153 170 178 194 198 210 213 216 244 289 302 304 319 324 334 337 344 361 379 384 386 423 445 452 460 473 486 498 507 512 526 540 554 605 649 665 
 36 6 49 79 91 98 100 112 151 203 219 244 273 276 302 303 314 349 359 375 398 404 405 431 442 454 472 473 479 503 565 576 578 581 622 625 663 
 42 3 10 56 95 96 104 118 121 138 183 211 227 230 239 245 270 275 296 301 311 344 367 372 380 393 413 417 434 453 481 485 496 504 519 547 572 601 602 610 619 659 662 
 52 1 29 79 93 110 111 113 130 208 222 229 247 256 259 261 267 274 292 301 317 322 330 334 344 369 376 381 392 411 436 441 446 451 452 467 471 472 489 513 537 539 562 564 578 584 590 594 620 636 638 641 652 
 33 24 40 66 74 77 81 92 96 126 132 162 174 177 182 207 252 274 279 289 292 308 360 390 441 453 456 475 485 487 488 497 612 645 
 37 16 24 61 65 66 98 102 109 201 213 229 244 259 296 326 334 337 346 356 370 406 408 411 426 465 483 488 502 510 514 540 579 605 610 642 650 659 
 40 14 25 30 44 45 47 53 77 78 80 89 110 114 118 130 157 162 192 207 214 218 231 246 276 287 292 301 305 312 322 332 395 411 455 488 490 567 616 617 663 
 34 7 8 17 29 52 54 78 80 133 225 240 245 264 283 301 318 340 346 372 373 389 397 407 410 428 477 507 510 534 577 584 602 615 664 
 39 1 40 82 83 114 124 131 137 140 146 162 218 228 238 245 257 269 276 286 311 317 330 333 424 442 445 481 488 491 506 550 564 569 591 608 611 636 639 663 
 45 9 12 14 22 24 44 46 55 66 76 95 113 131 137 150 158 179 198 204 213 242 254 269 281 297 311 344 370 409 423 434 451 452 471 488 519 533 534 564 574 585 596 600 645 654 
 44 7 22 23 34 41 58 60 67 87 113 120 145 166 168 169 173 211 218 224 293 327 331 343 396 405 424 448 468 473 481 484 504 511 530 550 576 585 586 618 622 625 636 640 657 
 46 15 24 37 40 66 102 104 119 132 171 172 177 199 225 249 257 270 282 287 289 293 311 322 339 348 364 417 430 433 434 445 471 482 484 485 534 539 616 618 632 635 640 648 649 664 666 
 44 6 18 20 38 50 52 70 81 102 119 139 155 166 184 194 210 212 222 224 233 241 265 294 353 364 373 398 432 435 449 453 456 482 517 535 540 544 580 583 628 648 649 657 662 
 34 29 31 47 62 104 128 143 177 229 251 252 253 271 290 296 297 354 364 396 400 409 448 460 466 468 469 486 503 511 587 608 614 640 651 
 46 4 28 32 52 59 74 128 160 164 174 184 190 198 206 208 219 245 254 257 263 267 274 282 286 366 369 385 387 395 402 423 426 430 451 460 484 555 557 590 610 626 635 643 648 649 653 
 30 67 96 127 136 141 181 187 190 193 199 223 278 289 310 365 368 372 375 468 497 528 546 574 575 576 587 607 622 635 642 
 34 1 16 39 62 77 86 97 100 107 151 153 172 189 215 246 253 263 300 307 310 315 374 408 410 417 419 427 429 503 516 617 622 641 664 
 36 1 21 30 31 112 155 162 191 192 216 222 226 241 257 293 318 326 350 363 368 387 394 418 419 436 446 451 496 533 540 564 608 611 619 635 646 
 41 13 24 53 54 65 69 79 84 104 149 167 174 179 195 196 210 212 226 248 265 270 283 287 288 292 318 319 425 445 454 461 466 478 500 515 541 562 585 598 631 642 
 45 8 9 16 23 26 52 85 90 102 106 132 139 147 161 207 231 232 239 288 295 296 300 301 312 328 384 389 394 395 419 421 445 467 519 520 522 531 537 563 596 600 602 609 631 657 
 33 7 10 58 87 99 111 124 137 160 201 258 284 300 304 350 351 363 371 384 458 490 493 530 538 547 583 599 607 616 619 647 651 662 
 35 14 46 69 102 163 171 173 191 194 212 231 260 269 277 345 359 364 393 397 462 476 483 486 491 498 508 544 553 569 608 635 641 651 657 666 
 42 8 31 32 52 68 78 107 123 131 177 212 213 252 256 265 284 288 327 345 350 351 362 389 402 436 440 447 454 475 486 527 534 561 567 596 619 624 632 643 648 656 658 
 39 22 39 41 89 97 112 117 122 127 140 153 199 217 223 262 267 272 274 316 367 376 391 392 412 439 440 489 490 496 504 513 528 529 552 557 586 610 640 648 
 39 13 21 37 65 70 89 95 103 125 143 190 207 237 238 241 259 263 322 323 338 346 378 388 402 431 445 451 485 491 502 524 542 545 549 562 582 599 630 663 
 38 24 49 63 65 102 103 147 170 188 189 205 206 210 223 231 246 250 254 270 275 295 327 343 365 382 386 396 407 439 474 492 497 519 542 549 608 615 649 
 37 35 46 47 83 100 109 128 143 171 186 194 240 265 287 302 330 407 425 428 444 455 492 498 522 547 550 562 569 572 584 586 592 599 603 604 641 658 
 49 2 14 23 24 29 45 64 66 71 75 93 99 117 125 126 137 163 196 203 219 222 239 313 332 352 381 388 391 402 421 448 464 487 490 494 511 517 522 551 569 575 578 584 590 619 625 633 637 651 
 33 25 35 62 97 138 149 164 165 193 245 292 334 344 367 368 377 424 451 453 461 467 487 530 539 540 556 560 593 619 624 626 635 654 
 28 2 6 65 66 89 171 178 185 192 230 305 308 309 332 335 336 350 385 413 447 453 508 515 526 535 550 578 649 
 39 3 30 36 52 112 118 121 141 178 181 214 218 220 223 230 240 246 258 260 277 326 328 329 340 379 386 405 454 466 476 485 503 542 554 556 581 586 602 636 
 36 29 30 89 156 179 199 203 217 257 265 267 273 278 293 311 316 330 345 346 364 375 390 437 493 509 539 541 549 558 570 604 618 622 625 629 666 
 31 13 14 23 25 77 98 112 135 136 146 176 187 264 347 364 372 381 384 393 419 461 506 542 548 563 572 598 614 622 640 666 
 41 20 32 72 79 107 111 139 140 141 149 165 167 199 221 224 232 251 280 284 292 316 320 321 330 331 350 355 356 408 421 431 436 459 489 496 528 559 561 571 600 604 
 32 29 48 54 107 161 162 172 181 193 195 198 199 237 285 296 304 319 328 394 398 412 467 505 506 564 567 571 589 590 594 611 620 
 32 2 3 18 86 108 130 151 153 171 214 232 263 270 298 333 363 397 399 403 455 465 505 509 510 511 512 564 573 578 591 646 654 
 42 2 6 13 23 26 53 55 125 128 178 182 185 226 281 285 287 293 321 343 346 373 397 399 400 406 412 431 432 439 442 443 532 539 548 567 600 617 630 641 652 663 664 
 31 11 13 14 77 90 125 138 142 171 172 180 210 237 244 249 253 282 323 372 416 417 423 430 434 437 450 460 520 521 589 663 
 32 18 50 56 72 78 113 133 135 149 179 183 186 200 201 242 310 340 352 373 387 400 420 459 466 491 543 559 561 609 623 653 666 
 43 18 19 22 39 56 79 81 93 108 124 164 174 175 211 230 257 286 293 301 318 351 366 369 370 386 407 440 458 471 472 490 502 518 519 551 559 575 576 579 585 594 627 658 
 32 22 52 73 99 102 148 156 175 201 202 204 208 247 287 322 339 344 375 397 407 408 416 428 442 447 490 576 594 640 641 650 658 
 30 43 57 70 102 116 143 151 164 186 228 252 261 308 316 332 370 438 447 448 477 513 537 552 562 582 627 633 638 661 664 
 39 1 36 65 66 87 97 142 165 185 212 221 223 238 243 254 270 281 289 302 322 343 349 359 374 419 461 463 472 484 493 540 557 558 562 568 602 607 627 664 
 36 15 27 46 48 52 54 89 102 147 162 171 188 189 207 235 253 254 264 286 291 324 343 350 391 397 411 513 548 559 577 613 626 630 640 650 662 
 34 7 14 36 45 85 93 113 117 119 121 131 137 164 250 264 276 293 300 307 312 339 370 374 408 417 478 495 534 573 599 606 611 641 642 
