 200 667
 3 3 3 3 3 3 4 6 6 6 6 6 6 7 9 9 9 9 9 9 10 12 12 12 12 12 12 13 15 15 15 15 15 15 15 18 18 18 18 18 18 18 18 18 18 20 21 21 21 21 21 24 24 24 24 24 26 27 27 27 27 27 27 27 27 27 30 30 30 30 30 30 30 31 33 33 33 33 34 36 36 36 36 36 36 39 39 39 39 39 40 42 42 42 42 45 45 45 45 45 45 45 47 48 48 48 48 48 50 51 51 51 52 54 54 54 54 54 56 57 57 57 57 57 57 57 59 60 60 61 63 63 63 63 63 63 63 63 66 66 66 66 66 68 69 69 69 69 69 71 72 72 72 72 75 75 75 75 75 75 75 78 78 78 78 78 78 78 78 79 81 81 81 81 81 81 81 81 81 81 84 84 84 84 84 84 84 87 87 87 87 87 89 90 90 90 90 91 93 93 93 93 93 93 93 93 94 96 96 96 96 96 98 99 99 99 99 100 102 102 102 102 102 104 105 105 105 105 105 105 107 108 108 108 108 109 111 111 111 111 111 113 114 114 114 114 117 117 117 117 117 117 118 120 120 120 120 120 120 121 123 123 123 123 125 126 126 126 126 126 128 129 129 129 132 132 132 132 132 132 134 135 135 135 135 135 135 135 137 138 138 138 138 138 141 141 141 141 141 144 144 144 144 144 147 147 147 147 147 148 150 150 150 150 150 150 150 150 152 153 153 153 153 153 153 153 155 156 156 156 156 156 156 156 156 159 159 159 159 159 159 160 162 162 162 162 162 162 162 162 164 165 165 165 165 165 166 168 168 168 168 168 168 169 171 171 171 171 171 171 171 171 173 174 174 174 174 174 174 174 174 176 177 177 177 177 177 179 180 180 180 180 180 180 180 182 183 183 183 183 183 183 184 186 186 186 186 186 188 189 189 189 189 191 192 192 192 192 192 194 195 195 195 195 195 195 195 197 198 198 198 198 198 198 198 198 198 200 201 201 201 201 201 203 204 204 204 204 204 204 204 206 207 207 207 207 207 207 207 210 210 210 210 210 210 210 210 212 213 213 213 213 213 213 214 216 216 216 216 216 217 219 219 219 219 219 219 220 222 222 222 222 222 224 225 225 225 225 225 225 225 227 228 228 228 228 228 228 231 231 231 231 231 231 233 234 234 234 234 234 234 234 236 237 237 237 237 237 237 237 237 237 240 240 240 240 240 240 240 242 243 243 243 243 243 244 246 246 246 246 246 246 247 249 249 249 249 252 252 252 252 252 252 255 255 255 255 255 255 257 258 258 258 258 258 258 259 261 261 261 261 261 261 261 263 264 264 264 264 264 264 265 267 267 267 267 267 267 270 270 270 270 270 272 273 273 273 273 273 274 276 276 276 276 276 276 277 279 279 279 279 279 279 282 282 282 282 282 282 282 282 285 285 285 285 285 285 287 288 288 288 288 288 289 291 291 291 291 291 291 292 294 294 294 294 294 294 294 296 297 297 297 300 300 300 300 200 
 36 1 20 21 23 37 45 55 69 74 87 96 140 195 207 220 231 240 247 280 368 400 406 454 456 466 467 495 520 534 547 564 566 581 600 618 642 
 48 3 7 10 17 18 28 38 40 84 135 150 157 170 199 212 219 233 239 246 298 300 308 340 343 346 347 352 355 367 368 382 411 453 491 493 496 515 523 540 552 566 589 605 612 622 626 631 639 
 40 22 25 39 42 53 54 80 89 114 132 171 174 183 229 241 262 264 282 283 316 365 366 383 398 400 409 438 458 461 462 473 478 494 539 544 574 592 610 615 618 
 42 7 8 22 47 92 114 124 139 154 171 177 181 202 247 255 293 328 331 341 355 357 358 372 377 383 392 415 439 454 467 477 496 502 543 549 552 592 594 604 606 625 634 
 44 8 29 62 71 83 106 139 151 166 224 226 245 259 314 321 328 365 398 418 429 431 442 444 458 465 496 500 515 518 520 521 558 561 570 573 578 579 582 583 585 586 612 621 628 
 34 21 22 31 85 96 194 201 240 253 270 319 326 386 390 393 400 411 419 428 430 433 437 445 471 479 482 483 513 524 533 572 612 647 655 
 43 8 32 52 82 92 115 130 132 142 202 207 217 225 275 285 306 308 317 333 354 355 373 395 406 455 460 476 492 514 515 527 537 540 560 568 571 574 593 620 627 642 657 665 
 45 15 16 51 53 59 80 93 113 132 139 140 164 203 207 219 222 239 308 330 343 358 372 373 414 417 422 440 455 480 481 487 491 502 525 536 565 567 572 578 591 605 614 646 652 654 
 37 8 9 32 57 63 108 122 139 163 200 218 228 242 258 261 291 326 328 337 339 395 416 469 474 498 510 516 517 525 571 587 598 615 648 654 657 663 
 31 2 3 8 37 38 40 48 67 90 97 107 120 158 170 210 297 323 336 349 393 417 463 467 510 522 526 530 590 611 629 648 
 46 16 19 38 92 112 118 127 128 153 162 166 183 215 223 256 257 286 289 295 320 329 337 344 355 390 400 417 421 443 477 492 506 519 524 527 538 547 588 590 605 615 629 640 642 655 658 
 31 12 22 30 58 89 99 128 142 145 170 261 282 290 332 340 345 380 382 421 424 435 461 470 476 528 573 575 590 624 645 647 
 43 2 46 54 64 70 73 112 171 174 208 213 214 216 237 240 276 280 292 298 307 335 370 378 379 409 415 422 428 440 448 467 474 477 486 494 544 572 588 599 606 629 631 632 
 43 17 45 47 55 67 73 98 99 122 145 149 168 184 191 203 221 235 247 268 281 284 287 300 309 359 376 379 383 391 393 416 462 463 466 495 499 507 542 545 548 555 569 635 
 37 1 49 64 87 110 117 119 135 144 168 171 172 173 224 233 234 243 248 254 272 300 314 316 360 385 396 416 460 468 491 495 562 577 579 620 624 632 
 51 24 26 30 37 53 56 67 69 104 141 144 147 152 154 162 163 172 181 186 197 209 215 245 247 248 254 258 268 292 295 296 301 306 315 330 357 384 405 421 427 445 465 475 505 517 523 555 558 598 600 660 
 40 5 16 39 43 72 76 115 120 121 143 151 164 173 210 213 227 266 278 282 300 305 329 386 411 423 427 435 447 492 497 509 525 533 554 558 573 596 622 623 641 
 39 8 21 33 60 67 72 81 120 127 129 130 139 148 156 204 215 232 242 262 264 330 331 398 411 429 456 457 483 502 506 507 509 546 564 587 599 600 619 650 
 39 38 92 100 122 123 134 140 162 163 208 226 300 301 314 331 357 366 371 388 417 421 454 468 481 490 505 509 518 529 531 544 552 560 570 575 604 645 651 662 
 46 23 37 40 46 80 88 105 115 120 123 131 134 142 145 150 164 171 184 195 200 251 264 278 329 340 359 361 376 383 389 396 400 427 429 443 447 497 510 524 541 549 560 584 595 601 623 
 35 81 93 106 176 194 216 230 236 242 248 251 256 275 279 324 336 353 366 367 438 473 477 481 497 518 526 531 538 560 613 617 625 649 653 659 
 42 53 55 72 76 97 112 119 128 131 174 181 184 207 236 268 293 296 300 304 310 316 329 349 351 374 390 410 426 437 441 442 468 529 547 564 599 602 604 618 634 639 660 
 52 16 28 53 67 87 93 103 126 162 171 193 197 199 201 206 208 210 211 213 219 230 231 238 241 247 261 273 275 297 305 350 372 374 389 432 460 482 495 499 510 525 527 530 536 545 554 558 588 590 607 609 625 
 36 31 104 105 157 165 166 181 186 188 202 210 218 240 249 313 317 343 360 363 369 373 374 388 461 516 518 529 537 541 556 578 587 595 599 636 659 
 32 2 14 44 50 51 75 80 136 142 147 209 237 248 289 310 315 338 353 354 359 369 374 377 403 411 461 469 482 496 516 580 652 
 47 39 47 63 67 69 76 79 97 120 132 143 152 172 179 203 214 229 259 275 281 286 317 321 341 344 352 358 400 405 410 411 417 444 464 482 529 535 547 553 570 577 592 600 632 637 653 659 
 41 8 52 59 67 80 90 93 132 137 152 155 215 232 242 259 266 272 284 300 308 334 352 362 375 403 430 434 450 460 468 494 502 516 523 534 613 618 625 637 646 653 
 34 10 30 52 75 112 175 193 220 226 236 241 251 282 290 313 390 397 445 469 470 483 490 497 510 517 524 542 563 565 585 595 597 604 608 
 36 4 34 40 48 52 75 98 102 112 113 135 157 176 208 211 212 256 271 279 301 310 330 348 365 378 426 432 434 438 483 519 546 566 573 581 606 
 37 1 36 47 52 66 75 78 116 137 146 152 185 191 221 224 246 251 271 295 312 420 423 431 445 476 480 481 493 504 534 575 584 593 613 632 637 659 
 35 52 54 61 67 86 137 162 185 228 266 280 282 290 297 305 323 345 361 374 381 384 388 393 421 433 471 478 496 540 558 601 624 634 638 661 
 33 2 22 24 36 54 97 130 149 173 181 218 255 256 263 296 313 319 322 332 336 364 373 382 397 411 422 475 497 515 613 616 651 660 
 47 2 17 39 41 45 60 63 65 72 93 114 118 120 129 149 155 172 173 199 244 261 281 287 315 326 352 353 368 410 452 454 484 486 503 520 535 545 548 553 571 608 609 627 633 634 645 646 
 45 23 86 114 117 122 131 144 147 181 186 193 195 205 212 238 242 243 256 269 272 286 292 322 328 339 346 362 411 434 438 446 471 477 482 516 561 566 575 600 605 615 642 652 657 660 
 46 12 29 41 55 77 84 87 101 103 115 123 145 147 149 156 157 158 183 195 197 199 250 251 276 289 291 314 319 322 365 380 399 413 441 460 463 479 488 506 515 571 577 580 619 628 656 
 35 3 14 20 58 77 121 151 199 210 248 266 295 319 328 336 337 344 350 360 370 376 386 388 414 433 503 520 522 549 573 574 593 620 649 664 
 28 22 71 141 146 178 199 298 311 319 325 327 359 366 373 374 382 415 422 440 478 482 517 521 523 547 556 564 566 
 37 1 66 67 87 116 123 135 148 176 186 239 268 291 302 310 327 331 340 343 375 386 389 418 444 445 452 485 499 502 524 542 543 607 638 640 652 664 
 41 8 14 24 28 31 36 68 79 102 105 115 119 145 147 152 170 173 183 187 202 236 254 257 275 277 300 305 311 344 428 433 462 497 519 528 535 541 554 596 606 663 
 28 40 41 58 96 98 148 162 230 233 235 261 283 344 348 364 396 431 438 450 460 482 499 560 567 594 595 629 654 
 35 15 36 64 86 129 133 158 167 172 188 212 232 254 262 272 295 312 351 352 362 383 484 500 510 516 517 530 572 585 601 608 624 655 656 665 
 45 39 44 80 85 118 124 140 151 162 164 182 186 199 226 243 285 290 308 309 331 337 372 386 387 413 421 430 439 442 466 471 472 515 533 534 546 566 577 588 595 606 611 628 651 660 
 29 1 19 33 62 67 94 105 172 185 194 204 205 209 227 279 282 289 371 375 378 452 461 493 524 597 607 609 657 663 
 34 11 29 30 76 80 96 131 150 151 162 188 220 268 315 320 337 357 367 399 438 441 444 464 468 469 476 477 533 581 593 611 612 661 663 
 34 12 37 39 80 131 156 166 190 198 210 216 232 254 258 269 270 281 294 329 397 404 406 440 465 472 484 547 553 559 589 614 653 663 664 
 32 1 17 20 79 140 147 155 163 170 172 177 231 243 262 267 271 276 302 309 313 321 325 339 368 413 414 420 456 459 463 492 592 
 45 2 24 36 47 50 53 91 92 113 117 120 158 161 181 222 223 239 241 288 298 318 319 321 322 374 385 394 395 420 461 467 469 499 503 526 546 579 590 593 604 606 618 619 637 654 
 33 1 2 18 29 40 77 86 109 129 140 166 182 234 250 256 265 301 312 317 324 359 377 389 450 481 484 502 509 527 551 604 608 625 
 31 5 36 63 86 91 120 122 153 163 211 225 270 281 307 308 311 314 340 354 361 363 407 413 416 519 530 554 558 566 574 602 
 31 67 90 98 121 139 140 158 166 184 193 209 231 257 271 274 279 328 343 357 391 406 458 490 491 497 512 516 564 573 589 632 
 40 5 8 36 54 60 68 97 114 127 151 164 196 210 238 239 281 301 316 319 324 332 367 384 407 439 448 461 474 482 488 517 528 541 559 569 570 575 617 626 649 
 36 17 24 62 70 77 97 104 105 107 114 144 156 199 219 270 278 279 281 284 311 327 338 352 378 404 432 484 488 496 503 554 585 641 646 662 663 
 49 34 42 48 57 67 69 101 109 123 129 141 144 157 162 170 192 194 195 202 216 226 254 276 301 320 328 353 357 369 384 386 387 410 411 425 454 456 467 472 490 520 524 532 536 558 565 608 651 665 
 47 56 57 61 137 144 147 157 162 164 182 190 191 199 214 233 247 260 271 282 306 308 327 328 337 361 391 396 401 415 421 461 478 498 499 523 548 561 580 587 597 608 610 614 624 626 640 663 
 29 2 15 18 37 39 114 115 125 198 232 239 268 275 280 309 351 367 370 384 460 470 503 505 525 533 547 568 591 640 
 41 4 21 52 85 97 108 110 111 144 175 195 231 262 289 307 310 321 323 359 383 391 425 428 432 469 480 489 490 494 501 511 527 534 582 586 587 594 611 624 641 653 
 35 15 28 29 59 62 69 80 90 92 96 98 104 131 132 136 138 145 147 215 219 231 274 289 309 311 361 370 429 438 446 455 495 526 572 663 
 35 10 22 28 29 38 79 97 98 121 128 130 146 147 148 155 194 213 229 237 248 305 324 330 428 453 462 465 487 504 516 523 526 559 594 649 
 39 28 48 54 61 69 72 86 115 117 133 134 165 171 182 203 231 293 322 331 339 342 345 359 375 398 399 403 407 415 432 451 456 476 512 516 558 565 567 599 
 32 32 50 56 85 99 122 133 140 146 152 157 175 204 219 249 271 307 313 361 408 415 421 426 428 430 493 498 515 516 525 602 645 
 38 41 45 58 62 75 89 101 134 137 154 160 162 193 217 220 268 301 328 365 381 408 417 424 445 463 467 494 503 504 510 533 550 573 576 596 625 652 663 
 39 5 27 30 41 47 53 58 103 130 131 140 149 150 167 184 199 214 218 237 260 337 341 366 370 382 391 410 419 451 489 503 551 578 612 622 633 638 651 663 
 41 2 9 11 14 15 19 25 39 58 92 121 153 172 198 252 288 295 308 320 321 325 342 365 371 372 397 430 486 496 499 530 534 567 578 596 612 619 620 624 630 644 
 28 26 76 92 126 171 192 217 221 260 306 324 347 365 367 408 421 446 468 498 505 541 544 565 571 586 615 635 665 
 40 7 15 17 18 19 24 37 62 63 66 76 88 139 141 154 155 165 208 243 277 321 323 343 353 376 381 431 433 449 460 478 497 502 503 527 588 618 625 638 639 
 45 30 57 67 111 114 123 124 158 162 171 181 191 198 200 224 252 293 312 330 332 336 348 354 356 364 373 382 394 416 421 432 476 477 481 501 503 533 546 554 582 594 597 611 613 627 
 34 1 7 57 68 69 102 114 132 134 171 199 200 206 254 266 268 282 289 303 323 353 371 378 388 394 526 536 542 553 559 581 584 602 625 
 37 1 18 32 69 71 89 101 103 114 121 133 136 152 195 206 232 245 265 266 275 281 300 310 322 364 399 430 442 444 489 495 543 600 618 632 639 661 
 41 3 8 9 13 33 59 79 100 103 104 123 130 151 186 215 236 248 269 272 273 277 285 287 296 302 329 332 336 343 431 459 501 509 526 544 558 615 625 632 647 667 
 33 159 176 183 198 214 226 305 319 320 368 409 416 420 454 462 471 473 484 507 509 524 525 529 555 576 589 593 619 634 640 646 654 660 
 35 1 11 32 44 92 99 131 157 166 207 228 232 267 275 300 302 320 328 368 376 408 409 415 431 446 469 498 539 559 581 586 594 601 614 640 
 41 12 16 23 31 55 69 81 127 144 154 178 199 208 209 215 225 244 259 297 333 351 382 388 389 390 404 454 460 486 489 511 517 529 531 534 540 545 586 603 632 654 
 32 7 36 41 60 84 107 125 158 182 208 251 261 265 305 307 311 361 375 425 426 439 445 446 455 461 497 509 535 550 582 605 648 
 35 23 46 50 72 78 82 87 93 108 131 155 204 225 233 254 269 282 289 312 317 323 392 422 430 440 441 457 459 464 485 494 526 585 612 628 
 37 28 30 41 77 103 111 135 160 163 164 167 193 213 250 332 336 353 384 426 429 431 449 459 460 482 519 536 550 555 557 570 586 596 598 618 628 663 
 35 53 57 114 119 121 122 151 156 183 225 230 241 313 321 329 341 358 394 413 416 439 446 461 464 525 547 548 564 567 578 586 591 610 630 647 
 34 3 25 37 73 79 92 115 140 162 166 200 231 283 295 305 311 347 353 374 377 389 393 420 436 438 446 447 492 541 553 574 589 599 654 
 35 4 39 52 68 88 96 109 125 197 198 253 276 290 296 363 365 380 383 409 410 423 424 426 452 471 476 494 504 543 559 569 577 598 630 662 
 42 3 14 22 75 82 86 121 151 155 170 185 194 224 249 258 263 283 298 301 337 351 357 385 395 405 412 422 445 448 457 462 490 492 511 574 583 586 600 611 612 624 663 
 42 3 25 26 61 80 104 110 117 129 162 185 237 242 243 281 289 290 295 309 323 343 361 368 391 402 427 453 465 469 473 493 505 538 564 579 581 587 604 608 645 659 663 
 33 26 32 42 49 54 70 87 118 141 181 185 194 230 232 247 289 291 297 367 373 384 413 439 448 452 526 548 577 596 618 620 640 661 
 33 15 22 29 31 53 70 103 110 165 166 207 227 232 233 235 254 295 317 382 385 388 408 427 460 508 536 549 569 578 611 624 656 665 
 30 6 9 22 38 49 62 67 75 90 118 120 183 239 274 324 346 347 422 424 450 497 506 524 558 565 568 602 611 643 662 
 43 21 27 29 46 47 49 59 61 84 116 117 120 122 145 151 163 164 174 181 198 200 201 239 251 268 276 304 311 313 315 399 443 445 446 450 452 485 567 573 586 611 619 659 
 37 4 15 27 28 40 82 104 121 148 159 189 193 208 213 219 242 260 267 277 291 301 303 311 319 378 382 413 431 437 445 469 470 487 516 607 619 641 
 47 4 29 30 36 52 85 96 106 135 140 188 209 224 227 240 246 263 266 267 269 278 286 302 325 345 393 422 428 452 453 457 460 466 469 491 500 527 547 571 585 588 603 606 611 640 643 650 
 41 13 14 41 67 71 79 88 119 125 126 145 146 187 203 211 230 244 262 275 301 311 367 387 416 440 441 444 473 490 526 578 595 596 599 605 630 644 645 655 659 663 
 38 1 8 47 49 55 106 117 146 158 159 164 172 175 182 186 193 218 233 241 251 266 271 278 333 345 352 358 361 366 386 447 472 555 570 593 607 612 666 
 44 5 70 77 106 107 109 138 144 152 162 179 184 193 198 227 232 240 265 286 291 311 313 328 344 394 396 416 423 445 456 465 477 496 511 520 577 608 613 633 637 647 657 659 661 
 34 9 16 47 54 57 74 88 89 99 110 144 147 186 200 211 236 248 273 275 285 337 373 398 404 420 482 494 511 513 580 592 599 616 646 
 43 47 57 74 95 96 116 128 159 167 172 175 181 185 190 203 208 215 216 219 232 237 242 245 255 260 268 322 368 377 386 397 468 488 521 524 530 547 553 564 599 611 621 663 
 35 20 22 28 87 135 183 199 221 242 249 254 257 261 276 313 343 385 396 397 398 405 413 418 423 435 452 470 491 529 583 606 607 609 627 638 
 32 48 101 103 108 157 169 209 238 283 286 305 313 326 354 362 369 391 392 404 456 460 497 504 530 537 558 604 627 642 651 661 666 
 32 13 19 24 36 41 44 46 78 85 86 124 169 189 206 207 224 272 368 406 453 483 494 512 532 548 580 588 600 607 634 656 660 
 42 8 29 30 36 51 67 76 81 92 98 139 171 180 201 209 226 227 247 279 281 299 301 305 334 335 349 376 416 439 441 460 461 482 510 551 564 570 611 642 656 663 665 
 37 18 26 44 67 68 91 102 113 148 167 173 200 229 234 257 271 309 338 355 424 453 454 460 477 479 498 509 539 540 547 557 562 570 578 591 600 666 
 37 21 24 58 60 65 69 79 92 93 114 133 140 151 182 185 208 209 223 236 237 263 297 310 367 409 415 470 478 504 533 560 574 610 612 621 644 645 
 52 18 30 37 38 40 50 64 70 93 95 107 116 131 141 143 150 200 209 224 244 253 263 295 325 326 336 352 365 378 388 403 423 426 447 458 460 461 489 495 502 504 506 522 543 567 585 597 601 623 625 648 654 
 41 3 4 19 38 59 99 116 133 164 174 209 230 231 248 258 271 309 329 353 377 409 410 421 425 429 452 480 486 490 524 525 547 548 558 559 560 584 587 588 621 660 
 45 1 2 6 11 44 51 54 78 98 100 113 120 121 131 134 150 156 169 201 208 209 214 255 275 306 325 383 384 390 399 404 423 444 448 476 483 489 490 497 503 529 573 614 639 644 
 31 19 53 74 94 128 131 136 167 187 189 239 241 254 256 265 290 336 342 346 365 425 479 552 558 561 565 605 625 627 631 635 
 44 32 33 42 60 69 71 75 121 144 149 171 175 182 202 237 242 244 291 333 338 339 352 357 358 367 375 376 391 399 416 418 433 440 448 450 455 456 469 498 503 557 558 607 654 
 42 1 13 21 64 68 69 92 107 118 120 127 144 145 164 196 214 218 227 250 274 284 311 313 337 347 352 356 387 422 448 454 510 516 517 526 527 546 572 583 600 639 659 
 36 48 63 72 104 127 159 162 173 174 181 188 192 200 201 214 247 265 306 307 312 343 359 404 412 424 502 509 511 544 560 578 581 633 636 653 662 
 33 30 36 54 86 96 114 125 131 132 136 138 189 205 213 248 254 255 270 287 312 331 363 398 420 453 472 478 535 576 618 623 638 656 
 48 6 14 43 64 81 103 133 155 163 183 185 188 189 190 208 213 233 253 254 255 280 295 311 319 327 343 344 420 429 460 464 482 485 487 498 499 534 537 550 562 585 590 605 606 627 635 660 661 
 41 7 32 43 98 121 141 148 163 175 184 192 233 238 269 291 297 302 310 311 329 339 355 361 365 369 372 374 388 401 417 420 421 428 437 489 522 581 585 595 655 660 
 42 4 52 73 81 97 106 127 149 189 203 205 211 219 221 261 267 284 310 345 365 366 385 392 393 395 423 429 459 461 468 489 525 533 542 546 556 566 571 572 577 578 621 
 41 2 18 52 65 83 84 86 122 135 149 156 171 173 202 208 220 238 240 261 292 344 364 382 397 409 483 495 510 511 512 520 538 541 569 586 600 612 616 624 633 665 
 41 23 35 37 44 53 58 84 103 111 114 131 146 148 151 170 216 237 243 294 300 305 323 328 374 379 398 429 446 447 472 476 479 547 578 593 613 624 630 632 635 646 
 40 16 37 75 109 118 129 172 185 191 243 244 246 252 256 271 301 302 321 329 345 355 375 376 377 390 407 431 446 462 465 466 470 476 524 535 555 597 604 620 636 
 31 58 61 68 85 103 134 144 175 181 186 224 231 245 247 252 258 312 315 351 375 390 392 412 418 426 463 477 488 578 624 646 
 43 42 57 61 79 92 98 107 175 176 206 247 278 281 284 314 334 353 368 375 392 399 405 406 412 430 435 438 439 448 452 462 485 508 534 567 575 593 607 612 623 641 645 667 
 33 1 27 33 80 111 120 155 181 209 247 248 281 294 322 333 344 345 390 428 432 444 460 510 541 568 574 579 599 613 626 635 645 652 
 30 47 52 74 78 121 130 145 146 220 224 248 267 275 284 307 334 358 369 418 507 529 539 541 548 556 610 619 620 639 640 
 46 3 17 22 35 76 81 109 119 125 128 162 168 177 192 194 198 203 213 223 247 250 251 255 265 278 311 318 360 375 383 387 417 443 453 463 495 506 518 525 526 592 601 606 617 618 664 
 37 4 6 68 75 92 109 157 168 183 196 210 216 219 222 256 266 271 278 293 296 308 328 359 367 403 407 411 424 477 504 532 564 619 625 627 647 652 
 46 4 36 46 86 87 100 111 124 139 155 173 196 200 215 247 255 301 305 326 328 330 338 353 365 373 374 384 420 423 446 449 453 454 464 476 479 481 498 554 558 564 617 628 634 646 649 
 44 3 18 25 35 56 73 85 100 104 113 145 147 149 175 213 234 276 316 330 335 344 348 353 373 404 410 447 452 456 496 519 523 533 535 539 566 586 588 600 605 630 643 651 658 
 45 15 53 59 68 89 114 119 141 142 153 155 159 184 190 203 226 249 257 276 285 304 305 310 330 331 346 366 404 414 419 439 457 463 469 508 509 534 540 585 593 599 626 652 653 659 
 49 2 9 15 40 48 64 65 68 100 122 153 158 176 227 266 271 272 307 319 328 358 390 410 444 445 451 453 458 461 477 483 498 499 505 519 523 524 533 536 547 553 556 566 579 587 619 624 636 660 
 36 1 10 16 41 73 74 75 115 123 139 151 169 219 220 226 231 232 284 330 368 407 438 450 470 488 524 534 541 554 561 566 628 637 644 646 657 
 43 8 32 47 65 98 108 120 129 136 158 165 182 187 233 275 277 279 290 303 305 311 314 328 356 358 361 397 429 431 450 455 466 483 494 495 546 549 594 605 607 609 613 625 
 30 2 13 17 60 77 78 91 100 117 141 170 182 184 196 197 218 244 336 356 377 414 421 458 503 571 572 577 615 622 665 
 43 25 42 58 60 61 93 113 139 146 159 160 184 185 214 225 228 233 238 250 257 279 284 327 330 333 358 389 409 412 425 429 447 455 531 539 541 542 554 570 636 638 639 663 
 42 42 61 68 80 86 89 97 100 101 119 126 145 147 156 202 225 246 247 292 297 330 342 355 400 403 410 412 430 464 480 482 504 541 579 580 606 608 610 619 626 628 664 
 34 34 52 59 68 97 103 109 112 150 161 169 201 204 219 252 287 290 296 307 320 354 389 400 430 436 468 482 506 540 543 552 553 569 599 
 35 8 16 43 56 78 80 84 102 124 138 155 163 188 221 226 227 231 234 239 253 283 285 297 325 334 344 438 440 489 497 504 535 567 604 645 
 38 11 88 89 97 98 159 162 167 179 196 226 277 296 300 305 314 366 391 412 422 441 472 478 510 516 547 548 555 562 573 580 590 601 616 624 638 650 664 
 31 25 26 31 36 81 105 171 190 211 214 221 251 258 296 313 323 337 350 351 362 392 396 401 472 489 501 518 571 601 638 650 
 33 32 43 68 74 90 131 135 138 144 152 174 176 180 189 194 200 205 209 212 255 344 404 434 483 532 541 552 555 568 571 586 605 653 
 38 1 16 17 30 41 63 71 72 131 147 196 258 273 277 283 310 319 327 328 362 410 419 426 444 446 455 469 504 510 533 540 550 557 572 595 619 642 643 
 30 23 47 67 88 114 132 198 219 255 256 257 276 306 348 356 401 402 419 420 468 476 515 533 554 578 609 640 641 646 647 
 27 36 48 72 82 96 97 117 123 124 152 173 199 243 262 354 381 406 409 423 446 453 462 467 490 521 591 654 
 38 7 59 81 86 111 120 132 171 187 231 247 272 325 346 348 356 374 392 414 433 440 445 446 447 449 453 465 498 500 501 509 531 612 614 618 624 633 645 
 37 28 52 83 93 100 103 109 116 169 183 188 195 247 250 252 272 296 300 356 370 404 409 495 527 559 581 585 589 603 610 612 617 625 636 644 650 653 
 41 59 86 96 119 152 155 183 198 204 205 207 249 253 272 295 326 337 352 358 366 367 373 374 393 397 422 436 448 449 451 457 484 495 512 540 576 611 617 621 632 641 
 36 34 35 77 102 109 119 120 135 137 146 154 166 201 215 257 264 272 306 341 361 388 391 393 396 416 435 482 498 505 509 521 537 586 604 618 629 
 43 36 52 58 62 93 96 105 113 116 133 139 196 199 214 269 283 299 320 327 331 353 362 364 365 388 393 397 415 433 480 494 500 506 525 540 549 563 565 579 591 607 609 615 
 37 8 13 49 87 90 110 113 165 182 186 191 206 225 243 249 267 289 356 360 365 371 388 432 433 439 447 449 453 468 474 564 570 576 584 594 595 661 
 43 8 39 46 47 59 64 71 112 117 119 130 132 139 145 153 158 172 188 200 204 209 274 296 307 336 346 359 369 396 402 415 431 484 527 542 550 568 605 628 634 644 648 652 
 43 37 60 62 74 80 112 114 167 172 178 184 201 202 207 295 316 327 329 346 358 360 366 376 380 394 396 423 439 460 477 480 487 493 518 526 545 552 573 604 605 607 614 620 
 39 30 52 57 96 144 152 160 163 203 210 225 264 266 273 275 283 289 306 335 337 359 362 366 375 432 444 446 462 489 495 528 557 571 589 626 629 630 657 666 
 39 10 43 51 70 99 104 120 121 122 200 205 219 253 309 322 324 338 341 342 353 354 406 422 429 448 453 463 464 470 476 492 507 510 533 542 567 570 586 667 
 41 4 12 16 23 30 52 59 81 118 132 136 211 212 219 222 250 254 277 295 335 345 366 378 389 417 421 455 476 510 520 523 528 582 588 603 612 614 633 635 640 656 
 34 7 8 9 19 31 38 58 87 104 105 150 210 256 342 374 375 385 409 432 442 490 512 521 538 540 544 574 579 582 589 617 633 648 656 
 37 1 12 68 79 86 93 105 124 148 156 193 208 220 224 225 303 379 389 412 418 420 440 446 455 476 483 490 515 533 538 574 583 596 603 618 647 653 
 42 3 46 58 63 64 79 82 87 88 94 104 113 143 177 193 201 235 247 254 260 315 324 330 384 386 401 404 409 436 457 463 506 509 547 549 602 604 614 639 646 659 664 
 43 3 46 82 88 98 119 141 178 181 189 236 242 266 285 291 302 311 324 336 347 358 366 370 385 397 405 453 475 496 502 533 547 556 572 575 577 580 599 613 620 636 642 664 
 37 21 25 50 99 100 106 142 146 151 163 197 206 216 218 232 271 276 295 334 389 390 405 414 444 488 491 495 525 537 564 571 594 606 614 645 659 661 
 37 17 27 57 66 86 101 102 128 153 194 203 206 243 275 293 301 306 329 366 369 404 428 449 471 479 511 512 528 537 543 554 572 575 590 618 640 652 
 34 28 68 82 103 109 115 134 221 236 275 278 321 327 337 339 359 365 367 378 396 431 432 439 446 459 469 483 498 503 523 551 567 576 577 
 29 2 15 31 44 70 79 110 130 171 244 261 284 301 351 358 363 364 376 377 394 443 452 468 516 525 526 538 543 579 
 38 18 62 114 161 179 189 199 222 225 255 257 277 282 295 299 300 308 314 315 328 364 374 433 469 478 481 495 496 517 520 568 572 578 580 622 626 645 646 
 44 5 11 14 19 24 47 48 110 145 157 174 179 191 194 195 196 210 213 269 272 273 290 300 304 321 322 331 352 399 414 429 434 462 477 533 541 586 593 610 639 652 653 658 666 
 40 1 24 33 37 46 75 83 92 110 123 142 196 243 247 249 287 298 324 357 383 390 395 429 455 458 466 476 482 502 509 539 542 550 554 559 560 578 594 649 658 
 47 17 22 33 43 49 52 71 77 84 86 104 133 153 176 191 199 227 228 229 244 249 250 295 300 302 305 312 315 327 346 358 373 383 397 439 445 447 478 503 516 540 564 588 644 648 653 654 
 40 2 15 39 42 61 72 96 132 135 140 168 195 228 235 244 249 278 298 307 362 365 374 390 449 452 455 463 469 499 503 508 509 549 587 589 599 605 617 651 653 
 26 48 49 80 83 94 104 201 208 217 222 247 336 360 397 405 409 435 455 488 489 557 558 565 611 655 661 
 46 3 28 76 105 117 137 207 234 244 245 246 255 256 267 289 314 366 400 403 416 430 440 442 457 461 468 469 476 491 503 508 512 513 515 519 525 528 553 556 569 578 589 621 624 626 655 
 36 7 38 46 53 77 82 115 201 210 235 243 245 257 284 323 344 392 398 428 429 441 454 470 478 522 523 542 549 560 587 606 611 645 652 655 658 
 37 46 49 141 182 190 195 276 282 287 289 356 373 382 385 392 409 430 432 462 470 509 517 524 540 548 551 554 558 563 565 570 618 624 640 642 652 664 
 36 8 34 75 76 80 105 110 120 141 178 213 221 282 300 304 311 323 330 338 395 411 475 495 542 550 565 571 596 599 602 609 622 626 638 649 659 
 32 10 11 23 45 60 134 150 160 183 221 256 320 360 393 399 406 409 454 460 468 470 473 505 509 511 536 557 558 565 586 602 666 
 39 1 7 32 58 75 92 116 121 144 146 159 181 192 199 220 222 249 253 281 290 303 343 347 384 389 424 462 491 507 549 564 599 602 610 611 622 627 628 660 
 50 1 21 36 42 48 75 76 81 129 144 165 186 201 223 225 235 254 289 302 310 329 332 333 334 336 340 360 370 377 397 408 464 473 478 485 492 502 523 524 551 561 571 579 590 593 604 612 624 635 644 
 50 26 71 96 98 111 119 128 157 173 191 195 201 219 232 247 261 265 276 283 312 327 355 373 374 377 382 390 397 398 402 452 460 462 468 481 499 509 537 543 551 554 558 562 581 589 612 647 658 662 664 
 32 9 20 29 36 66 67 109 121 181 183 205 234 236 258 261 263 265 266 268 277 299 345 351 365 376 414 415 421 436 447 578 592 
 43 5 9 63 70 95 106 112 119 122 136 188 217 224 225 237 242 248 261 301 303 310 368 375 383 412 415 424 434 442 456 467 470 528 550 566 574 575 593 607 626 634 639 651 
 41 8 67 96 124 130 133 152 156 165 181 182 188 203 213 226 228 231 243 292 320 336 349 364 388 393 397 420 452 454 489 528 535 552 565 579 586 588 614 616 625 639 
 42 3 15 34 36 46 70 80 180 186 213 229 248 249 253 292 321 343 349 388 392 400 401 443 452 453 463 496 498 509 513 517 522 535 543 547 554 556 588 589 599 634 645 
 52 10 61 69 87 97 117 123 139 143 181 206 236 242 247 248 252 279 284 303 312 320 333 344 348 359 379 391 398 399 400 417 429 448 449 453 457 482 486 494 527 549 553 587 601 605 622 626 627 632 641 652 655 
 40 23 26 52 80 81 91 97 103 156 160 162 171 188 195 220 232 258 259 260 267 296 331 350 398 414 417 453 463 469 475 489 491 496 498 518 538 564 594 610 640 
 47 40 41 48 53 70 82 89 97 105 122 123 124 127 133 147 156 162 168 172 193 200 209 214 218 234 248 254 267 310 343 345 358 365 369 420 439 444 475 496 501 515 517 529 572 628 631 636 
 46 10 11 22 71 92 94 101 116 144 146 163 172 181 182 193 211 239 240 286 290 298 300 332 352 357 360 383 392 396 402 422 431 442 454 484 517 534 539 579 608 613 616 625 638 645 654 
 47 10 18 22 51 57 78 83 88 106 111 124 137 156 181 213 215 225 234 245 266 275 313 320 347 354 376 390 391 401 421 428 430 438 452 486 500 503 518 524 528 534 535 556 613 643 660 661 
 39 4 8 9 56 70 107 121 131 150 167 179 189 200 208 216 237 271 285 292 302 312 320 327 329 401 410 420 438 445 473 500 547 555 564 585 590 594 621 663 
 42 14 22 23 29 34 57 70 91 116 139 142 151 156 217 229 252 272 286 298 306 322 339 375 405 414 416 424 428 478 480 482 497 525 526 545 568 624 626 630 635 641 650 
 22 29 36 46 81 155 183 187 237 270 295 350 354 406 468 470 513 514 533 536 568 654 659 
 29 14 39 49 59 65 67 110 143 145 158 173 176 194 216 220 256 357 422 445 453 461 464 485 493 496 500 519 556 605 
 37 25 30 47 55 62 69 142 195 211 214 219 228 265 275 335 357 358 368 421 425 436 438 441 451 475 477 488 491 501 502 533 537 544 558 581 606 647 
 47 9 13 15 67 68 69 99 110 114 125 133 177 190 194 204 214 234 235 256 289 295 297 300 306 328 351 364 370 381 387 389 416 420 421 423 434 441 471 496 505 516 551 559 562 608 621 665 
 31 54 55 95 106 127 150 178 184 238 239 250 290 295 306 319 349 415 422 456 468 478 500 505 515 530 534 603 620 627 632 633 
 45 52 63 68 91 98 104 113 122 133 144 150 155 159 207 211 215 238 249 251 260 261 282 305 318 325 332 345 380 390 405 421 458 472 489 503 504 521 554 592 597 608 648 657 663 664 
 39 3 31 59 72 86 94 109 115 145 164 165 189 213 224 228 241 250 254 265 277 307 320 321 329 331 346 354 355 405 429 483 502 540 546 547 548 565 604 646 
 45 6 12 23 29 31 32 37 54 55 68 70 82 111 119 120 128 133 146 165 230 238 280 308 322 329 342 375 378 392 450 484 485 494 516 546 564 565 583 593 595 626 632 645 649 652 
 41 26 43 52 71 79 84 99 109 130 134 175 227 245 255 276 333 336 352 354 369 394 405 427 460 477 502 517 518 523 541 544 570 597 598 611 614 617 641 644 660 662 
 43 23 27 58 76 83 86 99 110 115 119 237 248 265 281 286 302 314 321 324 326 328 347 358 387 389 391 415 444 466 471 479 494 495 519 523 528 542 559 567 572 605 624 666 
 36 14 22 35 53 74 77 91 111 139 164 222 248 260 294 321 342 348 362 367 371 418 425 430 439 448 462 504 550 555 561 588 594 605 606 613 633 
 30 1 31 40 60 81 87 93 103 107 170 174 251 267 297 300 318 320 369 380 441 487 489 509 529 533 564 613 634 641 643 
 47 11 16 29 60 110 119 120 133 134 163 166 184 188 194 202 208 231 243 245 277 283 318 324 336 346 388 396 419 420 448 461 473 481 494 535 563 570 573 581 594 619 629 631 641 644 646 660 
 53 2 12 48 69 83 96 97 110 119 122 134 145 173 189 190 202 205 222 231 254 273 280 288 300 312 322 327 332 336 337 338 384 410 414 417 418 455 475 485 504 505 527 540 547 566 582 585 610 611 624 633 653 656 
 40 33 46 68 73 174 188 190 200 227 238 273 297 316 329 343 348 353 389 420 433 461 475 486 492 509 512 514 523 546 548 549 554 559 561 572 587 588 609 629 632 
 43 52 75 96 105 116 132 135 142 145 156 165 168 171 174 201 237 255 257 270 305 327 367 382 389 414 445 447 449 457 462 465 471 490 517 542 551 580 587 615 629 640 644 655 
 53 10 40 45 73 77 83 103 104 108 115 125 136 139 140 160 170 184 185 188 196 212 220 229 249 254 278 280 296 304 332 333 342 343 351 377 381 385 392 394 399 411 425 438 451 453 479 490 511 515 519 555 587 639 
 34 24 38 60 73 81 99 140 200 229 233 247 272 320 352 354 414 430 444 447 456 461 466 523 527 531 540 543 555 569 578 580 587 607 651 
 41 2 57 70 108 123 145 150 155 198 220 262 266 275 276 283 307 318 329 330 332 368 376 418 442 454 479 488 490 521 536 560 564 577 578 606 634 639 643 647 653 659 
 33 15 47 59 78 113 131 140 146 164 182 212 218 289 296 339 345 360 373 383 394 396 398 437 452 459 508 510 511 516 549 565 618 620 
 37 9 17 20 43 46 58 76 91 99 106 127 131 141 172 204 210 220 238 242 253 255 262 303 336 391 410 417 428 434 440 469 519 555 571 579 580 632 
 34 14 24 74 101 118 122 124 127 148 163 177 202 233 248 307 312 323 379 398 434 440 452 458 511 524 548 582 585 610 611 618 624 638 639 
