 200 667
 3 3 3 3 3 3 5 6 6 6 6 6 6 7 9 9 9 9 9 9 9 11 12 12 12 12 12 12 15 15 15 15 15 15 15 17 18 18 18 18 20 21 21 21 21 21 21 24 24 24 24 24 24 27 27 27 27 27 27 30 30 30 30 30 30 30 33 33 33 35 36 36 36 36 36 36 36 36 36 36 38 39 39 39 39 39 39 42 42 42 42 42 42 42 44 45 45 45 45 45 45 45 45 46 48 48 48 48 48 50 51 51 51 51 53 54 54 54 54 54 54 54 57 57 57 57 57 59 60 60 60 60 60 60 60 60 61 63 63 63 63 64 66 66 66 66 66 69 69 69 69 69 69 69 69 71 72 72 72 72 72 72 73 75 75 75 75 75 75 76 78 78 78 78 78 78 81 81 81 81 81 81 81 81 81 84 84 84 84 84 85 87 87 87 87 88 90 90 90 90 90 90 90 93 93 93 93 93 93 93 95 96 96 96 96 96 96 98 99 99 99 99 99 99 102 102 102 102 102 104 105 105 105 105 106 108 108 108 108 108 108 111 111 111 111 111 114 114 114 114 114 114 114 114 117 117 117 117 119 120 120 120 120 120 120 123 123 123 123 123 123 126 126 126 126 126 126 126 127 129 129 129 129 129 129 129 132 132 132 132 132 132 133 135 135 135 135 135 136 138 138 138 138 139 141 141 141 141 141 141 141 144 144 144 144 144 147 147 147 147 147 147 147 147 147 149 150 150 150 150 150 150 153 153 153 153 153 153 156 156 156 156 156 158 159 159 159 159 159 159 160 162 162 162 162 162 162 162 165 165 165 165 165 165 165 165 165 167 168 168 168 168 171 171 171 171 171 171 174 174 174 174 174 174 177 177 177 177 177 177 177 177 177 179 180 180 180 180 180 181 183 183 183 183 183 183 184 186 186 186 188 189 189 189 189 189 189 192 192 192 192 192 192 192 192 194 195 195 195 195 195 195 197 198 198 198 198 198 198 199 201 201 201 201 201 201 203 204 204 204 204 204 205 207 207 207 207 210 210 210 210 210 210 212 213 213 213 213 213 213 213 213 215 216 216 216 216 216 216 216 218 219 219 219 219 219 219 219 219 222 222 222 222 222 223 225 225 225 225 227 228 228 228 228 228 228 228 228 231 231 231 231 231 231 233 234 234 234 234 235 237 237 237 237 237 237 237 239 240 240 240 240 240 240 240 243 243 243 243 243 243 246 246 246 246 249 249 249 249 249 252 252 252 252 252 252 253 255 255 255 255 255 258 258 258 258 258 258 260 261 261 261 261 261 263 264 264 264 264 264 266 267 267 267 267 267 267 269 270 270 270 270 270 270 271 273 273 273 273 273 273 274 276 276 276 276 279 279 279 279 279 279 279 281 282 282 282 282 282 285 285 285 285 286 288 288 288 288 288 288 288 290 291 291 291 291 291 291 291 294 294 294 294 294 294 294 295 297 297 297 297 297 297 297 297 298 300 300 300 300 300 300 300 300 300 300 200 
 43 11 23 30 36 117 119 130 157 159 173 197 202 214 222 227 229 251 303 324 341 354 359 370 379 385 388 401 414 417 419 431 438 455 480 511 517 533 538 545 572 604 630 652 
 40 5 45 52 67 110 133 178 223 226 246 251 266 276 297 306 316 331 339 351 362 364 367 388 394 407 422 459 461 474 482 494 496 500 502 571 605 621 646 661 664 
 37 15 49 57 62 71 141 164 181 255 279 287 292 305 314 328 334 351 362 374 382 383 401 404 436 441 442 458 471 473 529 536 585 597 598 608 627 651 
 35 1 14 18 29 30 43 51 82 109 137 143 151 169 218 222 242 247 254 261 270 303 308 329 343 371 386 413 433 457 458 509 520 529 579 634 
 40 24 25 27 56 60 67 71 73 80 81 108 131 136 138 174 188 199 220 237 240 250 270 301 302 308 335 345 356 361 384 388 389 408 411 440 502 571 578 625 655 
 30 8 10 34 82 110 113 124 155 156 266 269 281 283 318 361 364 374 405 465 513 516 519 521 522 530 537 556 594 609 635 
 42 15 16 26 45 63 66 84 93 100 107 111 120 124 133 138 171 191 192 198 206 209 259 263 280 283 335 344 377 383 388 403 440 467 473 490 524 546 556 558 586 599 600 
 39 1 5 98 108 116 150 164 177 184 200 204 219 227 228 235 277 314 324 352 357 414 435 464 467 468 470 475 480 485 490 526 529 552 555 575 592 609 617 625 
 30 30 37 52 83 100 105 107 223 243 280 281 304 306 326 339 341 342 400 408 421 424 489 500 509 511 518 574 633 648 651 
 39 7 29 36 54 55 61 64 73 143 147 153 158 224 255 258 274 287 301 318 333 345 347 396 424 426 438 462 464 481 494 501 521 560 575 578 613 647 657 665 
 38 20 22 29 48 56 67 97 107 125 154 156 164 167 191 207 209 232 243 281 304 310 336 360 374 390 435 436 441 445 450 453 467 469 536 553 572 632 666 
 37 22 30 52 72 73 78 97 100 111 117 130 206 218 225 230 262 341 359 432 440 475 479 502 507 510 517 521 522 543 558 570 584 595 598 622 640 660 
 38 5 16 22 27 38 45 50 62 123 128 140 144 163 219 237 252 270 284 289 308 352 354 373 379 385 395 399 412 414 465 475 481 503 570 577 610 616 638 
 41 1 17 18 44 62 75 76 95 99 101 110 130 151 154 186 193 217 238 252 254 273 297 344 347 358 370 374 400 442 450 472 501 505 568 575 583 609 626 640 653 661 
 45 5 29 42 50 64 68 82 96 148 167 171 192 204 213 225 247 263 267 314 337 374 390 398 433 447 458 465 497 515 541 542 543 546 552 554 556 577 582 604 608 626 636 637 649 657 
 31 12 42 72 77 89 96 99 143 145 157 179 189 205 228 230 258 267 313 336 337 355 366 386 394 403 410 462 475 517 571 620 
 45 2 6 61 62 81 106 110 119 148 158 187 193 197 201 205 219 228 233 237 247 257 279 299 354 374 377 394 403 434 454 458 463 516 521 524 525 529 530 546 551 560 578 612 629 640 
 45 7 18 23 37 39 69 71 82 88 116 130 158 174 186 189 192 197 220 227 245 275 287 302 331 333 338 347 359 395 407 437 458 473 485 496 504 516 549 552 566 582 585 608 616 634 
 46 8 9 41 57 67 74 86 109 143 148 170 171 178 187 192 218 219 223 236 241 273 276 307 328 351 396 424 426 430 446 465 466 473 492 546 549 551 557 583 586 619 620 626 628 638 640 
 42 16 23 24 94 95 128 161 177 231 265 266 275 276 280 290 348 352 373 375 408 411 438 449 455 462 481 485 493 495 504 538 560 576 580 582 583 608 610 615 624 647 663 
 42 10 25 27 49 68 92 120 128 141 156 165 171 175 177 184 220 243 258 277 280 338 350 373 390 410 450 453 464 467 474 511 571 572 576 578 588 611 612 648 655 661 664 
 37 11 37 54 62 68 81 82 105 115 145 164 174 200 227 237 251 259 260 272 282 289 318 342 362 366 375 394 435 459 484 552 597 607 625 634 644 661 
 34 9 18 22 33 34 46 70 71 128 178 181 190 199 212 236 242 300 327 333 374 382 404 410 443 472 481 488 501 510 533 536 548 599 626 
 42 4 16 29 34 38 50 57 83 88 123 137 146 156 157 167 229 232 234 250 261 271 289 293 296 333 359 377 381 397 402 443 536 540 570 576 580 591 620 622 629 657 665 
 40 23 27 42 56 58 66 101 105 128 131 167 181 188 191 214 239 242 244 261 289 305 327 341 386 394 402 410 427 449 452 454 473 515 521 543 546 554 577 596 597 
 38 6 9 12 30 42 45 88 117 136 149 213 232 242 257 274 301 322 323 327 336 373 375 401 408 413 443 451 474 482 516 521 522 565 601 628 640 642 660 
 44 35 63 86 105 116 138 155 180 222 236 256 264 265 274 283 300 312 313 326 342 346 351 380 382 395 400 437 454 464 474 483 514 519 535 538 542 550 589 607 628 635 644 648 662 
 39 25 56 76 84 145 148 152 198 200 205 208 211 225 303 307 340 344 349 395 402 411 421 430 454 463 476 491 498 510 513 522 527 570 575 588 590 591 607 617 
 36 24 60 95 101 110 166 178 218 226 245 293 296 297 301 322 325 344 363 410 448 458 468 478 484 501 505 511 531 552 555 572 577 596 606 625 636 
 43 3 7 10 29 43 68 74 92 95 98 99 106 117 123 151 158 181 192 227 246 272 281 283 286 289 294 334 370 420 427 428 439 466 477 481 501 538 554 578 582 625 636 638 
 41 1 24 65 70 71 85 134 138 139 141 148 152 159 177 191 208 233 236 248 264 300 306 310 335 365 375 385 391 407 433 483 497 528 536 542 577 579 596 627 652 663 
 47 6 14 20 27 29 48 51 73 74 85 106 115 116 125 134 145 158 170 239 249 262 269 313 318 334 369 380 390 396 425 432 459 474 476 501 502 503 513 530 535 573 597 610 613 643 648 656 
 39 26 65 74 113 119 127 139 141 142 155 156 160 171 182 187 213 225 250 268 290 291 297 306 312 319 326 354 355 400 412 421 423 465 533 561 586 592 627 657 
 33 11 35 60 76 90 127 143 148 166 170 172 177 239 258 270 294 318 323 385 386 396 443 464 468 483 487 507 522 526 564 570 609 648 
 37 6 7 28 40 116 153 190 199 231 241 244 252 255 267 272 277 295 312 317 327 411 421 441 444 457 473 494 495 509 548 584 602 616 617 625 637 658 
 33 22 26 105 158 178 213 237 239 253 257 262 285 287 294 298 306 351 382 389 396 397 464 499 523 537 546 561 568 577 590 612 658 660 
 42 6 78 108 120 131 167 173 177 180 183 208 217 223 225 226 230 242 245 253 288 311 312 339 343 369 434 442 461 468 483 486 488 496 501 524 529 569 581 615 620 636 641 
 43 5 24 39 45 63 73 84 85 89 96 124 149 151 153 157 172 200 207 211 219 255 263 280 293 311 320 335 346 347 362 437 464 482 552 566 571 582 600 620 626 634 640 642 
 45 2 22 32 40 43 44 51 69 84 88 105 110 134 136 149 169 193 208 221 266 296 312 313 316 317 336 353 354 368 369 371 372 386 415 466 491 533 546 549 564 601 614 620 642 658 
 38 4 16 17 21 24 36 55 71 108 120 138 168 170 186 212 221 255 266 269 305 337 353 371 378 396 401 419 426 427 438 476 478 499 539 607 617 633 637 
 30 13 15 25 55 106 135 180 199 295 317 319 321 327 359 379 414 427 441 447 474 479 500 547 561 599 602 616 623 635 650 
 50 9 11 68 73 74 90 121 125 132 171 186 187 212 255 259 261 266 267 274 287 299 313 314 337 343 352 413 414 426 450 455 458 466 492 508 517 530 540 546 548 558 560 563 571 584 586 598 610 629 649 
 43 8 11 22 41 46 50 57 67 70 139 148 150 157 160 183 192 217 273 296 297 299 302 314 321 342 346 348 379 420 424 449 454 463 491 492 516 532 581 591 598 603 610 626 
 37 26 48 54 57 64 107 110 113 115 118 130 131 190 223 232 267 271 320 367 388 416 419 420 466 467 496 518 525 534 567 573 577 603 608 642 645 647 
 34 58 59 64 103 182 186 218 266 290 313 318 353 365 369 395 413 432 454 460 467 502 515 531 532 540 546 557 581 585 589 634 648 649 657 
 33 10 30 67 75 89 93 126 132 148 149 159 169 177 187 209 238 250 268 318 405 414 448 455 474 504 518 520 576 605 631 657 658 659 
 44 44 70 75 83 84 91 122 123 144 185 242 245 247 266 268 294 307 309 386 390 403 422 432 442 447 451 475 478 485 512 513 523 529 536 542 576 582 584 589 598 604 607 645 666 
 29 43 56 100 128 131 192 200 206 236 238 246 280 291 312 318 397 424 429 433 460 486 543 599 625 629 633 648 650 658 
 45 1 9 37 49 61 73 88 90 95 112 116 118 171 172 179 181 194 251 252 260 262 297 339 341 342 360 393 400 403 409 415 419 438 439 442 453 474 483 495 514 542 585 609 614 632 
 54 18 22 23 32 43 46 47 48 75 80 105 112 128 138 147 153 159 166 178 189 197 218 227 231 236 250 260 266 269 299 329 364 366 372 388 404 418 433 441 448 456 459 470 492 498 515 587 601 615 628 636 647 652 664 
 36 4 8 15 65 98 104 156 203 209 220 221 236 237 255 261 263 280 285 292 318 334 359 375 381 426 435 473 542 548 554 569 597 610 630 642 656 
 34 1 2 9 15 28 92 151 162 177 195 211 230 233 235 236 249 267 290 292 300 304 312 339 348 361 374 402 558 563 579 588 615 624 643 
 39 23 37 47 49 51 63 88 111 153 168 170 186 218 248 257 266 313 338 364 373 382 383 385 417 418 421 429 460 473 493 521 522 529 539 556 587 588 609 658 
 36 2 9 23 39 63 67 75 83 100 122 135 143 211 218 229 260 268 296 313 317 328 333 375 384 420 437 445 448 468 481 502 532 571 575 615 667 
 37 42 54 68 71 129 187 192 219 248 259 273 277 293 305 335 351 354 368 411 424 431 435 466 477 490 520 521 526 529 553 560 595 600 610 615 625 663 
 37 12 23 36 72 96 104 132 144 160 173 175 204 212 267 273 281 282 288 345 359 385 392 396 402 454 501 507 544 547 551 555 564 605 640 647 658 662 
 35 6 12 15 24 25 31 40 54 71 86 102 151 201 207 272 274 349 361 379 385 386 388 410 427 429 468 528 537 538 567 583 603 623 641 653 
 39 4 10 33 36 48 87 107 108 112 119 129 132 156 159 175 242 251 265 279 290 329 341 351 353 355 356 367 369 396 458 481 484 509 511 531 542 599 626 659 
 31 3 4 8 35 72 107 108 110 143 185 202 229 261 280 284 291 292 303 313 330 383 385 386 387 391 503 523 528 581 594 640 
 42 4 12 18 27 30 99 117 123 139 177 184 249 255 295 305 320 321 325 352 353 360 411 414 419 434 439 453 460 476 484 492 509 542 547 557 564 593 604 640 641 649 665 
 39 8 9 22 33 74 79 149 160 161 162 177 181 213 214 257 259 264 280 295 300 303 304 322 345 360 367 376 398 454 459 493 501 512 547 561 572 608 610 634 
 36 7 30 33 42 49 60 89 90 115 133 146 219 231 251 309 326 330 333 334 360 361 371 375 401 430 458 521 523 548 549 555 563 612 622 632 635 
 45 15 73 75 76 89 112 130 158 163 165 181 191 201 238 256 276 282 296 305 317 323 339 347 365 376 387 394 410 412 415 419 423 449 466 479 484 548 569 588 590 614 621 626 645 649 
 32 3 37 57 60 62 94 109 116 129 184 197 198 211 236 245 273 294 335 345 369 403 420 442 507 533 537 542 563 589 600 628 642 
 37 22 23 55 91 128 130 165 180 204 206 225 231 273 295 298 317 334 335 337 352 359 376 428 445 465 477 484 491 512 522 551 566 634 641 648 661 662 
 36 8 29 41 54 79 123 157 162 209 213 215 218 235 238 247 260 284 286 287 288 336 339 346 353 355 373 383 443 458 500 503 521 531 605 629 662 
 40 1 22 24 67 87 99 109 115 148 158 164 186 199 220 283 285 304 305 308 325 327 328 339 342 366 374 413 442 479 482 491 499 522 538 544 552 559 599 608 649 
 38 17 31 45 48 57 66 69 70 71 97 111 114 143 178 179 193 200 207 213 249 260 320 344 380 395 413 420 426 483 492 523 524 556 557 573 620 657 659 
 36 7 11 36 37 49 60 61 68 140 150 179 197 218 240 244 248 266 281 286 302 335 361 407 427 441 445 464 482 496 543 593 595 601 627 628 641 
 40 15 29 30 37 38 40 46 111 143 145 160 187 204 210 212 221 233 239 248 250 255 299 309 319 368 376 381 401 428 432 447 490 491 523 528 560 567 629 654 658 
 34 4 18 50 55 79 81 98 115 173 180 185 186 243 255 295 297 315 348 349 368 369 373 410 441 495 515 525 529 546 571 608 618 625 655 
 46 15 55 56 62 92 99 111 164 194 197 199 205 234 240 248 255 261 311 316 335 350 365 415 426 431 433 444 455 456 467 475 490 492 508 542 547 556 565 572 577 582 583 614 641 650 651 
 38 15 19 53 85 90 99 129 161 174 178 191 226 247 248 250 251 263 268 308 327 328 334 345 366 376 428 455 466 470 473 490 509 546 556 585 590 608 620 
 43 5 36 48 49 81 97 101 108 138 142 156 167 172 186 193 208 219 242 264 289 305 328 339 359 418 462 477 483 487 494 499 503 504 547 554 577 583 592 596 599 600 609 640 
 44 10 20 37 56 58 61 63 89 102 117 122 124 135 139 141 146 150 182 185 187 193 204 214 224 231 238 262 275 329 342 346 351 405 428 436 441 479 511 514 526 561 637 651 654 
 51 20 30 42 56 60 68 70 80 84 106 139 141 165 219 220 232 235 238 240 243 248 250 252 260 269 287 303 312 314 321 345 356 363 379 404 407 410 411 427 433 471 476 513 523 558 560 594 607 649 651 652 
 40 88 105 110 122 124 133 174 178 180 202 212 227 228 251 257 272 279 288 291 306 307 321 361 397 403 426 438 443 460 474 475 481 486 490 518 539 643 648 652 665 
 41 3 7 19 26 32 51 77 151 180 239 251 256 258 269 288 294 316 327 337 381 398 403 408 443 452 453 455 463 469 474 475 486 510 532 551 582 596 601 623 633 649 
 41 1 56 68 72 91 117 126 168 172 174 197 202 205 280 300 308 311 333 361 380 422 433 434 458 465 482 483 492 494 536 542 563 572 590 614 620 624 643 653 659 660 
 35 3 30 37 50 70 76 82 87 89 90 101 104 135 206 219 227 266 285 294 315 368 381 431 474 481 485 492 500 517 522 560 611 619 654 657 
 43 44 59 81 110 123 124 137 138 140 149 167 197 200 219 248 256 266 270 282 283 306 339 357 361 398 412 423 430 447 459 464 501 512 537 559 564 565 569 589 640 643 660 665 
 39 9 15 70 85 123 143 163 169 211 239 243 258 262 284 301 308 346 353 356 376 403 419 420 423 426 438 474 481 496 505 515 529 578 596 607 608 632 634 636 
 41 30 42 55 74 92 106 111 114 123 130 143 157 184 186 221 228 229 237 244 248 249 259 293 308 339 373 415 484 514 541 546 551 567 587 614 625 631 633 641 650 661 
 35 2 22 25 41 48 64 137 140 171 175 194 205 209 243 256 266 293 355 373 386 413 445 464 467 473 510 523 538 543 547 548 584 647 648 652 
 36 10 45 50 60 62 68 91 96 119 129 164 201 206 231 257 271 280 282 291 293 294 295 391 413 434 445 463 495 509 512 537 555 584 613 643 644 
 33 8 12 14 29 94 98 101 152 157 179 201 254 287 288 294 339 347 348 395 396 401 414 434 443 452 465 479 497 512 540 576 615 654 
 47 11 36 41 51 57 60 62 63 64 74 75 103 128 139 156 165 167 168 172 200 215 257 261 273 274 277 284 313 340 351 409 411 427 435 453 475 477 496 517 528 542 563 564 570 607 643 644 
 38 11 12 47 52 55 58 76 120 160 196 213 221 230 252 328 339 345 360 379 381 396 416 430 484 493 507 532 556 587 589 607 608 621 625 645 651 657 661 
 42 29 49 54 82 96 129 137 166 188 212 221 226 242 261 264 287 289 290 296 298 300 337 339 379 401 425 443 450 469 478 489 491 512 520 525 539 559 570 588 621 628 635 
 28 1 7 23 45 67 83 110 111 123 144 181 206 247 252 300 359 386 428 433 466 520 548 569 594 614 632 639 660 
 50 16 38 60 71 99 101 103 105 110 118 154 180 192 194 203 211 218 222 269 273 289 323 331 343 345 346 363 404 412 429 471 483 491 496 510 522 535 552 557 558 571 589 592 597 609 618 625 628 631 638 
 31 18 33 38 48 49 52 96 102 164 172 177 192 201 250 255 268 272 283 300 326 362 386 394 412 478 509 519 558 607 620 656 
 55 15 28 30 38 64 116 123 144 152 166 176 183 189 192 205 213 214 218 247 263 266 269 281 287 288 304 322 330 344 347 361 386 397 419 450 451 454 476 537 539 550 551 552 558 562 580 605 607 617 632 633 639 654 661 662 
 38 5 48 76 89 114 122 123 132 164 172 212 213 217 228 250 257 292 300 313 354 363 368 387 417 435 446 449 454 459 460 473 511 515 529 542 604 617 641 
 39 9 18 31 73 95 97 98 104 105 117 142 180 198 215 238 239 242 255 262 287 296 305 334 340 357 371 420 434 435 462 466 477 493 559 588 589 597 611 664 
 39 8 15 19 24 64 88 99 100 102 112 121 129 183 188 191 203 204 291 293 344 395 404 408 426 446 461 468 471 482 504 516 550 554 568 576 578 587 629 658 
 41 10 26 38 81 82 91 93 127 137 145 156 187 189 248 260 268 273 315 325 340 341 349 353 410 411 420 426 435 447 456 473 509 530 534 536 570 597 608 625 640 642 
 28 31 123 148 153 179 204 212 244 276 281 283 309 310 328 333 369 385 401 428 434 603 607 615 632 638 648 651 662 
 40 14 16 35 70 83 97 108 119 157 179 204 230 246 256 260 295 309 317 325 359 380 387 421 449 461 495 504 524 526 529 558 569 573 582 584 586 619 627 634 667 
 38 3 29 31 54 70 89 109 129 165 176 217 225 227 247 295 336 340 341 353 402 411 416 460 482 491 506 513 528 532 536 553 579 589 597 605 612 627 653 
 37 1 23 55 62 103 115 148 174 175 180 183 196 198 221 222 227 256 262 294 300 301 308 321 332 341 347 365 406 411 442 461 464 505 523 545 559 562 
 33 17 54 69 91 100 131 142 145 172 217 222 266 312 322 377 402 412 447 487 488 493 516 521 543 575 580 582 590 593 596 623 632 649 
 34 62 65 107 113 117 148 175 192 211 213 233 234 239 255 263 267 280 282 302 326 434 436 437 451 453 502 504 510 519 528 530 558 570 634 
 45 4 8 15 19 40 41 65 81 90 115 116 120 212 225 236 240 256 280 284 302 303 319 347 364 370 397 402 409 412 425 495 500 502 505 510 524 542 548 551 561 583 618 640 644 659 
 40 2 60 61 82 92 111 115 123 136 139 166 184 197 202 244 247 280 336 362 370 380 393 434 450 476 493 500 518 524 534 543 549 565 568 602 604 621 637 643 664 
 43 8 13 23 32 60 61 68 82 97 118 129 194 197 242 244 254 255 283 295 302 305 307 320 325 328 334 345 364 372 389 395 406 416 432 459 518 521 543 546 568 612 632 647 
 37 14 32 59 77 88 93 106 138 171 172 177 198 226 228 256 261 273 279 288 293 317 320 333 356 418 458 474 477 481 497 503 532 569 595 623 651 656 
 40 1 10 14 23 24 39 56 69 71 86 92 105 106 127 137 159 176 214 215 243 247 272 300 321 330 331 394 420 435 449 459 461 464 477 488 502 515 544 576 598 
 42 4 20 26 34 38 49 61 70 85 97 116 117 123 220 257 261 267 280 314 344 345 354 368 384 400 412 428 456 461 482 483 515 517 521 547 549 552 566 620 632 649 654 
 47 27 71 74 88 90 124 133 135 139 173 179 182 230 237 259 284 301 305 307 308 312 317 319 327 334 373 389 421 422 429 439 441 448 475 484 489 496 504 583 584 625 632 634 638 650 653 656 
 29 9 49 56 61 100 140 174 177 248 273 275 310 315 380 389 405 408 449 471 510 531 544 554 561 564 577 607 645 649 
 31 31 51 70 89 106 128 129 165 179 196 317 333 340 360 396 415 418 443 459 465 474 509 516 561 574 587 601 615 625 643 659 
 36 11 49 66 81 88 98 106 123 170 224 237 247 256 273 287 320 321 372 379 385 394 407 414 418 451 452 474 483 509 567 574 603 620 634 647 666 
 35 8 32 39 63 180 193 216 225 239 250 274 305 310 314 319 338 355 374 378 387 412 433 435 458 461 463 475 479 537 591 595 619 623 641 657 
 34 3 35 47 92 96 116 121 138 167 212 218 258 266 267 295 337 350 432 433 437 447 480 502 510 517 518 532 534 551 592 617 621 627 654 
 37 25 80 83 93 133 157 181 182 183 187 219 267 297 299 345 353 356 381 394 404 422 429 434 478 481 506 509 512 515 525 537 553 579 626 649 651 665 
 33 52 78 97 106 144 178 180 211 234 266 302 339 341 342 362 366 369 381 383 403 416 454 460 485 486 506 515 555 565 590 600 611 633 
 46 8 29 39 44 54 55 62 69 72 74 100 104 188 191 198 215 219 220 235 247 253 266 306 340 351 352 385 413 449 452 458 462 467 482 496 512 516 532 546 558 565 566 578 618 627 660 
 32 91 97 119 123 156 187 188 205 225 247 258 261 296 297 326 333 338 359 360 373 386 415 464 503 538 549 593 602 605 627 636 658 
 40 46 69 100 115 137 158 164 168 170 193 206 208 224 225 253 287 304 309 341 352 371 397 418 452 458 469 474 490 498 537 548 563 564 586 599 601 614 622 629 648 
 41 10 13 30 56 74 96 100 103 104 112 154 165 182 188 207 267 273 340 363 375 423 427 447 460 466 467 468 513 514 515 532 533 570 579 589 608 633 639 644 652 665 
 42 10 41 87 93 99 129 141 144 151 156 157 184 197 199 201 218 236 242 282 300 307 339 352 362 364 401 402 409 423 437 441 448 449 475 485 553 559 563 583 602 604 610 
 47 16 29 54 55 57 61 112 130 133 139 140 142 143 179 188 208 214 215 234 291 295 319 329 352 378 400 411 414 418 423 425 429 446 476 480 488 546 559 563 570 575 576 589 624 633 641 658 
 50 5 24 29 41 48 58 79 81 125 144 151 153 159 170 178 205 210 214 216 223 240 249 259 260 276 320 326 339 344 350 365 382 413 434 436 469 517 531 532 542 547 555 585 598 632 639 646 648 649 663 
 46 7 26 38 42 73 75 169 171 179 181 183 195 204 212 215 244 247 266 267 272 294 306 317 324 330 332 335 359 386 408 424 426 436 464 470 496 511 516 528 547 551 564 567 575 583 640 
 33 45 81 96 126 149 169 219 225 250 251 275 300 312 322 331 334 346 379 391 408 422 511 538 552 558 581 585 610 614 618 650 651 658 
 44 13 22 29 34 37 39 72 95 102 110 121 160 170 171 179 226 233 252 253 279 281 317 338 375 406 422 427 436 444 467 474 477 491 538 554 591 595 599 615 635 637 642 662 666 
 47 31 40 55 95 96 105 113 128 147 166 186 195 198 223 229 255 268 271 282 290 294 317 318 327 330 343 346 351 362 370 385 394 409 448 479 490 491 525 536 538 553 563 569 575 586 609 660 
 39 16 44 48 49 55 58 67 68 120 131 142 145 166 182 192 199 204 226 243 252 287 314 339 368 392 397 433 443 448 464 482 490 509 511 542 593 596 600 655 
 40 43 50 54 57 60 70 78 109 175 205 214 245 249 255 256 266 289 303 333 354 355 387 404 414 439 447 452 486 502 503 526 557 588 593 596 607 611 621 631 658 
 43 27 29 48 50 70 75 106 125 130 144 149 161 163 166 189 198 213 241 248 258 265 278 285 299 340 367 395 427 435 453 456 459 464 472 493 509 526 541 574 611 621 650 656 
 41 21 29 55 87 126 129 134 137 139 142 177 187 228 231 270 278 282 304 345 360 366 370 379 401 402 452 469 485 498 506 544 562 569 577 581 591 603 604 646 657 661 
 37 9 34 42 44 65 73 85 156 163 165 167 175 199 202 223 247 255 257 273 277 315 360 370 435 453 500 537 545 551 552 563 569 570 580 593 600 645 
 42 14 17 19 53 84 98 123 129 132 138 141 143 157 182 189 205 219 264 270 275 299 323 363 378 380 387 408 410 435 510 512 551 552 558 566 594 598 605 610 614 650 662 
 38 8 15 16 25 35 44 76 85 118 124 196 214 220 224 230 231 235 267 272 306 344 360 408 420 433 435 440 441 449 461 508 529 546 567 590 625 640 646 
 40 7 15 37 50 61 67 77 96 107 115 117 169 220 233 249 274 301 327 381 419 464 469 471 487 491 497 501 504 524 525 551 552 570 591 604 606 627 635 659 664 
 46 1 15 20 29 63 67 68 97 104 117 133 144 150 151 172 174 209 243 249 265 282 288 294 326 359 380 409 458 485 487 505 523 540 551 563 565 566 581 617 622 626 633 646 650 653 667 
 42 2 33 48 70 104 119 123 128 145 164 170 182 186 191 194 211 218 246 285 307 318 333 372 381 394 409 415 420 447 448 481 490 509 526 528 530 539 583 591 609 618 664 
 40 17 24 74 104 126 130 138 149 166 171 172 220 226 227 230 231 237 267 277 298 320 339 345 371 442 451 453 521 545 548 563 565 575 601 616 617 627 628 630 648 
 35 1 24 39 53 60 75 123 162 199 218 236 240 270 278 283 299 307 345 352 397 401 413 436 440 467 476 531 563 571 573 588 602 639 643 657 
 38 11 20 33 89 97 113 137 148 192 196 207 208 211 236 296 312 319 320 336 350 352 395 398 400 405 409 430 528 535 540 542 557 560 565 592 618 641 652 
 46 8 22 23 30 51 53 60 66 71 84 149 179 195 204 218 219 232 239 264 300 312 333 343 344 358 364 370 379 385 412 442 451 466 470 488 554 556 563 566 571 581 597 608 614 630 637 
 30 27 55 56 65 95 106 143 163 165 178 195 220 248 309 333 346 348 349 372 401 415 418 440 465 494 531 576 583 589 654 
 39 44 48 54 86 137 152 159 171 183 212 230 311 349 352 362 368 373 374 391 404 427 438 450 466 473 501 510 522 564 581 590 596 607 617 625 631 633 640 649 
 35 5 7 17 43 82 96 113 119 143 151 156 157 187 197 230 249 274 275 286 317 348 388 394 402 438 454 485 503 512 522 524 537 549 651 652 
 38 9 32 42 84 85 118 137 138 139 148 164 181 187 188 197 200 237 249 278 313 319 348 352 380 398 399 464 465 473 491 500 502 536 543 584 634 648 656 
 50 14 22 31 34 37 57 60 68 77 121 143 154 159 171 184 188 192 210 224 230 242 248 268 280 287 294 298 308 329 340 353 393 395 423 431 451 457 473 476 492 503 505 514 521 523 541 561 596 621 657 
 47 16 22 41 54 61 68 70 78 101 116 144 146 152 168 196 204 257 260 268 288 307 334 343 370 371 380 387 389 394 429 447 473 483 495 499 505 521 544 570 579 581 593 627 638 642 648 650 
 43 2 25 26 63 74 86 88 97 116 128 130 133 134 140 205 207 212 221 272 287 297 306 329 344 350 406 407 439 465 497 516 536 552 555 557 578 608 631 640 644 647 658 666 
 49 2 25 36 54 61 63 72 83 107 115 118 134 166 194 226 235 257 259 272 307 312 323 348 357 363 375 389 405 408 419 486 497 518 528 546 547 551 559 563 565 566 595 604 605 627 641 646 648 650 
 24 17 48 54 64 80 132 143 197 230 269 290 296 304 361 382 391 430 449 468 571 585 625 652 659 
 37 12 27 36 43 46 105 176 184 188 198 221 348 362 371 393 397 408 424 437 439 450 474 484 490 497 511 516 519 520 546 566 582 586 596 600 661 662 
 40 21 34 47 89 116 124 125 130 138 139 213 242 264 272 284 288 323 340 363 370 377 418 420 440 464 479 490 514 552 559 560 575 595 599 613 625 628 635 640 659 
 42 5 7 86 96 129 132 148 161 186 195 197 211 229 235 243 255 294 299 322 369 373 385 395 401 411 426 436 453 455 533 536 542 562 581 588 596 611 626 633 644 651 662 
 35 13 14 15 31 42 57 75 78 96 97 119 130 163 171 191 230 236 276 351 404 417 427 444 474 497 522 541 554 565 566 576 579 640 641 657 
 30 13 67 98 112 113 116 126 159 160 168 174 193 204 225 237 249 260 321 335 339 380 387 418 421 476 482 490 519 605 657 
 37 14 32 77 79 82 86 113 126 131 146 177 207 237 242 244 262 268 297 341 343 344 360 363 413 414 418 469 470 503 509 550 551 584 588 589 616 652 
 43 2 4 12 33 36 56 77 83 118 120 129 157 158 194 195 198 219 231 243 244 248 262 278 287 296 318 342 344 372 383 389 390 452 458 487 522 524 525 530 585 592 642 658 
 41 17 25 29 32 43 48 61 118 140 152 170 193 222 256 267 268 277 282 300 302 306 308 339 345 370 394 402 415 462 477 498 555 564 578 590 598 603 621 632 647 664 
 39 15 17 21 24 28 31 49 52 72 79 129 140 144 154 171 173 211 256 287 355 384 392 394 416 429 483 490 498 502 510 519 535 552 573 603 611 633 634 664 
 31 3 32 108 118 131 142 145 177 194 198 210 214 220 221 230 324 333 407 437 438 441 444 484 500 516 530 553 592 620 630 655 
 38 3 11 19 30 31 43 73 79 83 84 119 146 165 171 176 186 204 211 229 231 232 255 282 301 332 354 411 436 482 496 500 517 536 568 590 605 616 624 
 33 17 23 30 36 72 88 95 131 138 173 186 197 236 244 340 352 394 403 412 419 428 434 481 519 537 553 572 587 600 603 626 635 656 
 39 7 60 62 87 96 98 108 111 132 138 185 206 242 272 300 305 322 329 368 375 386 428 435 445 458 478 510 520 523 527 531 547 554 579 591 604 621 638 659 
 35 1 41 53 67 78 85 90 143 145 155 164 168 174 204 207 226 237 249 301 312 314 317 373 374 397 411 427 433 442 487 497 528 562 590 603 
 39 1 3 8 14 29 33 42 45 54 78 105 131 148 149 167 209 215 218 225 237 241 256 272 289 296 320 345 360 405 413 425 495 498 500 520 530 597 603 640 
 40 2 25 32 51 53 54 71 123 152 173 193 206 221 281 291 300 305 315 347 379 419 420 433 456 490 498 512 517 542 554 567 569 597 602 603 604 610 615 630 631 
 31 9 35 36 50 71 107 114 115 120 151 178 204 228 267 275 354 368 381 391 394 425 434 466 510 558 567 589 591 633 640 667 
 37 4 31 41 43 49 73 102 156 211 288 299 314 321 324 332 368 381 385 399 405 407 411 413 450 455 465 475 478 510 550 577 578 588 604 620 627 652 
 34 7 29 34 72 75 106 121 134 135 150 265 287 294 295 296 334 344 349 360 393 395 476 477 523 557 588 592 614 624 637 643 653 657 663 
 34 16 26 70 71 74 102 117 191 213 219 224 232 253 273 274 279 327 346 408 428 431 434 441 442 446 454 459 515 542 547 553 588 598 648 
 37 19 36 46 51 83 96 106 122 136 158 205 212 216 258 301 310 317 319 359 369 387 395 412 430 433 436 482 489 527 528 575 584 630 633 635 648 650 
 42 12 28 54 76 96 102 123 124 125 140 147 153 168 186 230 240 254 255 280 295 298 321 336 353 365 398 431 446 466 494 515 537 546 551 553 559 563 569 591 633 648 649 
 44 3 31 42 102 107 109 127 142 144 149 178 211 222 225 256 272 275 294 315 318 326 340 359 369 372 411 416 420 431 437 449 456 465 481 495 518 522 524 564 576 616 621 622 651 
 36 10 24 29 40 98 105 109 160 186 194 197 201 205 222 238 243 245 250 269 279 295 316 358 421 422 423 536 548 554 558 598 599 614 615 640 663 
 46 3 8 43 56 59 66 67 76 150 161 173 177 209 211 242 272 280 285 304 305 355 362 366 368 370 375 390 395 402 417 429 432 433 465 506 515 526 533 551 559 564 615 616 628 629 641 
 33 2 23 32 41 53 67 91 129 150 193 194 213 243 251 259 262 263 281 289 310 315 341 385 444 492 516 521 548 585 608 612 615 658 
 39 15 16 30 50 71 76 88 90 114 140 142 143 167 227 243 256 269 274 275 294 296 333 352 353 376 391 395 418 440 448 459 470 482 525 555 620 624 628 665 
 43 26 31 39 47 55 75 77 88 98 110 144 171 222 233 249 251 256 312 313 320 333 345 357 361 369 412 419 427 436 460 487 500 515 521 523 527 542 553 560 587 616 638 655 
 28 9 11 41 52 68 73 105 139 158 188 226 261 263 264 274 290 305 350 365 373 382 401 448 455 559 586 600 635 
 36 60 62 72 73 79 90 118 157 173 180 196 214 290 317 327 339 343 366 396 399 430 460 470 485 486 513 531 534 543 547 552 557 582 603 607 636 
 42 3 9 30 76 77 82 83 88 95 100 103 115 118 173 190 197 221 236 261 276 278 279 305 324 333 336 408 427 476 480 493 531 534 536 546 609 617 624 633 643 659 663 
 47 17 27 30 41 44 45 49 86 107 109 128 149 177 204 207 212 214 216 255 271 275 288 317 319 340 344 358 360 370 379 385 393 422 428 441 475 504 534 549 551 557 569 582 584 603 626 632 
 39 13 26 29 60 88 114 150 165 166 178 213 226 232 276 309 312 319 326 339 356 361 369 408 426 434 442 444 462 477 478 492 503 521 544 576 611 622 657 661 
 42 1 7 14 28 38 67 108 152 201 212 220 221 304 306 329 337 341 376 382 385 403 415 434 438 448 450 515 520 522 529 555 558 573 582 583 594 613 615 640 642 644 657 
 38 16 21 60 73 91 101 109 130 159 173 177 204 239 248 249 260 290 317 321 327 384 418 434 454 468 488 501 502 527 539 559 581 582 583 588 602 603 621 
 38 19 38 40 53 61 63 69 71 75 95 99 115 124 139 160 186 192 254 259 270 293 304 307 332 390 392 408 439 449 464 473 476 502 516 535 564 648 653 
 43 25 36 41 58 72 90 106 107 112 124 125 137 146 157 164 170 196 210 219 224 230 233 241 274 283 290 304 317 318 328 340 388 434 475 491 494 573 606 607 626 650 653 660 
 27 29 37 41 101 107 128 149 207 219 225 236 259 260 274 275 283 326 331 333 342 367 485 499 500 537 607 636 
 51 2 44 52 58 59 61 84 101 117 132 140 148 157 158 197 198 225 250 294 317 334 335 350 360 361 377 392 421 427 428 441 449 456 465 470 471 486 496 497 542 553 581 590 596 606 607 611 636 642 647 659 
 44 10 16 29 60 72 77 93 95 101 116 134 143 147 148 161 187 196 198 200 273 284 288 289 306 326 340 347 349 388 412 416 465 487 501 570 577 580 588 590 623 629 641 657 663 
 40 21 23 33 36 83 88 111 115 163 186 199 247 259 272 277 306 328 339 347 352 387 390 409 429 430 436 444 448 468 469 482 501 509 511 524 589 606 622 636 660 
 34 4 12 25 55 75 84 119 127 135 150 158 165 175 190 211 216 231 272 276 322 327 348 354 419 437 490 520 531 552 569 581 595 616 622 
 41 2 16 37 110 124 138 164 177 215 220 238 245 247 262 281 287 305 333 336 359 369 383 392 409 412 431 471 477 478 509 530 539 543 565 574 576 602 614 616 642 647 
 40 1 65 67 81 92 135 157 161 183 200 201 206 247 260 292 301 330 341 348 349 353 368 395 409 427 435 451 466 484 498 505 511 513 551 576 589 607 608 641 659 
 36 2 22 48 95 98 121 131 136 150 164 198 199 202 212 250 302 305 312 316 365 395 429 441 459 495 527 530 553 575 609 630 633 637 659 663 666 
 36 18 29 64 73 94 105 128 159 174 177 178 179 226 234 330 339 340 414 416 434 441 445 447 448 457 466 484 503 506 521 572 598 635 645 650 657 
 39 46 48 62 72 115 128 134 192 205 216 222 226 238 243 247 248 294 298 328 345 373 386 388 397 428 447 467 509 523 529 533 547 551 553 589 601 636 641 661 
 36 65 69 72 74 89 138 160 168 190 238 253 312 315 340 357 359 368 385 389 396 421 436 458 465 475 476 481 491 530 543 544 552 630 634 642 660 
 44 29 42 44 46 76 82 99 108 132 147 150 160 179 196 204 253 299 314 315 323 326 330 332 336 342 352 353 402 403 406 437 439 448 460 464 465 477 480 528 583 624 626 649 657 
