 200 667
 3 3 3 3 3 3 3 3 4 6 6 6 6 6 6 6 9 9 9 9 9 9 11 12 12 12 12 12 12 12 12 12 15 15 15 15 15 15 15 15 15 16 18 18 18 19 21 21 21 21 21 21 21 23 24 24 24 24 24 24 24 27 27 27 27 27 27 27 29 30 30 30 30 30 30 30 30 30 33 33 33 33 33 33 33 33 33 33 36 36 36 36 36 36 36 36 38 39 39 39 39 39 42 42 42 42 42 45 45 45 45 45 45 46 48 48 48 49 51 51 51 51 51 53 54 54 54 54 54 55 57 57 57 57 57 57 57 58 60 60 60 60 60 60 60 63 63 63 63 63 64 66 66 66 66 66 66 69 69 69 69 69 72 72 72 72 72 72 72 73 75 75 75 75 75 75 75 76 78 78 78 78 80 81 81 81 81 81 82 84 84 84 84 84 84 84 84 86 87 87 87 87 87 88 90 90 90 90 90 92 93 93 93 93 93 93 95 96 96 96 96 96 96 96 96 98 99 99 99 99 99 99 99 99 101 102 102 102 102 105 105 105 105 105 105 108 108 108 108 108 108 108 111 111 111 111 111 111 111 112 114 114 114 114 114 114 116 117 117 117 117 117 119 120 120 120 120 120 120 120 121 123 123 123 123 123 125 126 126 126 126 126 126 126 129 129 129 129 129 129 131 132 132 132 132 132 132 134 135 135 135 136 138 138 138 140 141 141 141 141 141 141 143 144 144 144 144 144 144 144 144 147 147 147 147 147 147 147 147 148 150 150 150 150 150 150 150 153 153 153 153 153 153 154 156 156 156 156 156 156 156 158 159 159 159 160 162 162 162 162 162 163 165 165 165 165 167 168 168 168 168 171 171 171 171 171 171 173 174 174 174 175 177 177 177 177 177 178 180 180 180 180 180 180 182 183 183 183 183 186 186 186 186 186 186 186 187 189 189 189 189 189 189 190 192 192 192 192 193 195 195 195 195 195 197 198 198 198 198 198 198 198 201 201 201 201 201 201 203 204 204 204 204 205 207 207 207 207 207 207 207 207 209 210 210 210 210 210 210 211 213 213 213 213 213 213 216 216 216 216 216 216 216 217 219 219 219 221 222 222 222 222 223 225 225 225 225 225 225 227 228 228 228 228 228 228 231 231 231 231 231 232 234 234 234 234 234 234 234 235 237 237 237 237 237 237 237 237 238 240 240 240 240 240 240 240 243 243 243 243 243 243 246 246 246 246 246 246 248 249 249 249 249 249 249 249 249 250 252 252 252 252 252 254 255 255 255 255 255 255 255 257 258 258 258 258 258 259 261 261 261 261 261 264 264 264 264 265 267 267 267 267 267 267 269 270 270 270 270 270 272 273 273 273 273 273 273 274 276 276 276 276 276 279 279 279 279 279 279 279 279 282 282 282 282 282 282 283 285 285 285 285 288 288 288 288 288 290 291 291 291 291 291 291 293 294 294 294 294 294 294 294 294 297 297 297 297 297 297 297 297 299 300 300 300 300 200 
 35 35 43 62 93 120 126 161 167 171 185 214 216 273 274 283 309 350 383 398 411 435 439 447 452 458 467 499 517 536 559 573 578 596 601 604 
 48 2 33 52 63 72 75 89 92 109 110 126 139 156 181 191 199 212 236 246 250 251 253 267 272 278 309 333 336 352 359 368 392 394 398 403 412 466 500 502 521 522 537 552 556 565 603 609 639 
 36 1 46 62 63 75 137 138 158 185 231 240 253 255 256 263 289 298 299 320 351 353 359 421 463 514 521 564 579 591 595 606 610 614 634 635 640 
 48 2 25 35 47 71 79 91 117 121 151 155 250 271 305 312 324 340 350 372 379 382 388 394 430 436 445 454 462 478 486 494 499 517 529 533 550 572 573 595 601 608 614 628 644 647 654 657 659 
 45 25 33 54 73 80 83 98 122 131 168 180 205 240 247 260 266 276 283 296 299 303 352 388 399 405 411 413 429 431 438 442 450 485 557 573 579 588 591 597 598 599 606 617 626 643 
 39 5 6 9 12 33 50 103 106 151 179 184 200 211 246 281 318 330 363 385 389 457 460 471 474 478 480 487 490 506 537 539 575 584 585 616 629 635 643 646 
 38 10 25 30 54 94 115 149 150 197 201 222 238 248 276 281 283 291 295 305 306 321 333 348 358 375 390 400 420 428 454 464 530 538 546 591 597 609 619 
 38 26 48 51 57 74 99 136 142 146 154 185 195 217 229 242 275 295 305 316 325 332 343 367 378 379 385 424 431 433 443 479 487 490 552 554 560 639 658 
 39 14 28 38 45 62 66 90 108 110 124 136 147 153 159 163 169 196 206 240 241 253 265 268 348 373 396 411 420 430 436 439 445 478 481 508 541 602 632 655 
 32 10 18 57 71 141 152 159 164 173 174 190 211 224 230 237 246 260 280 326 380 386 387 419 446 478 484 529 595 601 611 625 649 
 40 39 43 100 125 145 146 158 179 193 198 199 206 221 224 240 268 282 284 295 302 303 304 322 332 384 398 404 434 435 456 462 490 491 507 513 518 534 555 603 633 
 33 40 42 56 89 91 93 116 125 126 135 165 209 212 216 217 220 257 282 288 348 401 406 407 414 431 435 455 544 546 564 602 607 645 
 40 19 22 35 45 56 80 98 105 138 154 171 184 186 187 206 230 244 246 288 302 340 363 378 389 405 427 444 453 493 494 506 579 586 588 589 592 598 604 608 629 
 40 2 43 130 146 147 158 202 208 212 213 220 226 227 243 254 261 269 282 289 344 355 365 370 377 414 455 464 465 475 489 507 521 531 552 597 598 599 639 641 660 
 47 4 7 9 11 21 22 37 84 119 153 179 183 193 229 278 281 293 309 326 341 347 380 384 386 387 393 394 418 422 434 457 464 499 519 529 533 538 544 547 550 568 636 645 651 654 655 660 
 33 9 11 13 21 23 24 31 69 108 134 191 218 240 261 309 348 366 378 436 452 454 470 471 504 544 547 565 573 579 647 656 659 662 
 36 21 87 105 108 119 143 147 154 180 199 227 231 267 279 341 361 395 397 405 415 416 418 421 437 444 467 478 484 490 505 512 579 596 602 616 631 
 46 11 17 21 25 66 121 128 133 137 146 161 167 178 182 184 187 190 194 199 210 211 226 254 295 317 332 334 348 376 383 389 394 445 455 469 493 508 516 538 552 572 574 575 604 654 665 
 40 4 20 40 55 79 89 91 97 115 117 124 155 156 163 192 205 221 222 242 262 267 276 313 320 374 412 435 443 465 482 524 530 536 540 584 601 622 652 659 662 
 36 2 8 27 32 50 106 111 151 152 155 208 230 246 249 261 269 273 274 277 286 297 303 344 435 438 455 498 500 554 572 580 603 633 639 641 647 
 35 6 39 81 127 131 141 179 188 198 202 217 236 243 325 368 385 393 407 408 434 460 465 466 475 489 502 521 530 534 547 580 600 618 628 650 
 24 12 44 51 82 119 175 195 260 268 277 295 345 443 448 463 488 494 524 531 535 559 617 623 649 
 21 22 82 94 99 104 118 119 130 179 192 229 244 255 271 313 348 381 507 549 553 650 
 39 10 16 42 64 69 80 89 100 101 125 161 164 172 183 200 210 224 231 248 269 272 292 301 307 311 312 358 373 375 480 531 533 551 587 604 614 646 649 654 
 45 8 22 32 33 38 48 54 95 120 138 149 181 182 186 191 193 200 236 247 248 253 267 312 338 347 355 377 385 395 411 456 464 467 472 473 488 496 502 517 524 550 566 580 599 635 
 40 1 16 31 47 64 66 70 71 74 86 134 136 173 191 219 223 237 267 297 309 315 348 359 363 388 392 424 437 455 502 505 522 537 551 571 574 615 616 648 657 
 39 2 57 89 96 98 115 122 126 193 199 217 238 243 284 305 307 314 324 369 403 419 449 450 451 472 508 513 537 542 577 586 593 602 609 611 622 640 655 663 
 43 2 8 47 82 119 132 135 139 151 167 190 195 209 237 252 296 303 316 338 341 364 369 388 391 393 398 407 410 418 427 447 480 531 548 561 584 596 626 628 638 642 647 654 
 44 12 18 26 37 38 61 81 87 90 105 112 162 171 174 218 270 291 317 342 343 353 378 384 399 405 407 433 436 441 458 459 478 501 507 509 522 526 560 615 616 641 647 648 654 
 35 1 7 14 38 45 64 69 109 120 137 142 158 169 205 261 273 281 309 351 368 379 416 426 460 496 513 524 533 593 599 605 609 638 649 657 
 38 10 11 76 80 92 156 158 159 175 199 266 276 278 282 294 297 376 388 412 422 433 446 456 464 494 513 530 535 555 561 587 599 608 609 638 646 657 664 
 38 33 39 82 145 175 194 198 213 227 236 241 252 270 274 283 289 292 296 323 327 363 371 413 419 459 478 479 494 542 553 559 569 574 600 612 629 662 663 
 43 25 70 71 116 121 142 166 176 190 201 207 220 246 247 280 290 300 302 310 314 340 346 362 393 404 406 410 451 463 464 478 485 495 510 534 566 567 572 622 635 646 654 656 
 41 50 97 114 119 125 183 184 205 211 223 226 253 274 332 339 349 356 372 373 377 404 405 440 449 463 485 506 537 541 544 550 552 576 585 609 610 616 634 649 654 665 
 41 26 43 58 113 137 152 164 167 196 204 213 216 263 268 290 302 304 338 358 365 367 509 514 519 524 539 544 560 567 571 588 603 608 613 614 615 623 633 634 650 664 
 40 2 5 10 48 77 82 90 109 131 139 142 156 182 184 210 221 233 259 285 318 333 335 336 350 367 393 411 426 445 473 476 477 479 533 559 579 580 590 624 664 
 44 2 23 29 36 48 71 83 84 89 108 130 138 147 156 172 187 189 204 227 254 257 264 273 303 337 340 374 378 384 395 410 418 437 535 573 584 592 597 598 601 613 614 656 663 
 40 26 42 49 63 72 73 88 108 186 208 217 218 253 254 259 278 282 283 298 328 347 380 388 436 452 488 489 492 509 511 522 538 541 551 554 580 605 630 649 655 
 28 12 21 49 54 56 62 81 124 198 199 206 217 237 276 301 336 341 415 473 482 484 500 513 535 592 606 607 614 
 33 10 18 24 27 49 65 69 71 109 141 159 172 174 193 218 247 273 308 335 349 355 376 390 427 506 513 516 538 580 582 590 622 649 
 27 11 36 102 106 107 108 111 131 210 226 242 253 266 321 372 423 432 490 498 500 501 504 527 596 623 648 657 
 33 1 47 63 79 103 126 139 148 151 171 212 231 339 340 341 345 348 360 368 431 464 465 470 509 537 539 540 545 578 594 615 631 642 
 49 24 35 38 39 47 54 68 78 83 104 135 178 181 189 202 207 231 254 256 265 269 274 277 291 304 306 321 323 324 332 336 353 391 413 430 453 478 480 495 508 573 587 589 592 604 605 617 620 650 
 42 8 12 40 64 76 99 174 185 196 197 200 201 217 221 228 233 242 249 251 278 317 332 367 394 421 425 438 443 468 517 518 526 530 539 548 563 567 568 610 625 632 638 
 37 18 24 27 42 43 58 68 82 89 103 109 170 179 216 250 255 259 261 272 274 297 302 368 390 399 401 416 418 452 486 498 502 578 589 598 613 645 
 29 70 89 104 136 173 177 180 202 248 279 298 303 315 332 343 345 357 362 367 375 409 413 419 430 529 531 627 645 666 
 53 4 5 27 48 73 132 146 153 163 171 179 183 199 218 220 227 258 273 279 295 308 309 329 354 357 365 388 398 410 411 427 438 453 455 473 481 507 523 534 535 537 540 543 547 558 559 586 587 593 605 614 659 662 
 37 6 37 70 122 131 166 184 198 206 249 282 301 302 313 315 316 366 367 386 390 399 405 418 432 489 493 510 540 561 566 578 585 586 590 613 642 651 
 47 6 38 51 56 60 82 93 97 116 124 125 159 165 167 176 201 210 212 219 223 227 235 242 255 262 275 276 280 301 334 335 348 388 392 399 405 470 501 511 572 584 591 594 618 629 645 646 
 36 66 140 146 162 163 176 184 192 202 221 242 256 276 282 304 343 367 368 385 435 503 530 534 540 543 560 564 565 573 582 597 617 624 634 657 658 
 30 2 21 40 47 56 100 140 146 153 188 205 219 222 262 306 308 316 382 417 421 461 462 515 533 535 568 617 622 646 654 
 42 14 62 69 79 81 93 96 98 112 121 134 143 152 158 159 160 166 179 210 275 290 302 312 315 317 322 328 364 377 394 430 436 465 479 481 504 510 537 572 583 627 662 
 47 1 6 45 46 65 74 79 93 98 103 154 166 177 179 197 218 221 222 249 261 262 274 285 292 305 314 321 334 348 364 390 422 433 463 491 492 510 514 562 566 589 606 609 614 624 657 662 
 33 13 38 46 80 82 95 103 116 124 129 134 152 156 171 207 251 254 258 362 366 368 435 479 503 515 527 558 561 569 576 636 648 654 
 42 7 47 50 54 58 66 67 69 89 108 120 133 146 147 148 161 217 255 264 297 301 316 371 386 399 412 414 421 423 434 461 497 499 548 554 569 577 582 600 610 624 639 
 28 13 28 54 58 79 89 92 103 116 118 119 128 150 156 167 194 237 246 262 271 375 400 412 523 563 608 622 660 
 37 23 35 78 86 98 166 167 172 211 213 227 272 274 283 287 291 310 316 342 346 352 362 377 380 396 407 435 443 447 451 473 520 540 551 612 646 664 
 31 36 66 67 95 119 125 129 141 147 199 214 241 258 287 307 336 344 357 360 383 388 393 477 494 513 514 518 543 561 579 630 
 43 2 3 7 57 58 66 90 127 146 181 186 187 204 211 212 250 303 306 314 344 346 353 354 389 393 398 399 430 435 436 456 470 479 496 500 520 523 565 576 608 614 626 664 
 35 1 23 43 72 110 154 172 183 184 185 217 255 258 262 269 276 286 295 311 312 313 316 320 344 374 375 425 438 441 519 523 551 580 593 642 
 38 3 5 7 50 69 77 110 147 151 158 163 212 217 242 246 253 260 263 270 278 279 286 299 313 324 344 350 355 495 508 548 579 581 612 633 637 641 648 
 45 5 23 33 65 83 89 97 106 123 151 172 174 188 195 219 251 273 277 290 295 298 301 313 365 423 425 439 443 485 496 518 521 529 539 547 550 595 596 613 614 623 625 636 645 666 
 39 17 25 32 41 47 56 60 127 139 178 193 194 203 225 254 279 282 295 299 302 312 313 314 348 368 409 411 413 422 484 485 490 563 574 592 602 624 644 650 
 39 13 52 64 70 72 80 86 103 107 179 207 216 273 282 284 297 310 325 349 367 391 413 435 463 487 497 511 516 517 540 548 570 590 604 606 637 638 651 654 
 37 3 17 20 47 63 79 80 133 152 163 164 179 220 222 241 254 256 261 267 270 296 350 351 395 418 421 465 471 484 492 542 544 565 591 599 616 646 
 34 10 20 37 40 46 61 94 140 146 210 228 303 312 318 357 362 366 390 396 400 405 443 456 471 495 501 512 518 522 537 547 555 603 614 
 44 7 37 45 54 57 73 74 81 90 93 141 153 155 156 183 205 261 301 309 317 333 334 339 341 378 418 438 455 464 505 511 530 540 549 553 564 583 611 620 621 630 644 651 661 
 34 4 33 39 106 115 124 131 141 177 189 220 250 263 273 284 351 412 422 444 450 451 454 477 495 538 568 588 610 626 627 636 649 655 663 
 33 11 34 92 105 123 131 132 152 169 185 186 190 193 227 235 254 282 305 367 373 398 415 449 470 475 507 543 549 556 558 634 636 655 
 45 17 70 79 91 99 118 124 131 136 173 177 196 199 206 226 239 250 264 305 318 340 349 355 369 396 410 420 448 474 483 517 531 532 551 560 582 583 594 630 647 648 657 658 661 664 
 41 3 18 20 43 88 104 121 127 138 177 207 242 248 262 279 291 332 342 353 358 367 373 379 386 400 418 454 458 496 509 514 529 568 616 627 628 641 654 656 657 659 
 39 8 29 33 34 71 80 89 110 117 121 141 159 164 198 210 220 228 229 246 262 263 268 277 281 283 309 319 321 325 369 415 420 426 436 437 479 627 639 664 
 37 80 85 93 118 122 128 145 160 180 184 192 195 225 240 245 257 282 285 297 384 389 406 410 412 420 426 449 451 462 493 509 540 542 590 639 661 666 
 41 4 5 6 29 56 60 90 123 125 138 160 165 173 182 192 201 213 237 257 275 308 345 355 356 390 411 425 429 445 460 468 477 497 502 508 532 549 580 584 612 666 
 26 18 21 30 84 102 105 129 158 195 196 219 249 295 302 337 357 384 399 425 436 464 513 541 572 610 660 
 36 23 38 39 55 62 64 104 114 122 158 190 245 252 261 301 320 329 333 358 373 377 392 447 448 451 455 468 488 503 574 596 624 639 641 647 660 
 30 18 37 78 80 84 168 189 202 207 209 227 229 263 265 267 283 285 341 348 369 467 478 482 488 491 496 498 519 531 581 
 34 28 36 55 62 99 110 112 187 196 199 211 240 246 281 304 308 324 365 377 405 412 439 483 485 517 518 543 559 579 589 609 612 624 656 
 33 35 37 93 94 104 115 121 136 171 177 190 215 314 317 323 334 393 406 410 411 450 486 487 488 514 551 553 562 584 597 639 646 654 
 30 1 47 51 62 87 89 114 136 140 148 215 309 315 322 326 344 345 364 369 423 449 505 549 564 567 598 617 620 622 640 
 37 12 17 37 43 44 126 148 178 182 187 196 216 225 235 242 306 308 319 325 328 342 389 392 406 419 420 427 500 505 507 523 543 573 594 602 615 629 
 39 27 48 63 69 72 76 94 147 174 175 178 184 228 233 240 241 297 298 310 323 326 327 348 351 421 427 458 463 465 477 485 508 584 587 630 645 649 650 651 
 36 6 39 72 98 108 131 132 146 176 180 188 199 206 210 246 253 276 294 300 301 356 378 401 414 431 437 488 538 560 573 593 599 645 648 656 658 
 33 18 30 55 61 93 103 107 111 140 165 170 183 210 212 236 248 255 260 265 325 354 359 408 417 437 508 510 514 585 599 634 653 661 
 40 35 49 65 84 89 91 110 118 173 176 181 210 214 227 249 251 269 276 293 306 310 322 328 355 362 370 382 452 473 474 480 513 527 572 574 577 589 641 658 666 
 46 1 11 25 28 48 58 81 98 101 119 127 140 143 181 189 234 241 256 300 325 352 360 368 387 396 401 439 465 491 493 497 512 514 567 584 590 591 603 611 612 640 643 652 654 655 665 
 45 1 5 6 22 26 50 51 55 56 75 101 108 113 138 142 173 205 216 243 247 253 263 269 284 285 297 320 363 393 396 399 437 480 495 522 534 544 549 553 595 622 645 649 654 659 
 30 5 20 23 28 52 90 99 107 148 193 210 230 321 332 337 350 366 367 392 424 437 461 493 504 536 543 549 586 587 609 
 38 9 44 55 72 76 97 104 127 148 187 198 218 219 241 284 430 451 495 509 515 519 526 530 536 539 549 562 569 573 596 599 602 614 625 630 645 650 659 
 24 65 98 151 226 235 236 266 292 296 342 363 392 409 450 469 511 520 532 562 569 592 630 654 660 
 37 2 83 91 105 111 133 159 181 190 191 215 231 249 256 264 277 284 296 297 346 348 355 416 437 441 443 445 452 481 488 494 522 548 550 570 615 631 
 34 15 26 27 34 79 100 107 108 120 129 141 153 154 167 183 198 237 275 289 296 297 317 334 351 399 431 457 480 514 521 525 538 633 654 
 47 34 39 48 54 86 108 121 125 133 158 169 186 198 204 210 221 230 246 279 295 301 320 323 331 336 341 342 374 424 426 429 448 485 487 488 507 513 516 531 537 545 586 598 614 636 639 665 
 29 11 92 103 108 129 137 152 199 232 260 288 313 328 335 342 379 391 408 417 424 442 449 455 472 485 506 537 560 623 
 33 4 36 50 59 70 82 96 110 115 118 165 173 185 221 235 256 282 312 332 354 366 452 471 495 507 520 530 557 562 589 618 629 654 
 38 33 65 104 118 128 160 164 184 190 227 235 268 273 317 335 348 349 350 357 362 395 411 419 420 464 483 507 508 520 541 556 559 579 584 608 634 648 657 
 40 1 16 49 54 61 65 72 85 89 158 176 178 183 184 198 202 240 288 297 303 305 358 384 387 402 411 416 418 454 480 496 567 609 622 628 629 633 647 657 660 
 42 19 55 62 92 106 124 130 131 142 149 155 226 274 288 300 302 305 309 317 333 357 361 374 379 389 425 431 455 469 489 490 495 499 502 532 541 549 559 563 581 598 629 
 48 21 37 38 46 63 94 101 110 112 116 133 134 149 154 165 183 188 191 192 211 226 244 253 256 286 296 341 350 364 391 394 397 401 406 422 430 447 470 478 517 526 528 531 540 553 598 622 648 
 41 17 19 27 35 62 64 69 70 77 82 90 132 171 174 188 193 199 289 316 333 334 337 343 362 400 414 431 446 490 501 523 554 557 579 590 604 616 617 631 635 661 
 29 10 125 162 225 240 253 262 273 275 277 290 315 318 324 325 329 386 406 425 474 491 494 515 539 559 561 564 619 640 
 28 5 17 45 76 92 104 124 153 179 185 231 236 283 288 344 365 367 400 413 438 455 457 490 530 542 560 566 623 
 41 69 85 93 94 95 103 176 180 239 281 290 296 300 313 348 352 362 383 396 403 410 415 438 443 445 452 463 482 484 488 496 507 530 533 547 581 614 624 631 646 656 
 38 19 33 51 55 57 59 67 81 97 98 109 147 153 154 157 190 198 217 219 249 303 342 355 370 381 382 417 420 446 450 460 474 504 521 536 566 594 610 
 43 19 24 57 63 79 114 153 171 203 205 210 212 217 228 268 271 279 298 318 351 364 381 419 451 458 469 474 479 492 497 541 552 561 564 573 600 611 615 631 650 655 656 663 
 47 11 32 95 100 103 108 114 116 121 122 128 154 180 207 223 224 242 252 261 290 295 312 316 327 328 329 338 355 356 427 433 457 472 475 490 492 496 540 559 568 596 597 602 611 622 654 655 
 43 53 54 57 66 103 111 132 175 185 199 203 222 226 227 232 269 274 284 293 298 301 304 345 348 357 382 393 410 418 419 420 436 445 457 500 522 539 563 569 573 594 614 623 
 45 1 11 19 34 51 61 70 73 75 109 143 146 164 191 213 221 228 235 242 247 265 269 270 308 330 350 366 368 405 408 421 425 426 461 474 494 529 544 548 587 596 610 624 648 665 
 40 10 15 19 47 54 55 59 80 97 119 125 132 157 158 177 256 270 271 296 301 303 308 358 359 395 401 425 454 459 473 491 515 559 584 586 591 605 633 646 665 
 32 10 18 24 25 26 73 87 101 127 146 161 167 172 174 187 205 230 268 272 292 327 345 352 424 435 472 480 497 582 601 619 649 
 41 12 23 44 74 85 108 125 146 158 166 171 176 183 211 219 245 246 247 250 255 270 288 326 330 332 380 385 428 451 458 472 477 478 507 602 609 623 626 636 658 664 
 44 17 34 44 63 90 96 99 103 109 111 115 153 165 199 267 274 283 290 291 292 308 323 336 364 376 432 440 446 450 473 478 489 496 511 530 544 565 574 585 622 624 625 632 663 
 38 17 29 32 33 36 76 132 163 168 180 190 215 238 239 254 267 273 294 297 323 348 349 358 362 394 405 433 439 440 478 484 505 546 572 576 581 625 646 
 45 29 46 64 68 69 75 84 117 119 125 139 158 174 208 212 222 247 255 260 263 268 288 296 317 318 321 332 338 351 356 406 420 438 471 509 514 523 530 545 551 572 579 598 613 618 
 42 28 81 90 97 116 120 133 140 158 160 163 183 191 192 208 225 237 265 268 269 270 295 312 356 364 381 450 491 523 539 546 559 585 602 603 606 633 636 644 655 664 665 
 38 5 7 44 45 66 71 79 80 167 198 200 209 234 243 271 284 337 350 363 419 431 443 450 472 473 489 494 512 522 527 546 570 592 595 609 645 650 656 
 38 35 46 52 93 103 116 128 150 152 203 219 229 240 250 253 266 275 276 324 348 355 356 386 393 441 466 472 501 515 523 530 538 539 564 601 615 618 657 
 40 46 47 60 62 67 94 106 115 131 172 208 213 223 230 235 250 277 281 313 326 342 351 355 366 406 410 412 414 425 456 495 503 529 536 540 575 615 620 633 662 
 49 12 24 35 70 92 102 108 128 158 184 195 200 203 205 225 258 262 267 273 302 304 315 367 375 378 380 383 389 395 400 412 430 471 481 482 490 498 501 509 526 539 550 551 559 560 562 574 617 646 
 38 1 3 48 80 99 111 118 125 168 181 213 228 246 247 257 262 282 299 302 324 370 382 383 389 399 401 410 421 449 489 494 524 584 589 621 629 643 645 
 29 13 29 35 150 201 240 245 275 283 310 314 320 334 353 398 475 489 495 512 527 538 567 578 603 615 639 655 657 662 
 38 30 41 70 71 89 104 116 133 138 164 194 215 271 295 320 342 355 367 370 410 415 429 436 455 458 502 528 533 535 549 559 566 584 604 613 629 638 649 
 36 19 20 23 28 54 90 109 120 130 136 153 160 173 222 231 289 327 340 364 366 369 399 411 435 441 451 485 493 494 531 532 588 589 592 607 645 
 39 43 56 68 83 101 109 127 146 159 172 220 236 276 281 287 308 309 314 353 355 366 370 388 395 451 456 458 475 508 513 560 579 589 592 608 612 617 653 662 
 37 27 34 35 47 52 99 153 170 172 176 266 280 290 314 364 376 385 390 411 419 426 432 444 445 452 485 494 495 498 562 572 584 607 611 621 634 644 
 45 10 15 24 26 30 49 62 73 76 80 109 112 120 134 173 192 195 201 236 244 252 253 261 264 278 298 321 323 337 356 357 375 389 417 420 430 471 522 523 535 574 615 622 645 665 
 41 21 36 55 81 89 115 117 120 121 140 154 170 206 211 229 257 261 325 332 333 343 357 385 402 406 425 434 440 444 456 466 467 509 565 573 574 589 595 632 655 663 
 40 17 18 24 35 86 89 111 123 132 151 163 182 187 188 207 220 291 304 311 314 327 355 365 422 424 428 457 458 460 467 483 485 501 541 545 600 610 625 638 656 
 51 3 17 19 20 49 100 113 133 134 146 152 163 196 207 211 213 216 255 287 290 293 299 309 323 333 334 342 362 374 380 382 383 400 407 429 435 463 475 477 481 486 494 501 515 517 550 590 595 608 616 646 
 36 37 63 75 110 113 126 131 166 185 188 207 218 223 236 289 317 349 397 400 404 419 420 443 454 469 537 543 555 567 582 584 596 633 642 651 652 
 39 1 28 55 65 79 84 96 130 147 154 163 174 219 226 229 259 261 265 304 311 320 326 373 375 384 391 392 409 497 504 569 572 587 589 615 622 623 628 642 
 44 33 35 47 49 70 79 102 130 149 158 164 169 179 181 214 221 256 257 262 263 270 288 290 296 300 302 324 343 354 378 432 507 509 538 539 549 553 584 593 598 602 625 632 663 
 40 22 24 36 37 47 77 94 123 126 154 155 164 172 173 190 191 219 244 264 288 311 316 319 344 395 404 453 460 463 481 516 531 554 558 568 574 622 624 627 664 
 36 30 79 82 85 159 184 186 211 212 223 227 254 261 265 269 291 322 333 355 358 379 451 452 456 463 464 489 514 531 568 580 593 616 618 633 666 
 40 11 39 53 64 71 75 90 113 121 124 131 191 192 218 226 259 270 282 291 309 353 354 363 402 413 430 432 446 458 459 470 489 510 535 551 552 576 583 613 635 
 36 6 23 34 42 79 109 114 128 168 190 202 213 254 282 285 302 304 401 417 436 457 474 489 501 502 503 505 518 521 525 534 594 603 607 612 650 
 42 12 17 35 46 62 67 74 105 109 114 115 150 152 166 184 218 221 228 263 287 302 393 413 414 417 419 426 442 477 483 486 509 537 540 555 557 562 564 585 589 596 637 
 44 1 10 14 25 28 48 50 78 100 140 147 151 184 219 221 230 306 309 313 344 368 378 381 383 394 418 447 453 466 488 514 516 520 533 536 545 573 581 606 618 619 630 638 662 
 30 2 31 44 70 71 91 113 153 160 202 214 232 268 274 288 305 339 341 365 372 394 414 545 572 574 585 590 603 611 633 
 33 1 60 93 133 159 168 207 220 224 251 260 324 341 366 368 375 383 388 408 413 414 418 464 487 531 538 552 561 567 610 638 663 664 
 38 14 19 35 41 46 64 110 122 139 154 201 228 230 344 352 356 363 396 404 407 411 426 440 444 477 486 488 498 500 513 550 553 562 609 610 626 634 658 
 36 9 11 15 18 26 34 36 56 68 72 88 143 171 175 204 237 248 252 256 259 273 275 293 301 356 403 440 466 471 503 530 533 552 595 609 655 
 35 20 25 26 39 41 89 133 135 161 169 175 239 276 312 313 314 327 330 335 355 357 370 371 410 430 472 513 521 533 537 545 587 624 647 656 
 32 1 10 18 33 37 42 67 89 103 127 168 170 248 274 310 313 332 359 368 382 397 411 423 455 469 471 472 500 641 662 665 667 
 41 17 24 72 99 110 126 139 154 159 163 168 171 186 191 198 205 220 234 254 267 295 323 362 363 394 411 421 434 443 459 495 503 507 508 509 513 552 559 561 623 630 
 36 3 7 29 70 74 83 119 123 190 210 268 277 287 356 378 384 385 425 428 456 465 472 483 490 492 532 554 567 569 575 576 597 604 614 626 648 
 57 29 33 38 39 55 70 124 125 147 150 153 166 171 178 188 199 206 208 232 238 241 246 255 275 281 285 287 292 318 343 354 380 387 422 432 438 444 450 463 483 492 497 514 530 537 541 550 556 580 582 601 602 613 616 627 635 660 
 33 4 6 15 57 62 142 155 183 215 218 246 295 311 319 336 382 393 395 405 415 417 423 430 486 492 504 531 560 595 597 607 611 655 
 38 29 70 71 100 112 139 152 158 160 170 178 214 223 248 265 268 283 303 315 317 325 333 360 393 395 397 408 418 424 501 507 510 559 566 609 623 624 629 
 45 25 26 30 34 36 49 52 55 65 72 74 101 166 170 201 214 224 232 238 263 275 280 286 292 293 311 317 333 360 374 402 433 437 441 459 477 480 507 515 540 544 577 579 620 646 
 35 18 28 36 49 69 80 102 164 216 218 233 246 278 288 317 335 349 398 407 432 472 493 507 531 537 544 545 550 553 585 603 623 625 630 631 
 44 17 33 35 40 44 58 59 62 67 71 104 106 150 152 164 175 186 200 212 217 226 227 232 233 243 250 286 307 309 355 364 402 415 426 476 487 491 500 502 564 614 630 640 647 
 46 8 23 25 40 47 63 85 117 144 165 199 211 219 222 229 253 261 263 287 325 333 334 339 349 356 370 401 425 430 431 436 458 530 531 568 570 584 586 591 600 602 617 622 628 646 658 
 40 63 87 91 97 120 126 130 140 144 149 161 165 185 192 194 197 198 235 236 249 255 281 287 288 289 339 342 361 444 449 496 511 514 521 537 566 578 612 629 663 
 36 5 10 20 57 68 72 79 137 139 144 185 218 221 243 350 363 372 382 383 393 403 432 450 470 474 477 494 512 515 533 545 546 558 571 622 649 
 42 3 24 57 59 76 79 83 104 114 144 165 167 168 208 236 261 301 308 312 318 332 365 389 399 408 417 426 427 431 434 452 495 507 532 558 580 588 623 628 642 662 663 
 40 15 34 42 79 85 105 111 120 124 134 153 165 170 178 184 200 242 247 253 310 317 330 343 349 356 373 394 397 411 418 464 485 513 538 577 610 611 612 636 650 
 38 3 10 33 47 56 97 115 141 198 217 236 241 250 257 274 282 312 332 341 360 363 371 405 448 458 466 491 515 521 540 563 565 585 593 610 640 647 663 
 46 3 9 12 18 21 27 36 48 74 79 83 85 90 114 115 148 186 194 203 205 215 257 262 311 314 328 331 334 341 400 416 424 437 482 486 512 515 534 538 543 570 595 596 601 605 619 
 44 24 31 34 43 52 71 76 90 98 105 119 121 124 143 178 190 251 252 287 304 310 313 322 360 363 377 382 406 407 414 460 497 506 513 534 555 566 567 575 584 621 635 647 658 
 45 17 51 70 73 88 130 149 158 174 180 189 200 211 212 226 252 278 289 302 318 324 346 349 358 374 383 397 399 400 410 411 440 445 450 472 500 501 508 511 568 569 589 611 629 656 
 38 4 8 10 13 42 57 77 79 189 204 205 206 214 258 268 269 278 280 287 310 352 362 367 373 382 392 393 410 412 430 450 465 471 520 525 580 601 623 
 32 9 11 19 20 25 41 46 53 59 117 141 152 155 162 202 217 232 248 268 362 393 410 419 423 425 445 488 517 590 601 640 647 
 35 50 64 72 92 126 151 152 158 201 247 255 297 308 319 336 351 373 418 430 436 438 448 457 472 476 486 512 516 521 532 537 543 550 557 643 
 49 6 18 27 28 36 48 58 77 134 144 146 147 171 175 191 201 205 206 208 253 269 274 307 318 349 357 362 371 399 405 414 461 467 471 479 492 516 531 539 557 559 584 600 623 641 648 653 655 656 
 37 1 54 72 84 89 91 130 148 226 290 316 317 323 333 334 349 377 420 425 442 459 463 481 485 502 550 555 556 564 586 602 609 614 630 633 644 648 
 51 17 24 53 69 86 120 147 155 173 211 213 222 235 236 237 241 264 274 295 313 321 356 367 368 377 391 394 398 410 412 416 427 431 454 484 496 510 512 520 523 525 527 532 543 584 588 601 617 618 633 655 
 38 56 91 108 109 139 151 157 161 199 210 214 229 235 240 246 248 257 268 288 304 322 329 342 354 374 377 437 465 468 477 513 565 575 581 612 625 656 664 
 46 4 9 11 38 41 56 68 98 109 112 122 140 174 179 194 205 210 253 254 264 271 303 318 349 354 357 385 413 423 427 439 445 449 453 486 496 510 519 524 589 590 605 611 619 624 649 
 35 10 40 47 58 103 104 108 109 132 133 144 204 258 259 260 277 360 382 392 402 439 471 480 494 512 530 541 580 603 608 609 623 640 658 663 
 46 20 27 46 72 79 99 132 157 198 209 215 244 249 267 275 287 288 291 307 310 312 313 319 363 364 374 402 406 429 442 448 455 466 479 504 512 538 552 558 592 611 615 623 646 648 657 
 34 2 33 36 59 82 104 192 213 224 252 275 288 296 304 324 412 423 428 449 459 464 471 477 511 521 532 541 553 575 579 582 588 628 665 
 52 2 34 44 53 65 90 111 123 131 135 142 148 178 181 205 214 221 228 232 246 250 253 256 267 301 319 373 429 447 450 466 482 491 496 501 503 509 513 522 524 532 565 566 575 589 605 609 631 640 646 651 652 
 44 23 35 69 70 146 148 155 178 206 212 218 230 231 237 241 256 316 327 360 371 384 388 389 390 412 417 425 431 446 448 451 456 461 472 479 508 516 543 554 575 608 633 637 645 
 41 4 40 55 83 87 92 95 105 126 133 165 180 220 238 263 279 301 316 324 331 335 343 350 352 373 383 390 400 422 426 439 444 446 468 491 503 515 538 560 579 628 
 32 43 59 75 81 84 109 131 134 139 230 246 281 287 289 291 292 309 357 390 395 403 407 456 464 545 549 554 568 595 614 645 650 
 36 10 90 103 129 130 141 142 157 189 198 213 264 282 326 341 345 355 362 363 367 389 419 426 428 482 493 495 498 516 528 570 574 630 634 656 663 
 47 12 17 56 83 106 120 135 142 149 150 156 163 172 180 189 201 217 218 229 240 268 315 323 327 341 343 344 362 376 378 422 443 471 479 506 507 508 514 517 551 561 572 581 595 608 622 651 
 37 37 48 56 70 82 94 131 141 187 190 206 211 236 319 333 369 382 389 403 418 424 455 463 486 488 495 497 525 532 559 561 578 591 610 612 645 664 
 39 4 52 62 66 73 78 134 135 160 186 200 217 222 233 247 253 273 275 293 328 363 401 412 416 425 433 435 457 477 494 504 510 512 514 543 629 639 641 647 
 38 5 13 33 65 67 140 169 175 182 190 197 251 272 291 316 337 353 356 359 365 367 401 412 415 437 449 453 456 462 473 538 542 555 558 626 628 638 650 
 52 7 11 25 33 44 45 51 66 83 90 107 108 120 133 138 146 182 227 228 258 261 275 282 288 289 319 382 388 400 401 402 413 419 422 447 452 467 484 489 494 501 503 504 519 533 601 610 622 629 642 661 667 
 41 12 53 68 148 155 159 163 169 205 254 289 299 341 342 343 351 355 379 383 392 394 400 421 428 435 438 450 468 473 475 498 502 516 525 532 537 564 588 600 609 646 
 49 13 27 48 49 50 55 65 103 104 110 163 172 193 195 200 210 218 219 235 247 269 276 277 284 306 312 323 394 398 400 407 409 421 449 455 468 481 487 512 537 543 544 558 567 597 601 606 638 649 
 43 11 31 40 47 52 146 157 175 192 203 220 223 227 240 241 243 254 283 316 319 326 361 364 369 373 382 390 391 409 427 449 464 477 507 520 522 525 536 539 622 652 660 666 
 42 4 50 54 63 70 92 102 110 139 154 158 160 162 170 199 200 202 220 240 303 310 335 354 374 391 397 399 406 410 419 431 436 457 460 499 515 524 569 575 580 602 643 
 25 33 34 70 111 132 148 150 163 166 228 253 254 382 399 405 410 489 524 529 534 536 546 586 626 632 
 49 13 25 26 40 60 62 64 111 115 119 131 133 146 149 152 153 176 186 204 207 210 211 228 234 241 243 246 251 258 260 261 380 394 417 429 471 478 521 553 562 568 571 573 577 585 589 638 646 659 
 33 14 34 71 91 105 110 140 160 163 179 194 206 211 219 341 359 367 387 415 440 519 532 547 556 558 578 579 581 596 614 619 662 666 
 39 17 30 34 54 86 100 104 131 137 198 204 240 254 264 296 306 310 317 410 414 436 449 450 490 530 531 539 551 564 565 570 583 588 590 618 619 622 634 659 
 35 40 43 59 71 73 119 173 200 208 231 241 263 264 267 309 338 343 386 393 399 402 416 444 459 476 482 533 578 591 593 616 622 647 654 662 
 45 26 49 63 73 81 152 156 191 207 212 224 238 247 262 275 305 318 335 359 372 384 396 425 438 443 467 477 501 502 505 526 532 537 544 546 548 553 565 574 585 596 614 627 628 656 
 40 3 33 36 58 74 85 108 128 132 143 155 166 179 180 191 198 270 313 361 372 382 412 413 436 441 442 444 465 480 521 523 524 543 598 600 608 629 635 639 652 
 38 3 18 58 63 81 105 124 134 200 207 229 238 246 261 271 288 325 358 377 405 406 425 440 457 468 470 477 505 525 547 549 554 584 597 606 610 618 647 
 30 17 31 33 43 69 97 132 135 153 159 189 215 244 274 294 373 374 377 378 385 479 503 507 560 569 579 633 654 658 667 
 52 3 9 20 30 39 69 92 120 122 135 136 138 139 149 155 171 206 220 221 232 246 260 269 282 283 317 330 345 348 349 366 372 376 383 385 417 418 429 433 437 443 488 506 508 510 542 551 603 609 631 658 663 
 51 3 28 31 71 73 91 116 122 140 143 160 161 171 172 193 203 211 235 255 283 298 312 313 340 342 358 364 369 379 382 384 402 412 439 454 456 479 493 516 518 520 564 586 590 591 602 608 619 623 639 652 
 30 22 50 67 127 129 139 170 172 190 217 219 255 257 316 318 319 348 354 377 388 399 436 485 493 513 561 596 605 611 629 
 41 7 17 24 44 74 79 81 99 103 109 127 153 159 175 179 230 246 282 283 289 292 341 372 386 387 415 418 424 432 465 489 497 541 543 551 566 609 615 620 639 640 
 28 23 34 66 81 108 146 185 191 227 249 285 303 307 332 346 396 424 446 455 461 473 500 521 552 565 573 591 603 
