 200 667
 3 3 3 3 3 3 3 3 3 3 6 6 6 6 6 6 7 9 9 9 9 9 9 9 9 12 12 12 12 12 12 12 14 15 15 15 15 15 15 15 18 18 18 18 18 18 18 19 21 21 21 21 24 24 24 24 26 27 27 27 27 27 29 30 30 30 30 30 30 30 32 33 33 33 33 33 33 35 36 36 36 36 37 39 39 39 39 41 42 42 42 42 42 42 42 42 45 45 45 45 45 46 48 48 48 48 48 48 48 48 50 51 51 51 51 51 51 51 51 53 54 54 54 54 54 54 57 57 57 57 57 57 58 60 60 60 60 61 63 63 63 63 63 65 66 66 66 66 66 66 66 69 69 69 69 69 69 72 72 72 72 72 72 72 75 75 75 75 75 75 75 75 75 76 78 78 78 78 79 81 81 81 81 81 81 83 84 84 84 84 87 87 87 87 87 90 90 90 90 91 93 93 93 93 93 93 93 95 96 96 96 96 96 97 99 99 99 99 99 99 99 99 99 101 102 102 102 102 104 105 105 105 105 105 105 105 108 108 108 108 108 108 111 111 111 111 113 114 114 114 114 114 114 114 114 116 117 117 117 117 118 120 120 120 120 120 120 123 123 123 123 123 124 126 126 126 126 126 126 127 129 129 129 129 129 129 129 131 132 132 132 132 132 134 135 135 135 135 136 138 138 138 138 138 139 141 141 141 141 141 141 141 142 144 144 144 144 144 147 147 147 147 147 147 150 150 150 150 150 150 153 153 153 153 153 153 155 156 156 156 156 156 156 158 159 159 159 159 159 159 159 162 162 162 162 162 162 162 164 165 165 165 165 165 165 166 168 168 168 168 168 169 171 171 171 171 171 173 174 174 174 174 174 174 177 177 177 177 180 180 180 180 180 180 181 183 183 183 183 183 185 186 186 186 186 186 188 189 189 189 190 192 192 192 192 192 192 192 192 195 195 195 195 195 195 195 196 198 198 198 198 198 201 201 201 201 201 204 204 204 204 204 206 207 207 207 207 207 207 207 207 209 210 210 210 210 210 210 211 213 213 213 213 213 213 213 216 216 216 216 216 216 217 219 219 219 219 219 221 222 222 223 225 225 225 225 225 226 228 228 228 228 228 228 229 231 231 231 231 231 231 232 234 234 234 234 234 234 234 234 234 235 237 237 237 237 237 237 239 240 240 240 240 240 240 241 243 243 243 243 243 243 243 243 243 243 245 246 246 246 246 248 249 249 249 249 249 249 252 252 252 252 253 255 255 255 255 255 255 255 256 258 258 258 258 258 261 261 261 261 261 261 262 264 264 264 264 264 265 267 267 267 267 267 267 267 267 270 270 270 270 270 271 273 273 273 273 273 273 273 273 276 276 276 276 276 276 276 276 278 279 279 279 279 279 279 281 282 282 282 282 282 284 285 285 285 285 285 286 288 288 288 288 288 288 288 288 291 291 291 291 291 291 291 291 293 294 294 294 294 294 294 297 297 297 297 297 297 299 300 300 300 300 300 300 300 200 
 34 23 57 67 98 141 145 166 170 181 191 208 230 233 235 247 270 287 303 347 360 402 404 410 428 444 476 479 483 503 511 537 542 567 639 
 33 8 16 36 37 42 52 107 144 163 204 205 241 272 311 318 327 328 341 372 385 405 440 457 461 464 484 510 547 551 563 609 628 653 
 39 26 29 45 53 63 80 115 134 167 201 242 251 257 273 282 289 300 325 330 340 345 350 397 445 451 452 455 465 498 502 529 530 564 569 584 590 604 655 662 
 38 15 60 83 90 97 101 104 119 196 209 219 224 242 248 298 339 344 360 363 369 389 425 439 443 451 468 475 482 495 502 510 512 529 568 582 594 635 651 
 44 7 19 26 105 146 148 157 174 215 224 233 237 269 276 284 297 311 317 320 321 325 327 333 392 393 404 447 454 464 486 501 516 524 530 541 543 550 568 569 571 591 608 642 663 
 34 2 25 58 103 144 152 190 213 235 241 247 314 334 337 386 407 423 427 453 461 476 485 504 512 517 542 561 571 591 598 603 619 632 638 
 44 11 32 71 159 162 169 170 184 201 227 243 253 281 309 319 322 335 347 363 375 387 408 433 434 448 454 461 467 492 509 522 524 545 552 553 556 571 580 587 606 633 636 650 655 
 40 4 21 39 41 43 50 57 58 59 78 92 112 127 147 165 176 182 199 202 229 268 314 334 353 404 412 429 431 436 438 453 462 484 503 515 521 576 625 637 666 
 22 4 89 111 151 158 159 175 243 338 376 389 398 439 497 499 510 529 575 588 592 647 655 
 31 12 24 32 36 50 72 93 104 106 129 149 179 226 227 248 268 298 318 349 354 390 414 428 453 460 470 490 507 558 640 662 
 44 2 28 45 67 88 97 103 133 160 206 240 244 246 249 263 264 274 307 321 322 337 355 377 379 406 407 428 464 468 475 479 480 496 505 520 544 564 585 609 616 618 644 660 661 
 41 11 15 26 53 63 72 80 84 106 144 162 166 175 176 187 192 213 215 237 270 271 281 282 290 300 303 314 331 356 359 384 453 466 497 522 531 532 591 623 637 646 
 41 26 46 73 149 183 208 216 229 243 245 261 262 300 308 346 360 380 409 417 430 448 471 477 508 515 517 522 524 529 554 574 591 598 613 620 622 633 642 654 661 662 
 31 53 69 103 160 168 219 258 259 278 306 311 313 353 385 395 409 419 429 438 440 483 484 496 499 518 519 562 577 593 623 650 
 38 2 64 68 97 107 108 135 141 145 148 153 158 166 202 204 265 281 299 300 344 361 362 373 389 396 408 463 484 509 540 556 568 589 590 593 623 663 665 
 46 4 12 33 36 39 64 73 90 106 109 114 144 159 165 169 189 202 224 313 314 320 332 335 352 359 374 403 407 450 458 467 473 500 553 557 565 576 580 594 622 624 627 637 646 649 667 
 32 30 50 53 58 88 102 116 127 145 156 171 205 224 251 253 272 277 304 316 347 351 405 433 439 480 482 536 547 557 572 590 596 
 34 1 12 25 28 38 107 161 175 178 189 243 273 277 295 307 320 329 359 362 366 385 400 426 441 467 491 513 536 545 571 603 611 649 664 
 32 1 13 32 61 84 101 122 131 153 213 237 240 323 327 346 353 401 420 480 521 528 532 568 580 581 604 618 630 632 650 657 661 
 32 12 16 45 50 63 90 97 111 123 152 165 175 209 218 240 264 306 347 421 467 469 472 505 512 520 553 558 638 639 649 655 661 
 33 26 35 39 123 154 167 226 228 237 279 282 337 357 367 396 431 482 483 489 490 494 521 527 553 558 567 569 604 610 615 636 639 655 
 31 21 23 24 79 92 166 186 191 198 205 208 243 273 275 276 289 318 320 338 382 393 415 461 474 498 528 562 567 593 637 638 
 44 10 13 18 19 22 69 107 136 139 158 164 175 197 209 220 229 239 270 286 299 326 333 338 356 363 381 405 407 421 427 430 469 507 530 543 549 555 557 574 579 586 602 638 646 
 44 15 48 72 75 85 122 138 168 186 188 207 208 220 226 250 283 295 305 316 325 341 374 376 386 389 426 429 452 460 463 477 491 497 504 530 567 576 578 594 596 613 635 640 666 
 49 1 18 28 31 34 64 89 90 91 102 123 125 134 138 147 155 171 189 192 202 206 217 317 332 352 355 378 386 395 432 440 445 452 455 480 485 489 491 506 526 536 537 543 545 550 559 567 607 646 
 32 16 20 28 30 77 116 167 180 196 208 222 244 246 257 282 319 323 331 348 364 368 379 380 384 413 420 504 508 535 538 567 581 
 43 2 19 27 36 37 43 50 57 66 80 146 168 173 181 193 297 315 326 327 339 341 367 388 394 425 430 444 465 485 488 489 494 525 549 555 564 567 569 592 610 612 644 646 
 37 16 48 66 71 95 110 115 124 140 158 187 188 199 221 256 257 300 302 364 367 386 387 447 481 516 517 538 556 570 578 591 601 610 617 619 635 645 
 30 12 33 34 92 139 147 169 197 203 271 276 333 365 373 428 445 490 519 531 535 544 556 569 581 587 597 608 619 621 661 
 34 7 13 38 53 76 99 102 116 120 160 196 212 222 224 237 312 338 360 367 393 397 422 527 547 562 573 575 582 611 616 625 640 653 665 
 41 14 26 51 56 67 79 89 92 106 119 128 179 207 220 224 238 243 269 287 319 327 338 348 355 356 380 383 400 422 443 452 475 486 534 538 555 586 604 641 646 650 
 34 14 58 64 145 158 180 191 226 229 232 234 241 265 285 326 335 338 366 396 420 442 443 459 474 480 496 519 525 549 554 563 584 617 635 
 50 3 40 48 57 72 73 95 96 101 110 111 112 118 124 127 136 143 208 236 247 267 277 295 304 314 334 362 407 420 423 439 463 473 486 489 490 503 519 522 525 528 545 564 567 580 612 613 620 626 646 
 33 2 5 14 54 97 107 154 166 172 191 274 276 290 294 296 301 331 334 352 363 367 374 427 428 443 468 476 479 521 543 554 602 667 
 35 4 15 31 48 85 89 101 103 113 116 118 139 165 168 181 187 204 219 260 311 316 339 340 349 368 388 412 421 491 520 544 620 622 647 648 
 34 27 29 34 43 46 61 135 181 217 241 271 283 292 305 329 361 372 373 380 386 401 429 443 458 468 485 498 499 519 528 574 602 616 655 
 25 1 6 84 131 132 178 200 202 230 246 248 292 310 347 350 353 413 436 444 530 549 566 610 631 640 
 50 5 7 53 68 89 94 103 110 112 138 139 163 177 180 191 243 250 259 269 273 280 282 290 291 294 300 313 319 321 354 382 383 387 438 445 476 491 504 505 513 563 570 597 599 605 619 620 630 638 654 
 39 3 41 61 121 140 144 145 154 159 187 193 209 237 276 322 325 376 379 399 405 412 414 469 470 473 474 483 489 499 503 506 512 532 566 574 594 618 639 642 
 40 6 11 45 49 53 85 104 106 121 129 131 141 155 172 188 191 204 211 247 250 261 337 345 348 362 398 424 425 445 452 490 500 527 550 567 582 604 635 639 653 
 55 8 19 22 23 29 57 65 107 112 134 140 141 184 191 229 237 268 270 288 327 335 336 339 352 357 363 373 390 402 411 415 440 447 453 454 480 485 513 533 551 554 574 576 581 583 604 606 608 619 621 625 630 638 659 663 
 31 56 85 97 113 115 134 140 175 187 204 218 237 239 249 256 270 309 318 320 359 380 414 426 434 476 514 528 561 605 606 660 
 35 4 36 56 81 150 159 166 181 186 203 217 226 233 245 260 271 273 289 310 338 346 368 377 379 390 423 427 433 442 495 530 538 593 608 624 
 40 27 90 97 128 129 158 176 187 203 205 207 230 251 264 274 304 312 334 372 427 435 450 461 467 469 483 492 517 522 530 539 545 557 573 578 581 609 610 611 646 
 39 18 57 75 88 103 120 133 134 152 190 214 246 274 284 309 311 321 333 355 359 369 370 398 404 412 417 457 463 465 483 501 508 529 579 603 605 639 662 664 
 40 24 37 42 49 63 76 79 90 103 120 133 161 169 225 228 242 250 262 270 279 333 350 377 387 391 409 444 454 466 473 488 504 508 525 529 539 571 588 629 648 
 32 21 28 34 44 67 84 97 127 130 144 196 204 250 283 301 326 335 382 395 400 465 474 507 525 544 603 605 616 636 640 643 649 
 32 27 58 60 66 70 91 112 138 157 159 174 179 191 219 262 264 275 291 312 314 324 350 381 387 388 420 519 554 594 606 646 648 
 48 1 12 26 34 38 65 84 90 100 103 111 112 122 160 199 209 212 227 253 280 308 321 324 354 379 386 403 424 438 443 461 465 497 537 539 548 561 569 570 574 579 581 603 627 634 648 650 667 
 40 4 14 16 18 59 64 67 83 88 89 135 177 180 193 210 247 252 270 279 294 307 322 334 340 357 377 381 391 414 422 423 428 436 471 533 560 593 595 598 608 
 45 3 24 37 43 65 67 95 142 153 154 163 167 198 203 214 219 231 274 286 288 303 320 345 347 368 369 401 421 422 476 482 488 523 529 546 558 567 580 585 595 602 605 610 617 663 
 38 11 15 22 29 56 79 88 125 133 153 165 166 167 181 182 184 278 297 313 317 337 353 386 396 397 474 477 480 504 506 508 513 527 540 574 609 640 641 
 34 4 27 34 110 167 185 186 202 225 237 269 278 300 306 336 363 425 443 444 450 478 491 499 555 578 582 586 594 595 618 629 643 651 662 
 49 2 41 56 64 70 71 81 83 89 95 140 141 152 158 192 215 230 234 252 296 308 315 319 342 385 397 404 407 413 430 436 439 447 462 470 477 480 492 501 510 515 531 537 543 565 571 576 620 645 
 32 2 6 11 158 181 191 201 208 230 239 280 325 331 338 353 358 366 389 390 394 416 433 438 455 468 502 518 531 576 585 655 662 
 45 6 65 86 102 146 157 160 175 198 218 223 224 225 247 260 296 305 320 328 368 390 411 412 413 417 428 438 452 459 482 486 493 502 513 526 561 584 586 589 603 612 615 619 632 645 
 32 17 79 83 122 153 162 169 192 200 240 265 266 276 288 315 316 317 343 359 396 404 455 475 482 559 567 579 597 611 612 650 659 
 37 11 54 59 60 200 219 224 225 249 267 282 285 290 331 342 346 361 367 394 395 398 401 402 414 475 488 491 519 527 542 566 578 588 602 644 648 660 
 44 7 11 65 66 89 97 98 145 159 205 225 237 248 249 268 275 277 302 352 354 367 379 381 399 414 424 429 430 431 433 447 461 471 496 498 506 516 530 565 571 588 611 631 639 
 35 22 29 35 58 60 68 79 102 104 122 167 173 213 219 247 256 270 389 409 423 434 476 497 506 507 516 567 568 572 575 584 589 594 633 660 
 41 6 17 33 47 56 61 73 81 82 84 88 89 94 105 139 152 171 237 262 277 294 324 333 344 345 352 360 408 410 422 425 493 534 557 568 571 606 626 641 649 654 
 40 22 39 76 82 96 115 121 134 136 142 153 158 164 199 203 215 216 220 248 256 279 281 322 333 337 348 380 453 522 526 534 549 565 574 583 603 618 639 652 654 
 38 5 7 18 35 44 76 92 98 100 114 151 156 169 196 199 238 247 254 276 289 305 321 358 410 435 461 497 503 508 516 526 532 542 581 591 597 639 641 
 46 18 46 49 59 75 85 109 111 115 116 142 167 168 180 214 216 239 278 286 301 329 348 373 375 390 392 396 412 413 441 448 461 472 491 517 543 558 562 577 590 591 601 615 624 636 666 
 31 9 11 22 37 43 91 130 135 196 198 230 239 249 258 263 274 278 307 310 360 405 415 418 429 468 478 488 506 534 629 653 
 32 26 49 88 144 161 187 207 248 281 288 300 302 315 328 339 345 347 372 377 380 469 532 569 573 587 597 602 612 621 632 638 654 
 42 3 30 60 64 80 124 152 155 163 176 233 262 309 339 361 363 376 385 392 393 397 402 404 416 420 449 469 471 483 506 514 523 560 568 588 593 600 605 610 615 624 643 
 33 20 42 69 72 78 89 99 120 128 137 140 159 160 168 319 332 349 356 375 378 414 459 479 481 490 491 523 568 601 631 641 647 659 
 38 44 49 57 94 104 113 117 135 144 148 154 176 200 201 215 286 288 291 306 311 320 349 368 370 378 395 422 510 513 558 582 585 599 603 610 613 655 661 
 40 19 53 75 77 123 128 139 146 166 210 216 225 262 271 274 294 301 330 332 334 357 372 378 385 391 420 465 480 512 524 533 537 549 563 567 568 621 636 644 645 
 34 13 35 67 99 112 152 154 204 208 213 257 275 280 295 316 327 331 357 376 417 418 432 452 476 514 520 537 539 548 561 579 626 632 666 
 51 8 49 61 63 78 93 94 120 124 128 129 154 175 186 198 200 204 205 213 217 226 231 260 306 313 330 332 338 351 353 389 391 422 428 464 488 489 498 508 524 528 539 550 574 590 596 621 628 638 639 661 
 39 2 9 12 64 91 127 145 146 167 177 186 196 200 206 236 244 302 325 328 383 398 399 404 416 456 460 462 468 469 479 503 514 522 562 616 630 648 650 664 
 40 6 13 41 42 64 86 98 117 155 158 167 194 223 282 295 374 400 402 420 433 457 461 470 509 515 526 530 538 542 549 551 553 557 607 632 642 651 653 656 661 
 37 1 6 14 29 58 62 66 68 93 114 127 128 136 193 211 232 239 250 272 299 352 355 380 396 408 422 489 496 537 558 569 580 581 595 614 632 663 
 47 1 9 17 35 41 55 79 84 99 108 128 130 139 153 161 165 184 185 192 194 201 205 225 241 244 246 258 263 266 271 299 301 308 327 345 356 420 429 441 442 502 546 558 595 606 642 656 
 38 17 20 22 26 56 122 134 146 159 175 183 223 243 248 306 320 335 360 386 441 470 491 496 519 524 527 551 563 575 588 590 608 611 619 621 630 654 663 
 33 18 23 28 33 50 53 54 90 94 154 167 248 259 265 270 280 285 289 292 293 363 397 412 414 438 505 560 570 574 595 654 657 659 
 39 23 29 33 49 59 79 113 120 165 208 214 263 277 303 313 322 326 364 372 378 409 412 434 454 460 473 474 492 539 552 556 583 588 597 604 624 636 648 659 
 46 5 12 34 74 79 89 111 139 146 147 156 158 164 216 231 259 283 291 300 306 308 315 320 325 338 352 370 375 381 382 391 398 410 427 429 430 444 467 483 485 495 500 523 582 618 624 
 34 24 103 121 137 139 180 183 196 205 228 239 259 285 310 325 337 369 395 405 410 451 453 454 479 481 483 497 540 580 591 602 629 634 655 
 46 12 27 41 84 105 111 112 123 126 128 139 158 188 190 218 221 227 231 237 249 301 306 308 325 332 349 374 389 407 444 466 472 503 512 526 531 537 543 544 556 588 597 607 615 634 642 
 38 28 59 69 74 102 113 123 128 164 169 176 189 219 223 230 247 249 276 290 303 328 332 414 415 421 432 433 489 492 498 502 523 535 593 602 606 608 663 
 45 12 19 30 34 43 74 88 91 102 139 152 165 174 175 176 177 220 236 272 278 289 331 365 388 390 412 441 444 448 457 461 474 499 503 514 526 527 542 543 565 578 600 640 647 648 
 40 1 30 62 100 105 109 111 156 160 168 182 218 259 268 273 275 281 303 314 334 335 340 352 415 457 464 489 490 498 521 535 580 582 594 612 613 621 622 649 657 
 49 1 2 4 19 22 34 41 73 82 100 106 115 125 141 165 190 197 218 237 238 247 270 271 273 274 277 300 317 341 346 352 373 401 439 460 464 519 541 542 549 554 558 570 609 611 612 629 631 663 
 32 28 34 71 94 124 139 225 226 230 252 283 304 309 310 314 317 332 356 398 403 411 428 445 473 522 565 574 588 603 616 623 644 
 32 1 7 53 66 78 112 127 131 141 153 161 218 225 258 282 326 328 353 393 443 469 489 507 528 568 577 610 612 624 631 641 660 
 35 20 58 63 66 129 132 141 152 176 189 192 268 281 298 302 306 313 321 329 338 340 342 366 371 408 460 461 500 519 590 605 611 627 629 663 
 37 2 11 21 35 78 88 93 112 114 122 134 136 142 145 148 154 175 176 196 227 291 326 367 410 430 433 443 472 488 496 504 534 544 605 623 634 649 
 41 18 26 74 100 133 135 160 162 169 177 184 192 199 201 215 263 266 269 272 273 283 314 372 380 385 387 391 411 436 439 457 499 504 520 529 545 559 583 614 623 664 
 39 40 54 62 73 78 81 107 118 137 159 164 224 226 305 309 310 313 338 356 380 411 417 420 435 436 460 461 474 482 528 535 566 567 576 585 630 641 647 649 
 30 3 38 60 118 137 155 165 174 192 217 251 285 287 304 376 384 385 390 407 429 471 477 479 514 522 594 612 634 657 660 
 37 7 11 21 110 111 124 153 156 191 209 211 218 252 256 281 288 304 309 378 386 387 396 404 412 429 436 475 477 502 526 542 544 550 603 611 656 660 
 42 1 11 14 19 33 41 55 63 113 152 218 222 225 230 232 282 345 348 367 400 402 435 456 467 474 518 523 526 528 540 545 553 559 583 593 595 606 637 638 642 658 659 
 43 1 2 45 49 51 55 60 61 80 104 133 156 170 182 229 249 258 285 290 291 345 354 378 417 419 424 453 454 467 484 497 534 544 577 584 598 603 610 629 630 648 659 665 
 40 28 31 35 73 78 122 127 135 140 146 173 181 209 227 231 244 251 261 280 290 331 335 385 390 407 408 416 438 440 495 527 528 552 570 576 599 624 631 633 639 
 34 12 19 42 58 64 73 82 114 123 134 157 190 198 203 218 233 244 254 260 294 305 361 365 370 391 404 421 460 490 547 563 592 632 639 
 38 44 99 108 117 134 164 169 200 209 215 234 262 268 295 307 319 354 358 397 401 421 428 450 463 497 506 545 575 585 597 607 626 631 648 652 653 656 665 
 37 7 21 58 73 80 84 87 109 118 124 129 135 136 153 211 215 229 249 289 300 309 319 344 359 373 406 428 441 462 479 509 543 551 554 595 602 638 
 50 9 13 15 26 71 75 84 90 91 114 121 149 160 192 203 208 215 221 227 233 235 248 258 270 291 306 331 365 369 378 383 403 406 434 435 437 438 439 462 489 537 539 545 554 561 570 579 589 594 638 
 37 11 19 47 53 57 127 129 142 189 193 195 218 255 266 277 295 296 339 344 347 352 369 382 396 402 456 460 463 500 520 546 550 555 569 599 625 640 
 52 35 37 55 68 78 97 98 120 125 146 152 171 187 212 228 230 232 239 248 249 256 263 269 274 284 286 299 307 327 355 366 376 379 392 396 403 416 437 439 440 496 505 506 519 528 532 537 538 549 594 631 635 
 36 2 20 39 88 98 100 101 114 115 127 134 180 182 197 224 226 253 257 275 327 362 373 397 435 441 489 518 524 529 546 549 550 556 575 613 662 
 40 1 11 55 107 108 148 201 217 245 264 302 309 325 355 363 367 370 396 397 409 421 433 438 449 460 475 509 514 545 546 556 564 573 578 583 599 602 623 630 642 
 35 14 28 31 36 71 119 127 184 208 214 232 234 288 289 290 302 333 335 336 337 338 339 346 371 382 434 447 468 486 496 511 523 625 659 660 
 36 18 20 21 64 93 97 99 129 135 139 160 165 174 178 188 197 204 216 217 251 284 308 354 392 405 408 415 426 439 529 544 610 627 628 631 654 
 36 11 14 15 33 82 86 123 180 191 209 210 259 268 315 328 359 360 374 379 408 409 420 427 467 469 473 474 485 502 503 527 554 602 607 646 647 
 36 36 50 57 62 72 85 158 212 216 223 238 244 250 251 262 281 295 300 342 373 389 396 431 475 543 554 568 577 585 590 613 618 619 630 659 666 
 39 20 35 53 54 66 70 86 96 101 102 104 114 121 133 145 192 199 200 232 241 260 311 319 321 346 367 403 418 423 467 517 538 565 574 583 623 662 664 665 
 36 48 96 144 148 169 174 188 197 227 243 247 277 294 308 325 332 345 383 386 389 396 403 409 423 468 490 504 507 520 565 593 594 612 627 647 658 
 40 1 5 11 36 54 63 72 105 153 176 182 245 259 277 282 288 295 318 329 334 372 395 401 431 437 447 453 457 508 519 521 527 539 555 588 589 606 651 657 666 
 34 36 42 43 46 58 63 138 206 210 211 214 215 274 287 288 289 292 294 298 327 415 487 504 516 527 535 549 580 586 589 604 618 655 659 
 39 14 20 27 31 35 58 84 146 156 196 197 211 231 241 243 279 289 292 320 333 340 359 366 381 382 390 405 434 463 489 513 566 574 580 588 594 608 628 646 
 32 13 30 103 120 131 173 208 231 257 281 288 298 334 379 389 423 429 487 505 520 542 551 584 602 605 619 627 640 645 646 647 657 
 40 18 29 30 49 55 95 97 117 130 137 218 244 252 281 296 297 314 316 323 352 367 368 381 429 452 459 462 464 470 493 505 554 573 581 617 618 638 643 647 652 
 37 6 18 24 28 41 46 63 83 107 112 139 147 165 190 197 202 231 256 303 332 347 355 374 410 435 438 460 461 463 549 554 586 595 612 617 631 659 
 49 5 19 22 30 72 79 84 103 104 105 118 121 122 145 174 188 191 215 218 238 252 262 264 275 281 321 330 368 389 391 408 413 416 417 446 449 454 456 525 551 557 575 586 591 612 619 621 624 649 
 46 1 18 25 27 49 83 97 134 149 158 191 195 228 234 241 263 288 307 329 332 352 377 409 424 434 438 453 455 459 464 468 489 490 493 518 535 540 559 562 578 634 646 659 660 664 665 
 32 5 34 104 108 109 113 138 159 179 192 200 214 216 229 266 282 306 323 350 379 411 421 425 433 468 486 529 549 618 624 633 656 
 38 23 40 66 90 128 201 214 224 227 237 257 267 278 280 286 301 302 305 309 331 344 348 361 375 421 430 483 503 504 544 546 553 564 581 594 598 622 653 
 37 4 20 41 66 78 92 103 126 179 219 268 276 301 319 332 348 354 384 385 447 454 462 467 505 513 516 538 554 573 583 600 603 624 630 638 660 665 
 32 74 76 83 92 105 127 129 134 166 248 256 270 274 290 299 332 344 369 379 438 454 461 462 503 512 544 546 561 562 564 589 649 
 27 3 11 28 51 67 88 208 210 222 238 250 307 344 444 455 515 529 531 568 574 612 614 615 618 625 626 648 
 41 16 20 61 120 133 154 155 210 229 232 238 248 256 263 265 269 297 299 312 346 362 386 394 412 449 456 477 496 513 523 527 540 557 563 564 570 588 595 606 628 661 
 38 12 13 26 43 46 47 97 113 135 152 172 187 201 221 240 245 264 282 319 321 354 381 424 438 448 453 455 506 515 536 562 576 583 595 596 618 638 648 
 41 13 43 54 57 82 86 117 129 143 162 165 186 193 201 206 215 239 252 268 275 313 328 331 342 359 360 362 382 395 422 453 484 504 516 533 568 572 596 617 651 656 
 34 10 11 18 26 28 34 41 57 59 139 148 150 152 158 186 227 254 257 306 307 317 322 379 385 403 424 467 475 531 532 555 610 614 653 
 39 1 27 38 65 85 88 122 124 143 194 218 222 234 255 265 277 288 297 305 311 344 346 352 385 433 463 495 520 522 530 532 554 589 613 617 623 647 653 663 
 45 1 47 65 106 112 121 122 125 134 136 166 175 177 178 187 194 203 207 216 217 235 243 275 281 294 308 326 353 368 414 430 432 438 439 444 446 447 453 532 555 585 596 614 636 641 
 42 5 8 12 36 49 53 76 86 111 117 160 183 229 233 239 243 257 268 279 281 337 361 390 403 454 456 475 510 515 543 552 562 568 598 611 630 631 633 643 653 654 660 
 47 7 21 58 131 153 158 172 181 205 209 224 250 258 268 293 312 319 331 358 383 402 413 415 425 438 443 458 470 475 480 484 489 492 514 521 528 529 530 548 554 565 570 573 582 630 638 643 
 44 1 13 22 46 54 60 64 71 77 98 104 161 191 196 209 224 230 232 245 251 284 303 316 340 362 375 378 393 398 402 407 444 460 462 485 521 524 556 603 607 611 630 646 658 
 22 17 27 29 57 105 114 150 158 166 180 202 216 275 322 328 349 402 412 562 580 604 618 
 45 11 18 40 45 64 91 93 94 97 117 119 132 167 168 187 197 206 224 227 229 248 326 353 360 364 370 371 387 409 414 416 439 446 470 488 504 528 562 564 580 611 613 623 638 653 
 36 8 33 44 63 65 70 88 134 151 155 168 180 182 188 229 246 282 283 293 300 316 337 355 411 414 443 448 449 494 544 554 564 567 584 634 636 
 34 2 13 41 51 72 88 89 121 162 176 231 244 258 260 261 268 286 302 315 325 337 379 419 428 433 476 496 500 529 530 534 595 646 664 
 34 18 19 36 45 66 88 91 92 97 153 156 166 216 257 275 284 310 375 385 389 395 401 423 445 446 451 467 483 489 531 542 577 631 662 
 31 27 34 110 145 170 209 226 247 265 274 303 315 376 401 413 428 452 458 473 493 505 522 524 563 573 602 605 610 623 651 662 
 43 16 35 44 50 59 111 129 138 171 179 215 226 249 264 267 275 308 320 321 333 342 373 378 383 428 486 492 495 499 520 528 538 543 547 555 584 608 610 611 620 633 654 659 
 43 8 17 33 85 87 89 98 105 140 165 175 180 181 182 191 201 229 232 233 237 244 258 261 268 275 278 284 285 318 323 336 346 351 402 422 436 443 487 499 509 543 598 647 
 50 26 65 72 81 87 90 93 95 157 166 175 186 219 237 238 250 262 269 283 287 322 328 333 360 368 372 398 399 411 412 420 438 439 445 455 461 472 504 507 530 536 556 603 607 617 626 633 639 641 661 
 38 45 55 62 84 89 133 145 173 184 197 275 280 307 315 332 345 373 387 390 403 407 413 444 474 478 479 487 500 527 541 563 583 594 611 646 653 655 665 
 42 19 54 63 71 108 130 133 135 140 143 152 168 174 176 223 232 250 253 254 263 278 300 301 330 373 402 403 416 440 445 450 456 461 467 497 515 534 604 609 618 625 663 
 38 3 53 68 71 78 80 99 111 116 161 200 207 210 228 230 232 251 310 323 333 336 377 400 401 413 429 434 443 479 495 496 528 555 588 619 620 659 660 
 38 33 42 43 72 106 159 178 183 192 193 230 231 274 275 276 281 301 303 319 325 341 356 395 432 525 533 541 542 549 553 587 602 608 614 626 638 653 663 
 40 17 33 49 51 70 89 103 117 139 159 166 194 216 238 245 254 269 288 289 321 325 330 336 346 386 412 416 418 488 494 501 502 505 512 532 583 614 615 620 663 
 40 2 25 26 39 48 50 53 59 65 89 90 113 161 178 185 191 198 251 276 289 349 354 366 389 415 433 446 450 498 500 519 523 554 557 570 589 597 632 641 660 
 33 3 73 103 109 112 114 125 161 257 258 263 314 325 361 364 367 368 374 390 445 454 471 485 487 497 538 542 546 587 623 632 634 640 
 38 15 21 22 24 26 72 93 102 121 166 168 177 181 208 211 256 263 290 339 341 344 360 362 363 408 476 483 493 517 550 558 580 596 602 611 624 636 643 
 35 33 58 93 98 100 121 167 170 175 209 233 244 262 264 343 350 353 381 394 413 415 420 438 514 548 559 571 575 582 596 602 614 625 644 660 
 39 41 75 76 79 81 122 147 152 172 194 198 201 219 238 257 268 277 285 297 300 309 325 328 367 411 471 472 507 514 546 547 549 555 556 559 561 575 589 640 
 39 29 33 42 53 67 72 121 147 176 201 216 231 252 273 274 279 294 316 325 326 332 346 355 361 379 389 400 403 426 471 516 520 538 545 577 581 620 631 650 
 40 4 19 27 59 90 113 126 170 171 182 206 215 218 235 256 280 281 288 308 345 359 392 421 439 452 458 475 479 483 507 555 584 598 599 624 639 654 656 661 664 
 33 34 92 165 173 201 219 224 226 232 246 252 265 272 317 329 334 340 369 401 424 428 433 449 469 507 542 594 604 630 631 650 652 661 
 44 44 47 54 58 64 132 146 158 161 163 178 193 202 225 247 259 261 278 294 331 355 361 373 374 378 385 409 428 433 437 448 455 460 503 521 525 554 555 588 590 592 595 603 617 
 43 6 12 48 71 87 103 111 127 145 152 172 183 195 198 202 238 271 276 295 300 308 326 329 371 376 379 396 399 403 412 431 433 475 489 503 532 542 562 567 572 579 588 629 
 38 6 31 78 83 89 96 97 114 162 167 179 202 215 238 283 294 297 299 326 341 342 354 373 375 402 425 428 433 445 462 503 505 509 571 577 588 590 604 
 34 13 18 62 64 65 78 106 132 166 170 176 203 210 225 235 289 306 323 345 413 422 442 460 468 478 481 502 507 510 521 539 565 593 601 
 30 32 35 138 220 241 245 251 306 328 360 425 440 495 496 497 501 509 514 515 529 557 596 600 604 606 621 625 651 657 658 
 35 53 71 94 121 144 177 196 204 217 224 244 253 288 315 320 344 354 379 386 389 409 419 447 482 503 507 508 516 556 569 577 625 626 630 662 
 39 21 23 37 49 55 98 108 141 158 163 169 172 210 262 284 308 310 317 323 340 352 360 366 388 421 435 465 478 481 497 511 526 562 653 656 657 659 660 666 
 44 12 27 33 38 57 80 81 87 109 112 113 115 133 144 203 212 213 225 229 248 272 273 352 380 394 407 424 437 454 457 488 492 503 513 515 517 527 531 563 613 620 640 660 661 
 41 1 14 26 28 34 73 86 99 104 120 140 152 158 189 209 213 234 240 249 299 311 341 362 375 391 444 447 484 491 497 503 513 515 539 561 586 588 618 633 641 661 
 33 4 26 72 79 80 105 120 123 130 142 159 161 163 274 293 312 337 361 367 391 413 433 435 459 468 500 501 521 530 577 623 633 645 
 41 11 30 53 55 57 72 104 113 120 140 146 170 174 180 245 249 259 325 339 374 382 401 414 424 460 467 474 476 478 485 486 497 505 564 565 582 601 605 607 610 617 
 25 13 31 33 112 125 130 160 179 193 240 294 300 307 340 368 370 438 443 444 485 511 516 518 527 582 
 31 35 49 69 82 87 116 127 147 157 180 194 217 301 302 340 344 354 361 380 385 408 421 422 514 544 552 555 557 560 597 639 
 35 27 91 139 153 167 171 177 228 243 261 262 294 319 335 338 357 366 367 375 380 420 423 427 434 438 445 484 495 531 533 538 539 575 611 615 
 31 69 80 83 99 106 127 130 230 253 280 296 319 357 385 426 427 430 448 455 459 477 482 484 520 549 551 557 616 653 658 662 
 44 3 14 32 49 53 58 63 71 91 92 98 108 112 115 150 169 186 236 258 295 356 368 397 399 416 418 423 439 456 474 487 498 511 512 554 578 582 590 604 614 639 650 660 664 
 33 2 23 50 89 112 114 120 134 156 170 212 237 265 284 300 306 326 354 378 410 433 460 474 479 560 562 572 576 595 605 635 638 652 
 49 5 10 28 45 48 57 58 66 143 148 150 158 160 174 187 200 210 239 248 279 322 339 353 369 370 382 395 397 411 413 414 419 438 452 458 462 464 484 537 540 550 553 556 570 574 642 647 655 665 
 41 27 48 52 80 88 121 123 135 147 165 168 195 206 225 228 266 288 294 360 364 365 412 476 481 499 520 528 533 536 582 587 588 595 606 607 610 611 623 640 656 665 
 42 21 34 63 68 74 115 116 118 175 182 193 238 264 267 268 295 296 299 306 346 352 369 381 427 446 469 473 481 489 513 537 567 577 584 598 617 630 632 639 643 648 658 
 44 8 29 44 53 57 59 60 78 84 111 128 140 158 162 165 179 185 201 202 226 238 355 374 403 426 427 434 438 439 447 463 490 503 520 549 554 555 562 571 594 644 647 651 654 
 38 41 52 64 79 128 159 208 209 211 237 246 258 282 291 296 304 337 343 347 353 379 412 434 436 446 480 493 509 538 542 590 614 617 638 644 657 659 663 
 38 6 18 41 42 47 62 75 98 101 146 182 212 221 229 281 286 331 333 364 374 402 408 442 513 516 521 541 552 555 567 596 606 611 617 626 630 634 647 
 38 20 44 46 59 77 115 136 155 158 171 180 247 251 269 278 284 302 303 305 341 345 353 359 399 404 427 428 440 455 460 490 508 519 574 583 608 623 662 
 45 29 34 35 37 42 71 97 104 109 120 176 180 186 191 211 220 239 240 247 269 283 295 308 314 326 416 440 442 445 456 460 462 466 473 481 512 531 554 569 575 589 600 613 634 635 
 41 20 23 32 41 42 54 55 74 91 99 103 105 113 144 161 183 210 225 245 288 312 314 315 316 325 371 379 389 392 418 435 484 533 543 555 558 589 607 616 656 660 
 47 1 3 12 14 17 49 53 66 72 114 121 132 138 160 176 216 238 243 249 261 268 337 370 385 402 411 427 441 480 528 538 549 554 557 566 581 596 603 605 606 612 614 623 638 642 643 647 
 39 5 78 83 91 105 113 118 134 153 163 176 191 224 226 248 250 254 257 296 307 342 368 391 398 420 421 424 435 455 488 527 537 555 562 567 572 576 596 620 
 50 33 49 54 73 75 85 130 140 175 183 215 222 233 237 243 271 274 280 284 299 310 327 364 371 389 392 408 420 438 494 496 519 533 543 548 554 555 559 566 575 580 589 597 602 641 652 654 658 661 662 
 42 3 26 43 59 65 70 102 153 167 175 188 203 217 220 237 249 306 321 333 339 344 376 381 389 392 393 404 406 446 453 485 488 520 521 526 527 531 542 547 630 631 660 
 36 74 124 133 148 149 171 192 194 217 231 234 248 249 256 263 352 356 375 378 390 396 421 434 445 456 470 496 513 519 522 568 580 595 607 640 653 
 37 13 16 24 41 52 100 102 106 137 145 162 179 181 187 214 220 243 268 296 316 319 326 367 369 388 399 426 459 465 473 517 549 554 569 580 603 639 
 48 2 21 98 117 138 146 147 163 196 217 257 271 280 289 294 302 307 312 322 327 336 352 367 396 414 417 440 446 452 456 460 468 470 474 486 515 534 535 541 550 567 570 605 615 618 625 629 653 
 35 21 27 30 74 79 85 97 102 103 150 203 221 243 268 284 300 307 325 326 333 343 345 444 462 463 486 538 588 596 604 606 611 654 661 663 
 29 25 27 86 116 155 210 216 222 247 256 290 359 373 375 387 388 399 405 448 517 520 521 543 568 576 588 602 625 654 
 35 20 22 33 65 92 101 119 134 143 149 152 154 188 197 206 207 247 262 274 283 337 367 381 397 401 415 454 470 472 498 568 584 607 632 638 
 36 5 8 11 19 20 89 98 116 166 184 188 204 214 220 226 228 256 269 285 307 326 356 369 372 378 458 467 553 594 610 612 613 617 635 649 662 
 38 3 5 11 17 19 51 81 90 104 160 180 202 212 217 231 236 250 263 274 287 319 330 366 386 429 433 437 444 452 475 508 529 562 584 619 630 632 664 
 30 30 65 69 71 80 91 99 108 145 152 186 234 235 245 298 331 359 376 387 417 439 483 553 564 569 631 634 642 661 664 
 39 13 19 20 26 63 79 115 118 144 145 165 175 221 244 271 294 309 327 331 352 361 362 368 373 412 453 483 506 518 538 562 567 568 572 593 603 633 653 658 
 37 1 81 90 100 103 121 136 140 152 216 243 268 274 283 285 290 329 339 363 369 370 389 401 433 469 482 483 491 492 495 508 513 556 580 624 659 662 
 32 23 68 86 120 136 137 165 166 187 200 215 255 260 274 301 316 331 338 371 374 419 453 459 501 537 549 581 586 602 604 631 638 
 50 43 54 60 73 94 116 174 212 220 224 282 286 292 307 314 315 332 334 338 344 345 353 364 368 397 406 443 446 457 465 479 499 502 511 527 540 544 545 546 553 554 562 563 569 575 579 591 593 617 626 
 38 8 29 61 88 114 133 144 154 173 185 210 240 244 246 258 273 289 308 310 320 334 365 413 423 439 443 467 477 494 537 553 559 561 566 579 594 605 651 
 34 54 63 65 122 127 128 135 147 172 193 215 217 221 261 262 283 288 343 373 405 407 441 490 493 498 504 513 527 567 592 600 614 622 625 
