 200 667
 3 3 3 3 3 3 3 3 6 6 6 6 6 6 6 6 6 8 9 9 9 9 9 9 10 12 12 12 12 12 14 15 15 15 17 18 18 18 18 18 18 18 19 21 21 21 21 21 21 21 22 24 24 24 24 24 24 24 24 27 27 27 27 27 27 27 27 27 28 30 30 30 30 31 33 33 33 33 33 33 33 34 36 36 36 36 36 36 38 39 39 39 39 39 39 40 42 42 42 42 44 45 45 45 45 45 46 48 48 48 49 51 51 52 54 54 54 55 57 57 57 59 60 60 60 60 60 60 60 61 63 63 63 63 66 66 66 66 66 66 66 66 69 69 69 69 69 69 71 72 72 72 72 72 75 75 75 75 75 78 78 78 78 78 80 81 81 81 81 81 81 82 84 84 84 84 84 86 87 87 87 87 87 87 87 89 90 90 90 90 93 93 93 93 93 93 95 96 96 96 96 96 99 99 99 99 99 102 102 102 102 102 104 105 105 107 108 108 108 108 108 109 111 111 111 111 111 111 111 113 114 114 114 114 114 114 114 114 117 117 117 117 117 117 120 120 120 120 120 123 123 123 123 123 123 123 123 126 126 126 126 126 126 126 127 129 129 129 129 129 129 129 132 132 132 132 132 132 132 133 135 135 135 135 135 135 135 136 138 138 138 138 138 138 139 141 141 141 141 141 141 141 141 143 144 144 144 144 144 144 146 147 147 147 147 147 147 147 150 150 150 150 150 151 153 153 153 153 153 153 156 156 156 156 156 156 156 156 156 157 159 159 159 159 159 159 159 161 162 162 162 164 165 165 165 167 168 168 168 168 168 168 168 168 170 171 171 171 171 171 171 173 174 174 174 174 174 174 174 175 177 177 177 177 177 179 180 180 180 180 180 180 180 182 183 183 183 183 183 183 186 186 186 186 186 186 186 186 188 189 189 189 189 189 189 192 192 192 192 192 194 195 195 195 195 195 195 195 197 198 198 198 198 199 201 201 201 201 201 204 204 204 204 204 204 206 207 207 207 207 207 208 210 210 210 210 210 211 213 213 213 213 213 213 213 215 216 216 216 216 216 217 219 219 219 219 219 219 220 222 222 222 222 224 225 225 225 225 227 228 228 228 228 228 228 231 231 231 231 231 231 231 231 231 234 234 234 234 234 234 234 234 234 236 237 237 240 240 240 240 240 242 243 243 243 243 243 243 243 246 246 246 246 246 249 249 249 249 249 249 251 252 252 252 252 252 253 255 255 255 255 255 255 256 258 258 258 258 258 258 258 259 261 261 261 261 261 261 262 264 264 264 264 264 264 264 264 266 267 267 267 267 267 270 270 270 270 270 270 273 273 273 273 273 273 273 273 276 276 276 276 276 276 276 276 276 279 279 279 279 279 279 282 282 282 282 282 282 282 282 284 285 285 285 285 285 285 285 287 288 288 288 288 288 288 288 288 289 291 291 291 291 291 292 294 294 294 294 294 294 294 297 297 297 297 297 297 299 300 300 300 300 300 300 300 300 200 
 41 6 13 19 63 69 77 103 107 119 131 135 186 187 197 235 273 309 322 335 366 367 373 377 381 401 413 429 452 477 480 542 543 550 553 558 566 594 631 633 643 652 
 45 1 9 19 27 40 109 116 120 136 137 155 187 220 225 255 256 291 295 314 316 320 324 343 360 376 402 409 416 429 435 443 449 452 459 464 471 507 527 536 541 542 563 566 663 664 
 36 31 34 43 64 72 78 84 97 102 107 113 115 133 177 179 192 250 292 297 353 375 379 398 468 480 520 531 539 540 548 557 562 611 615 639 645 
 40 14 22 35 37 43 52 77 128 134 156 169 188 192 206 276 284 309 353 396 402 450 460 463 475 500 501 515 522 526 533 535 537 548 565 608 610 619 641 644 662 
 32 9 26 38 45 71 82 114 126 136 140 155 162 178 183 208 218 219 261 313 386 405 431 450 522 541 544 573 584 593 619 621 659 
 39 1 6 12 42 49 79 100 115 141 168 175 179 207 263 286 319 334 336 354 359 364 368 436 440 448 461 476 484 493 498 501 510 541 564 582 584 614 624 639 
 48 10 19 29 52 66 93 117 144 158 170 192 205 213 222 231 233 234 269 275 286 329 337 345 357 358 373 386 394 397 407 431 438 439 440 447 453 485 486 509 546 563 609 616 617 618 623 636 648 
 31 3 8 32 33 66 159 165 167 171 217 221 229 230 258 259 277 294 298 308 311 347 376 401 419 421 471 474 480 566 596 643 
 37 36 39 60 102 114 117 130 171 172 179 193 195 203 216 224 242 245 247 253 283 340 341 358 361 365 376 382 408 443 457 482 490 533 536 600 638 661 
 38 29 43 77 89 115 136 137 142 165 189 193 196 245 252 272 283 296 311 315 325 327 333 366 374 377 394 424 519 527 531 535 558 566 584 598 607 626 665 
 41 23 34 43 55 62 78 89 92 121 139 150 214 216 239 248 258 261 272 290 340 341 394 397 418 428 442 464 474 484 491 496 542 556 566 616 617 636 642 643 645 647 
 49 9 28 48 63 67 72 83 90 104 115 124 147 149 161 169 185 198 205 279 281 294 310 318 325 338 343 362 417 437 440 464 468 470 473 490 502 541 547 551 566 569 578 581 582 599 609 610 648 652 
 42 6 10 31 99 105 117 123 126 131 148 150 160 162 201 216 255 261 265 271 311 330 395 403 411 418 420 424 425 434 451 452 479 522 530 564 594 598 599 610 618 632 654 
 42 1 15 22 91 103 108 111 116 117 126 187 213 221 251 280 296 311 327 366 374 381 404 420 429 435 442 454 461 466 467 508 559 562 566 572 581 590 601 613 631 642 654 
 37 10 12 35 44 53 61 64 70 94 119 126 127 149 155 178 182 191 235 241 247 259 336 356 358 390 403 426 450 456 496 515 532 541 554 592 640 663 
 30 5 14 40 43 63 75 90 109 112 113 144 145 149 163 232 251 411 431 435 442 466 511 525 530 539 560 585 613 623 653 
 46 1 18 21 64 66 132 138 140 150 162 168 190 230 239 253 258 273 295 319 328 333 361 383 402 422 423 435 442 446 466 467 468 480 487 493 497 526 542 567 570 574 614 639 644 649 652 
 35 4 9 32 37 109 111 138 145 152 175 191 199 204 239 275 287 348 358 433 474 519 523 555 562 575 579 606 621 630 642 645 649 654 657 661 
 32 10 39 41 44 95 104 161 162 166 171 252 289 297 335 422 437 463 484 499 508 518 519 558 563 572 579 588 599 638 645 646 650 
 33 1 22 41 51 62 108 115 121 163 166 176 179 208 233 324 328 349 381 399 401 425 434 441 481 482 517 550 590 604 613 631 635 654 
 35 41 46 75 87 98 131 154 158 172 208 218 271 276 316 320 327 332 337 388 395 396 399 415 425 454 469 485 491 524 536 544 614 618 640 642 
 38 15 45 51 56 57 62 121 143 144 150 178 250 259 284 305 328 331 333 372 416 418 425 430 450 454 465 469 501 536 559 563 573 578 590 617 636 642 658 
 42 35 38 44 45 47 98 115 119 150 213 236 245 250 259 267 289 312 371 375 383 409 434 466 468 477 478 484 486 488 505 508 554 581 582 593 595 604 622 624 636 641 653 
 38 16 29 74 78 112 125 127 160 192 226 240 246 269 305 306 308 310 321 330 331 346 392 397 416 446 453 466 470 471 484 513 540 554 555 568 585 622 656 
 44 44 51 69 75 86 99 103 123 126 160 173 200 244 256 260 289 304 306 337 375 388 407 429 447 450 454 464 471 486 487 494 497 501 519 555 570 585 589 603 620 621 622 664 667 
 39 53 107 115 118 119 134 135 142 150 160 170 180 228 229 243 276 292 297 306 312 313 314 315 341 374 384 404 427 438 450 469 488 502 569 585 592 594 599 646 
 44 13 14 26 31 36 37 45 87 101 128 132 135 136 156 198 215 218 233 234 238 253 268 297 299 309 342 386 402 415 429 476 485 486 498 513 521 543 581 586 602 608 640 643 648 
 37 26 29 36 46 52 90 112 124 131 160 163 240 243 276 304 312 314 356 375 383 387 406 434 440 453 481 494 521 541 557 564 573 574 584 594 610 664 
 25 12 13 40 94 181 192 276 277 337 379 402 412 425 441 455 467 534 535 536 540 541 560 583 593 629 
 38 26 39 57 77 90 112 135 141 149 155 181 191 193 206 265 286 306 309 313 331 342 359 372 395 404 418 432 441 466 492 510 519 520 526 548 623 640 644 
 35 8 14 40 45 58 62 78 94 102 122 181 206 218 223 225 280 291 295 296 314 324 331 344 359 362 402 456 508 520 525 538 555 574 582 590 
 35 48 92 132 135 138 145 157 165 171 177 187 214 215 239 249 266 272 288 305 307 333 345 361 370 373 395 428 468 485 514 571 579 616 642 646 
 35 36 45 54 71 82 90 154 155 186 228 258 259 265 331 352 373 377 380 401 403 409 446 448 517 520 542 563 565 569 584 600 623 639 648 654 
 35 1 55 98 105 111 126 158 191 198 231 313 325 372 387 398 400 411 430 440 459 483 485 486 489 506 507 524 555 562 594 596 600 658 659 663 
 41 12 21 32 37 60 84 91 97 99 123 138 155 160 166 182 186 193 197 210 222 231 250 274 289 299 338 348 372 386 390 421 426 453 459 492 506 518 533 555 571 652 
 33 12 45 85 116 128 143 166 223 255 261 266 271 281 294 305 366 368 378 388 414 489 492 505 543 544 569 573 578 591 592 601 603 618 
 41 9 60 61 84 97 143 183 193 195 214 217 225 237 251 254 267 277 280 281 304 309 333 451 458 507 509 510 530 539 559 564 571 573 574 577 583 608 612 625 634 647 
 46 20 25 29 33 56 57 63 66 92 109 117 153 167 177 206 231 233 234 241 258 271 297 333 334 365 382 409 422 429 434 436 454 455 462 474 481 492 519 523 537 542 550 578 609 636 660 
 32 23 26 70 126 133 134 161 174 180 223 238 239 291 305 312 328 342 345 350 359 401 417 438 468 472 522 537 550 576 586 594 629 
 37 7 10 52 60 87 167 178 179 188 190 208 216 227 235 246 305 326 335 354 370 416 422 424 438 454 455 471 510 543 544 573 607 610 622 630 636 652 
 42 2 29 37 55 61 66 113 122 146 153 154 157 175 183 218 234 263 267 279 284 287 326 348 357 359 360 469 472 477 489 506 510 536 542 574 575 591 621 632 649 652 667 
 42 3 14 48 60 76 99 103 135 136 178 179 181 183 203 226 269 282 296 334 340 362 372 384 396 436 447 460 461 490 491 492 515 519 543 556 575 577 614 628 651 656 660 
 50 21 27 47 54 79 96 114 120 130 140 142 155 164 194 196 217 230 243 245 252 258 273 275 283 308 344 360 367 431 432 459 461 480 493 500 506 523 562 570 582 583 595 616 619 631 639 641 646 655 657 
 41 26 37 71 75 131 135 161 178 198 200 203 217 226 235 252 260 265 301 313 319 358 359 370 373 376 402 408 426 470 476 480 505 512 524 532 553 586 605 623 632 653 
 40 1 11 21 71 77 124 157 170 183 191 203 209 239 259 266 308 334 345 351 357 367 410 418 429 453 471 473 509 513 521 522 535 538 556 576 595 610 613 646 653 
 30 9 35 39 52 55 92 96 124 178 241 249 265 274 276 332 380 381 394 400 422 432 436 441 472 526 535 626 634 638 652 
 43 18 35 68 75 77 98 102 103 116 127 130 177 186 191 208 211 231 255 266 322 329 331 348 356 385 390 397 399 401 410 412 434 441 487 531 539 560 569 584 592 598 605 645 
 35 20 25 26 42 86 117 120 154 188 195 205 210 236 246 247 261 262 273 274 297 342 396 417 420 454 518 561 563 571 587 591 607 632 633 647 
 48 1 35 36 85 140 155 169 186 220 225 230 248 267 268 275 277 288 294 298 299 302 305 331 336 354 373 376 385 401 406 411 425 429 439 444 446 454 470 485 571 576 593 600 602 618 629 640 644 
 28 40 125 140 152 167 179 202 213 219 221 258 270 282 318 343 350 356 359 382 473 479 482 522 534 551 555 567 640 
 47 27 46 84 98 110 115 137 173 180 223 224 234 244 254 271 279 280 285 287 297 329 334 353 355 364 375 376 432 442 448 460 481 483 492 503 512 519 524 552 567 575 584 588 607 629 645 647 
 38 47 52 76 168 179 223 273 317 344 350 352 354 381 397 417 428 430 431 442 457 474 481 485 488 507 509 515 526 534 547 549 551 564 570 587 599 613 652 
 40 27 45 46 52 58 69 75 106 118 120 127 132 149 150 151 167 182 194 216 247 251 268 281 320 360 376 404 437 446 509 533 543 557 563 580 595 602 604 635 648 
 52 3 10 34 35 43 76 80 92 101 109 121 123 124 127 144 152 156 161 171 177 197 204 207 210 241 246 282 299 300 306 335 343 357 365 391 396 419 425 473 474 497 499 500 513 527 553 590 598 622 625 649 651 
 48 2 22 56 86 108 125 173 209 219 281 297 306 312 319 321 322 373 378 383 390 400 401 410 411 457 463 478 490 494 496 499 502 503 504 514 517 556 557 569 574 579 582 585 611 628 651 662 664 
 38 19 20 24 26 32 50 67 73 88 104 115 122 181 199 219 297 324 339 343 356 360 382 405 427 447 452 453 484 496 512 530 533 608 617 633 650 653 667 
 43 44 89 114 122 128 132 164 211 222 244 251 258 259 262 309 323 352 357 377 394 415 419 428 434 448 459 486 496 500 525 531 532 536 553 558 575 584 590 601 615 617 650 654 
 25 10 11 20 28 90 137 144 160 182 184 209 216 219 242 282 296 457 489 548 579 589 603 647 650 665 
 43 9 59 74 104 143 144 151 203 204 208 215 219 221 231 237 270 274 277 280 289 307 317 321 325 346 353 369 372 386 429 438 459 505 551 561 565 568 571 591 610 633 647 653 
 40 56 63 83 92 165 198 200 206 227 232 234 237 241 247 258 264 268 278 306 317 325 332 338 342 356 365 367 392 411 417 421 427 430 461 467 509 552 602 658 662 
 44 1 44 63 64 70 88 96 115 129 139 143 144 147 174 181 195 199 247 294 305 319 345 354 398 400 407 409 422 447 450 495 498 508 522 544 546 563 571 572 607 617 626 646 648 
 37 36 52 53 99 103 116 117 136 155 160 166 172 174 176 187 208 227 245 246 254 266 307 311 322 337 356 388 390 467 505 522 562 578 583 598 611 656 
 31 2 25 27 38 61 157 197 208 232 245 254 258 301 317 332 352 355 367 375 429 473 489 504 535 537 560 564 579 608 630 664 
 44 2 11 18 31 44 45 62 63 65 166 167 187 200 213 228 251 252 287 289 303 307 315 349 368 376 380 384 402 410 412 422 469 480 493 518 527 529 532 537 543 547 591 592 613 
 37 18 22 26 31 79 127 128 138 148 194 199 208 239 247 253 257 262 269 293 304 316 342 355 375 389 414 490 534 565 568 580 584 603 634 643 645 653 
 30 9 22 66 137 158 160 174 180 186 228 230 233 258 322 331 334 338 352 365 374 382 400 416 424 460 530 572 608 638 656 
 30 5 35 50 62 69 94 114 144 145 151 184 237 246 256 259 260 270 284 314 315 320 321 324 339 349 426 460 480 496 573 
 31 13 27 44 76 91 127 135 164 178 217 291 313 314 315 319 381 467 485 491 494 505 557 575 584 587 601 619 630 641 645 658 
 32 1 33 51 56 73 115 147 178 181 230 240 284 300 332 353 369 386 416 459 479 497 505 507 523 546 550 580 610 616 631 646 653 
 32 21 47 51 70 89 94 115 144 188 195 199 201 222 233 289 413 414 418 439 444 449 489 493 511 517 543 549 556 566 586 613 628 
 37 3 16 84 90 125 141 151 171 193 209 211 220 224 240 272 273 274 302 304 313 315 319 324 346 389 403 405 435 462 484 495 543 558 570 590 629 637 
 39 42 44 65 77 83 101 108 123 136 156 173 176 184 191 196 209 227 291 296 302 360 381 383 387 395 414 422 430 472 485 508 524 548 563 564 578 584 630 659 
 46 3 15 41 71 77 98 106 108 112 140 141 145 165 204 223 232 235 246 258 306 319 358 365 382 385 387 388 407 416 418 433 449 461 503 505 554 556 558 600 613 614 620 641 645 653 663 
 34 30 35 45 58 115 135 143 172 198 214 222 231 239 274 304 306 324 334 338 340 357 376 411 419 432 437 443 484 528 604 639 644 647 652 
 47 63 87 94 98 112 127 139 143 150 166 199 221 239 245 261 263 273 286 326 334 341 353 369 377 384 385 395 404 426 431 436 442 452 455 471 472 491 540 557 571 584 586 598 600 630 642 652 
 30 24 36 70 99 108 116 119 132 133 179 200 221 223 245 266 346 358 395 401 409 412 440 497 518 532 552 613 631 657 665 
 39 11 23 26 28 47 55 69 79 104 137 147 151 183 190 205 207 235 258 266 268 272 287 328 331 349 356 363 417 447 459 492 528 594 601 607 614 623 648 658 
 47 5 32 38 54 70 76 93 173 182 224 232 240 258 267 273 283 289 295 297 301 305 311 326 336 356 366 370 392 397 412 419 441 466 473 490 502 511 517 523 528 549 552 556 574 624 652 656 
 49 2 12 16 17 25 30 57 81 102 132 173 191 192 199 203 213 236 242 249 266 281 282 298 304 310 314 362 378 380 411 417 420 422 423 438 454 484 497 509 519 528 532 539 541 578 609 617 623 626 
 44 1 5 20 30 35 62 89 92 97 103 113 128 137 142 168 196 201 209 210 234 247 253 263 300 361 366 367 374 383 409 410 456 457 467 482 499 530 565 582 585 599 607 621 653 
 39 35 50 70 79 93 123 137 139 153 165 172 204 213 231 260 296 312 344 366 375 391 393 395 402 414 465 509 510 512 555 567 573 578 580 583 592 618 632 638 
 46 1 26 37 48 53 57 60 76 79 82 93 178 179 180 201 245 319 321 334 358 366 373 388 428 455 474 481 484 485 490 506 508 514 515 520 530 543 563 579 601 620 633 643 645 662 666 
 38 4 10 11 17 52 61 80 91 101 111 165 171 191 231 250 251 258 265 299 331 332 358 380 401 424 435 462 466 468 477 495 501 511 530 532 578 614 658 
 39 2 5 54 55 75 92 94 97 161 165 177 223 231 239 260 266 268 274 354 355 378 404 413 420 471 480 487 494 525 530 582 586 591 605 607 615 632 659 660 
 36 27 32 40 49 51 105 106 107 130 135 181 188 203 213 230 311 388 409 416 447 493 496 524 525 530 535 565 613 614 616 621 641 643 645 652 654 
 38 51 73 76 81 124 125 151 155 160 170 201 208 239 245 281 291 295 299 379 381 385 405 455 462 509 530 549 557 558 559 560 570 599 607 622 625 647 666 
 46 9 28 32 38 45 52 71 76 101 102 113 132 145 165 167 217 223 232 245 247 248 261 267 292 299 331 351 360 378 382 403 425 434 475 503 506 514 535 545 570 599 602 619 630 648 663 
 43 14 39 44 51 53 55 59 69 77 78 83 90 93 113 136 143 144 157 161 200 245 268 288 296 307 338 339 357 367 373 405 416 422 490 497 510 521 531 536 549 599 613 654 
 44 22 24 31 50 54 60 91 101 116 117 123 133 160 180 183 186 192 195 204 212 227 237 254 260 271 274 281 290 311 318 322 325 541 554 558 578 580 584 603 608 614 616 648 661 
 32 21 57 89 105 108 155 160 182 224 240 242 247 249 258 301 303 313 314 386 409 429 434 441 487 517 542 581 596 627 628 645 649 
 38 11 31 42 44 53 67 72 103 114 118 139 146 150 169 216 224 235 236 285 290 330 342 359 410 427 437 441 447 453 459 461 481 559 602 615 623 635 640 
 35 21 31 48 60 75 81 90 102 112 182 213 232 252 264 325 326 353 373 376 406 409 410 412 422 423 433 463 482 485 525 555 557 564 607 624 
 46 2 9 10 16 26 52 64 74 92 108 122 135 137 142 145 155 166 224 240 243 255 306 341 342 351 359 361 375 403 443 448 452 458 481 484 499 538 545 576 590 595 599 616 618 621 630 
 38 20 34 39 45 52 58 80 93 136 146 162 165 174 191 207 210 218 230 266 284 300 312 328 365 383 397 401 438 466 472 483 484 496 505 508 511 541 569 
 48 19 55 56 60 84 98 107 144 173 176 179 184 218 222 227 255 272 300 329 347 349 351 365 401 423 424 440 455 459 476 482 489 496 507 558 559 572 578 585 592 599 600 614 625 635 652 654 665 
 41 9 26 32 49 133 138 143 147 153 157 168 175 192 201 207 266 283 314 333 336 341 344 356 366 370 394 407 413 435 505 509 529 560 563 587 611 614 624 633 638 647 
 41 10 66 90 101 153 174 197 205 214 218 222 242 246 250 252 258 270 278 312 320 366 387 421 462 475 488 494 506 535 538 548 550 576 583 602 622 624 637 654 656 660 
 37 32 88 107 112 132 153 185 200 203 220 234 258 273 285 313 386 410 421 423 446 451 467 472 479 488 493 507 510 513 520 561 570 582 608 623 653 661 
 49 1 35 37 40 49 76 120 166 177 178 183 187 197 199 205 217 221 223 256 281 292 298 300 319 333 352 374 377 417 418 421 467 475 497 499 505 522 531 543 544 546 579 592 598 602 613 634 640 647 
 38 19 31 53 97 118 180 193 203 211 237 259 260 274 282 291 294 298 299 331 335 336 366 372 377 386 449 460 488 498 518 522 538 554 564 603 618 642 658 
 38 19 29 49 64 73 78 80 97 102 112 145 167 217 223 224 226 250 269 283 296 320 325 332 374 383 391 401 459 466 489 491 496 507 515 544 565 613 626 
 50 1 31 107 130 131 151 174 178 183 193 205 206 224 235 239 251 259 273 298 312 319 321 325 333 372 399 416 425 430 433 449 452 453 466 470 480 524 530 535 542 548 557 559 562 601 620 634 639 653 664 
 39 24 36 78 87 131 143 144 151 172 223 255 281 293 319 341 373 396 397 401 409 413 441 455 468 506 520 538 552 555 557 570 581 582 584 588 590 593 594 617 
 37 54 83 118 126 138 140 149 156 204 213 240 242 259 291 304 305 311 334 337 352 387 401 423 437 456 474 536 542 579 608 621 622 623 645 659 663 664 
 32 11 15 18 32 48 99 101 124 136 159 163 167 178 185 210 260 262 299 312 316 327 366 374 422 453 462 517 520 522 528 653 655 
 46 1 7 35 61 90 104 106 117 125 138 144 178 184 185 188 195 208 246 261 335 345 358 387 414 416 421 426 440 445 469 488 554 572 581 599 609 627 631 632 640 650 653 655 657 658 665 
 36 13 18 36 37 46 53 56 65 72 75 81 86 126 149 153 164 187 190 210 226 258 260 283 289 290 363 368 373 440 497 511 537 596 632 637 651 
 51 4 6 17 25 28 34 64 97 108 112 122 160 167 168 175 181 208 211 219 250 254 267 273 293 311 319 321 334 373 374 403 406 432 436 447 454 461 466 469 474 475 487 489 495 501 517 570 571 572 578 591 
 41 13 53 101 115 123 152 161 173 174 192 210 214 216 219 220 259 277 283 284 325 326 340 386 423 430 449 459 510 521 527 537 542 549 556 566 569 589 604 615 633 661 
 35 18 22 25 36 79 93 115 116 135 157 230 238 282 291 292 325 327 332 347 350 361 365 368 394 478 483 510 518 537 560 576 589 611 614 665 
 39 10 14 44 64 70 71 72 80 95 108 127 139 153 161 163 164 170 172 187 218 221 222 233 246 295 305 308 353 410 459 461 475 487 490 494 512 516 581 629 
 33 3 48 114 149 192 198 223 248 263 289 304 326 328 337 348 369 378 381 386 395 411 413 433 486 514 516 538 550 577 605 622 635 653 
 39 14 23 107 111 112 116 126 128 138 159 160 175 180 193 204 228 231 252 302 312 352 369 376 385 394 409 410 441 444 474 480 518 523 572 608 641 644 652 665 
 35 4 9 37 67 136 137 169 189 197 208 224 225 240 277 290 298 306 311 320 323 332 343 381 422 423 439 481 487 543 567 574 606 630 644 655 
 26 13 83 105 123 136 145 166 183 186 195 205 235 240 246 264 309 313 331 333 407 486 494 572 615 629 655 
 45 1 3 9 10 36 38 52 68 74 88 93 99 114 116 150 165 166 176 188 217 233 239 262 265 269 281 311 326 331 336 366 374 382 383 416 421 500 506 514 547 555 563 572 646 658 
 36 15 36 40 95 136 142 145 150 179 198 215 216 245 250 312 313 316 350 364 368 371 386 419 430 444 452 470 486 508 509 512 530 548 614 616 618 
 36 2 7 18 52 76 89 91 111 149 161 194 220 222 229 232 234 247 254 268 293 315 331 332 357 367 382 409 466 490 541 559 589 593 617 660 661 
 34 17 27 39 59 73 74 76 89 91 118 160 166 172 268 270 282 298 299 301 302 303 320 382 427 437 479 525 530 535 538 577 585 644 661 
 40 9 15 19 45 47 61 96 125 145 152 173 174 180 191 225 262 287 290 306 312 323 334 356 360 381 403 404 448 473 516 527 548 550 566 572 583 595 598 615 646 
 41 4 33 43 46 47 61 77 105 110 111 123 129 155 161 165 173 199 206 225 229 251 256 260 266 273 290 362 369 387 402 418 445 451 479 514 517 520 531 621 627 652 
 47 3 10 27 28 43 51 60 101 111 144 150 175 191 203 263 271 276 301 305 311 366 374 380 402 446 454 460 469 516 517 518 547 553 556 570 573 577 584 593 594 607 629 634 635 637 646 662 
 39 23 41 60 70 82 118 157 191 198 203 224 230 239 241 245 265 296 324 356 377 399 406 452 453 469 476 489 517 563 570 585 600 609 619 624 632 633 652 663 
 43 2 44 62 64 81 89 122 157 174 180 182 190 199 217 248 250 268 274 276 307 314 345 352 380 404 412 417 436 456 457 458 467 490 544 574 588 599 615 624 628 639 641 654 
 49 9 27 49 58 60 65 67 77 83 96 101 115 118 120 130 131 161 178 188 191 194 204 225 231 238 263 283 291 294 296 310 321 352 371 383 398 402 473 485 490 545 561 562 567 571 590 592 599 600 
 39 1 5 19 30 31 53 55 75 97 108 114 143 166 179 206 227 238 250 261 269 274 301 305 310 413 416 456 500 505 524 532 555 566 587 591 640 641 648 666 
 42 20 38 60 67 90 100 116 125 133 145 152 164 184 189 205 208 213 224 235 240 241 247 268 289 311 312 348 351 367 379 411 442 445 458 467 478 480 485 551 616 657 659 
 35 32 38 44 70 77 80 136 138 140 163 220 243 261 275 276 291 363 385 386 396 412 436 439 455 459 478 542 543 551 557 572 586 587 608 613 
 40 13 19 35 65 75 81 160 161 174 196 232 240 250 290 299 337 389 395 401 410 416 429 435 457 476 482 484 487 535 542 581 584 590 603 614 634 646 647 655 659 
 45 3 27 41 48 61 71 79 87 98 130 141 146 191 216 230 233 245 254 261 278 292 296 313 317 346 374 384 388 389 448 466 488 491 496 505 508 541 547 565 594 629 640 644 646 655 
 31 35 59 65 84 103 136 296 322 367 370 390 449 454 481 483 491 497 506 535 563 569 576 584 590 594 609 617 627 639 659 662 
 45 11 27 37 38 46 63 108 123 158 160 183 189 212 239 241 253 259 281 292 306 320 328 335 352 353 357 369 396 398 402 458 468 469 480 498 515 537 544 549 562 576 584 593 602 630 
 37 31 54 75 100 110 147 166 180 202 215 224 242 247 274 297 307 320 339 404 414 435 445 451 468 506 514 531 536 542 545 563 573 584 591 598 601 650 
 47 11 98 119 122 135 138 162 163 193 200 203 208 218 239 258 268 281 288 289 313 316 319 322 339 353 357 361 362 365 369 370 383 388 401 440 463 467 479 481 489 539 541 578 609 623 649 652 
 44 9 21 23 60 72 99 115 135 137 156 183 188 194 232 233 253 273 283 306 327 338 343 344 349 370 387 424 443 449 473 477 489 491 494 509 518 523 533 550 555 579 614 618 625 
 32 2 19 24 68 76 137 176 181 187 191 209 244 293 311 335 360 379 382 388 404 421 440 469 505 510 524 547 558 578 601 616 630 
 39 26 47 63 71 79 89 100 176 192 206 235 236 250 282 291 325 331 358 361 384 397 413 415 420 468 480 491 500 511 518 523 533 544 565 580 591 609 629 645 
 33 3 26 54 83 84 103 122 181 187 194 195 208 217 231 241 262 289 305 313 359 402 408 415 431 472 475 576 583 598 652 656 660 665 
 38 4 19 37 47 85 110 155 156 192 204 223 236 259 274 293 299 315 323 332 333 367 395 442 448 476 479 481 501 517 556 564 585 605 621 639 640 655 656 
 30 33 64 65 95 112 156 169 184 191 198 258 360 386 396 416 422 435 437 477 480 499 548 582 587 598 600 629 630 657 666 
 34 19 34 37 77 89 99 102 110 121 182 209 236 257 274 296 301 323 366 372 405 426 446 453 458 464 485 490 496 523 575 593 625 630 646 
 32 22 26 44 75 78 122 129 137 139 161 168 179 208 222 282 301 304 343 357 361 376 418 493 504 530 549 570 598 605 613 622 645 
 42 1 10 12 21 55 82 83 101 122 135 197 205 250 251 269 314 319 331 371 372 381 394 401 405 424 431 433 435 446 448 451 498 503 508 532 549 552 607 615 640 658 660 
 40 8 44 61 85 105 122 123 161 214 220 246 248 273 280 320 328 332 348 349 353 358 359 365 401 435 444 450 466 467 473 506 522 545 550 552 592 605 631 649 663 
 41 28 33 36 41 61 72 76 90 140 167 217 224 248 268 281 294 300 331 332 347 352 367 368 383 384 385 429 432 440 453 482 486 511 512 513 519 541 544 549 606 621 
 38 22 28 65 69 74 76 85 97 102 135 151 157 165 179 192 203 204 212 231 232 245 255 270 276 320 324 385 437 463 470 523 524 525 556 573 584 601 605 
 42 23 39 55 68 75 85 90 93 140 148 175 185 197 200 204 226 238 267 270 275 279 281 295 306 331 346 350 374 391 403 443 444 482 492 531 558 560 580 602 608 622 635 
 33 20 33 57 84 86 88 103 108 124 138 197 203 214 252 271 304 324 331 358 389 401 417 428 453 484 505 522 525 532 596 614 615 653 
 40 8 29 42 43 64 108 122 143 155 174 187 203 217 225 242 246 248 249 267 270 330 333 389 390 432 491 517 518 526 531 554 555 568 570 597 601 621 638 658 661 
 47 15 53 66 77 80 116 122 145 149 186 191 194 217 233 239 261 269 278 308 315 320 341 342 349 365 366 375 403 410 411 419 435 443 445 475 507 523 543 565 568 578 585 586 593 598 631 660 
 36 13 46 69 92 103 109 116 123 136 139 163 193 214 231 236 248 253 269 275 278 288 319 341 386 435 458 460 496 531 532 563 566 572 593 595 660 
 34 3 36 44 105 116 162 168 175 184 202 222 253 284 300 308 309 313 329 374 429 439 440 460 505 508 516 523 546 579 626 632 639 646 658 
 48 12 43 46 69 73 75 80 81 83 104 131 137 138 149 179 213 215 257 264 279 295 296 325 366 379 407 421 435 444 449 459 469 475 519 530 536 537 548 549 554 585 590 591 598 626 636 645 657 
 50 24 27 46 53 54 102 125 137 146 165 166 213 251 259 277 278 305 336 344 346 357 368 376 381 394 398 405 414 424 436 455 470 483 486 489 492 498 538 549 558 563 575 584 598 600 623 633 647 652 662 
 43 11 13 18 43 61 124 138 139 146 147 148 158 209 226 245 259 280 282 285 292 300 303 304 321 341 366 376 408 441 443 455 485 499 518 519 568 569 574 590 607 622 638 643 
 41 1 16 20 29 47 75 84 106 119 125 145 162 169 170 174 192 210 214 267 332 357 359 409 421 424 430 442 452 453 456 484 487 514 535 541 545 548 567 584 590 609 
 42 18 21 37 43 59 62 73 91 96 115 120 129 143 155 173 202 223 234 241 279 297 299 311 317 321 327 360 387 405 424 460 463 497 540 547 562 570 590 598 600 645 659 
 43 10 11 26 41 67 75 80 85 102 111 123 133 155 173 258 267 277 288 297 304 312 341 348 378 384 393 399 423 432 448 467 497 501 505 506 556 564 588 615 623 639 656 659 
 32 12 60 74 91 95 100 105 143 178 182 193 225 237 252 264 275 285 288 300 305 312 341 377 403 435 470 507 508 580 607 625 646 
 37 10 48 57 65 90 104 113 119 120 151 153 156 167 168 188 203 262 281 290 297 311 367 375 416 436 458 465 490 507 511 535 557 580 586 640 646 660 
 30 4 72 79 82 100 102 111 117 169 173 180 187 214 217 230 239 327 332 333 363 380 410 431 568 569 574 580 588 592 612 
 34 1 16 46 51 52 56 73 90 98 104 143 146 201 211 266 290 297 349 355 403 412 413 430 466 496 515 530 551 557 565 570 579 595 647 
 44 61 65 91 97 102 110 113 150 177 213 218 232 245 250 266 275 282 293 305 314 321 369 372 394 395 411 455 480 498 507 510 524 531 556 565 569 579 590 592 593 603 604 613 661 
 41 9 25 28 38 42 45 69 91 124 127 173 180 203 209 212 267 275 290 324 342 345 351 368 382 390 397 398 404 409 440 462 470 502 526 531 541 575 586 598 633 659 
 38 6 19 42 61 64 83 109 133 166 170 181 187 197 203 240 246 266 273 285 298 352 356 391 410 448 459 468 492 506 507 520 532 554 571 598 650 658 665 
 43 19 70 97 98 106 109 128 149 152 156 160 161 171 180 187 188 215 216 223 226 254 258 260 263 270 295 311 316 404 405 406 444 453 474 508 515 537 549 607 613 626 643 646 
 49 12 43 52 60 65 76 94 103 135 139 147 168 186 187 190 209 216 225 226 232 267 292 336 340 344 357 358 373 384 402 422 441 448 470 474 476 511 517 542 543 570 577 584 590 592 629 632 639 653 
 43 9 11 39 57 63 77 107 141 180 213 229 234 242 268 273 290 312 324 344 345 383 391 394 408 419 430 432 438 509 524 530 533 542 561 571 578 590 596 617 630 631 653 664 
 37 17 27 34 39 52 53 60 76 83 90 116 129 156 158 186 200 213 226 228 251 265 282 292 320 331 360 382 395 441 446 475 478 555 559 619 648 651 
 34 11 12 17 33 37 68 108 132 144 201 205 218 264 266 283 327 333 350 359 365 387 393 412 454 488 498 602 612 615 624 634 635 647 652 
 45 9 20 49 79 96 114 146 160 173 178 209 216 225 226 230 269 278 293 296 307 313 320 363 365 372 373 402 409 430 443 468 489 498 512 523 530 532 534 536 549 555 565 574 590 638 
 30 23 48 93 114 122 130 139 191 276 293 319 331 337 362 389 403 417 431 436 455 518 527 531 551 567 570 585 613 625 634 
 38 60 62 65 70 86 89 97 107 112 113 129 134 167 197 239 250 268 271 280 289 305 314 327 348 354 401 407 414 453 460 468 500 510 517 545 552 563 642 
 50 4 13 34 53 54 67 75 83 90 109 131 156 162 167 168 181 212 216 260 275 290 295 298 305 323 330 350 358 365 425 436 440 445 446 458 482 497 505 521 542 555 563 564 580 581 602 618 625 631 660 
 38 18 39 60 85 89 110 135 143 175 188 189 194 199 201 249 258 266 270 281 315 325 332 335 361 389 412 430 431 497 515 541 543 550 571 591 630 658 659 
 37 2 31 62 68 101 103 108 118 169 220 223 231 232 253 257 289 302 305 322 325 332 342 351 354 365 384 467 479 482 496 499 515 535 553 604 617 627 
 27 14 32 42 44 51 78 172 265 310 333 340 356 359 368 396 406 451 467 491 495 502 545 559 579 613 629 631 
 44 18 54 69 71 75 78 87 102 117 123 143 155 160 181 189 198 208 234 267 278 297 298 358 359 367 404 409 410 417 423 427 464 467 469 481 506 533 548 578 600 607 609 627 650 
 27 1 5 62 96 97 150 169 193 217 260 290 319 375 377 397 402 422 443 491 496 536 538 546 564 621 626 645 
 42 14 25 26 88 105 122 131 141 146 192 216 224 242 259 296 304 307 313 315 334 339 340 349 364 380 423 427 429 473 499 569 570 571 590 591 592 598 606 608 622 650 658 
 37 6 9 10 32 86 87 107 156 182 222 239 246 283 292 308 343 353 357 371 378 389 401 407 410 415 450 470 473 505 518 550 562 567 612 624 632 659 
 35 15 24 53 102 124 143 181 208 211 223 233 235 316 348 356 362 381 386 408 444 453 462 465 475 485 525 530 549 553 564 565 585 587 591 661 
 38 21 25 26 30 38 58 76 110 119 138 151 154 161 169 204 231 243 318 335 366 423 431 437 477 497 506 535 548 551 568 591 603 607 613 621 631 633 639 
 32 21 56 70 82 83 91 104 159 169 191 204 214 236 247 251 269 312 326 357 365 374 375 389 411 451 480 484 501 523 581 608 655 
 40 15 22 61 74 104 109 117 168 191 216 260 267 282 308 320 321 322 343 372 386 412 427 430 437 454 463 502 506 537 561 573 580 585 587 589 607 610 637 662 664 
 28 5 18 38 60 160 203 207 208 212 225 239 247 251 256 274 276 288 334 374 381 387 399 440 461 478 608 628 656 
 46 6 7 38 44 59 74 77 79 82 91 106 120 124 128 137 151 161 162 179 186 243 278 280 298 304 384 389 390 408 436 446 487 499 502 507 514 516 517 529 546 548 577 579 600 649 652 
 45 5 26 28 44 76 91 92 115 124 162 172 210 216 247 265 281 305 312 321 329 340 361 372 386 387 396 410 419 423 442 445 467 473 490 498 510 524 531 540 552 569 579 583 640 641 
 36 60 67 74 93 95 104 126 132 135 143 179 244 250 270 280 284 296 299 300 325 357 363 381 392 426 430 438 458 481 486 490 498 551 572 622 638 
 43 4 36 46 52 82 84 109 118 123 131 186 210 214 218 230 232 236 237 246 248 250 281 286 292 295 319 335 350 384 394 403 427 467 492 505 516 550 556 564 620 641 647 662 
 46 8 12 23 32 46 66 72 89 106 126 152 160 189 222 259 262 275 282 296 301 307 321 335 342 378 380 382 400 411 442 454 455 468 473 526 562 567 572 573 592 605 641 649 654 655 661 
 45 3 47 48 85 101 125 152 158 173 194 196 203 217 236 237 252 258 280 291 340 342 343 344 354 373 391 394 404 421 425 433 446 447 460 476 485 500 522 532 535 588 597 613 653 656 
 33 1 6 51 81 125 148 156 157 189 197 200 209 241 243 245 260 273 341 343 375 424 426 509 517 529 546 548 581 612 659 660 661 666 
 35 13 20 31 49 55 84 92 141 159 165 187 215 219 243 246 260 290 300 318 325 386 387 417 421 454 493 515 548 561 586 591 618 642 654 655 
 53 6 36 46 47 83 91 94 96 114 123 124 125 130 134 141 143 155 170 188 189 209 246 255 298 302 341 344 352 377 381 398 416 437 438 452 459 467 477 496 507 510 514 517 541 547 557 568 585 604 619 624 652 655 
 48 1 7 36 41 58 63 75 78 80 115 146 152 159 175 179 182 190 192 194 251 262 277 288 304 321 331 336 341 357 392 398 413 430 431 461 466 491 496 563 566 597 611 614 615 639 654 658 659 
 52 20 25 28 39 71 106 109 112 131 135 170 208 219 227 253 256 286 307 316 319 326 349 372 373 383 387 395 403 408 420 432 440 472 473 493 506 507 508 514 526 528 542 548 563 564 575 593 599 609 614 616 652 
 39 27 28 78 99 136 139 176 197 227 241 245 281 285 289 293 298 314 326 334 341 352 365 367 388 399 403 416 441 447 453 456 522 545 547 571 578 604 642 644 
 45 7 32 42 80 81 85 86 116 119 120 135 166 176 182 186 198 231 299 315 336 350 370 391 396 402 413 418 456 463 479 489 490 503 522 584 588 595 601 607 615 629 639 662 663 666 
 20 38 140 143 167 186 211 297 348 355 403 447 454 492 546 560 565 566 585 620 667 
