 200 667
 3 3 3 3 3 6 6 6 6 6 6 6 6 7 9 9 9 9 9 9 9 11 12 12 12 12 12 12 13 15 15 15 15 15 18 18 18 18 18 19 21 21 21 21 21 23 24 24 24 24 24 24 24 24 27 27 27 27 27 29 30 30 30 30 30 30 30 32 33 33 33 33 33 33 36 36 36 36 36 37 39 39 39 39 39 42 42 42 42 42 42 43 45 45 45 45 46 48 48 48 48 48 48 48 48 51 51 51 51 51 51 52 54 54 54 54 54 54 54 56 57 57 57 57 57 58 60 60 60 60 60 60 63 63 63 63 63 64 66 66 66 66 68 69 69 69 69 69 69 69 69 69 69 69 72 72 72 72 72 72 72 75 75 75 75 75 75 75 76 78 78 78 78 78 78 78 80 81 81 81 81 81 81 82 84 84 84 84 84 84 84 87 87 87 87 87 87 89 90 90 90 90 92 93 93 93 94 96 96 96 96 97 99 99 99 99 99 99 102 102 102 102 102 103 105 105 105 105 107 108 108 108 108 108 108 110 111 111 111 111 113 114 114 114 114 114 116 117 117 117 117 117 120 120 120 120 120 120 120 120 122 123 123 123 123 123 123 123 123 126 126 126 126 126 126 126 128 129 129 129 129 129 129 132 132 132 132 132 132 132 133 135 135 135 135 135 135 137 138 138 138 138 138 138 141 141 141 141 144 144 144 144 144 144 144 147 147 147 147 147 147 147 147 147 150 150 150 150 152 153 153 153 153 153 154 156 156 156 156 156 156 156 156 156 158 159 159 159 159 159 160 162 162 162 162 162 165 165 165 165 165 165 165 165 165 167 168 168 168 168 170 171 171 171 171 171 172 174 174 174 174 174 177 177 177 177 177 177 177 177 180 180 180 180 180 180 183 183 183 183 183 183 183 183 183 183 186 186 186 186 186 186 186 188 189 189 189 189 189 192 192 192 192 192 192 192 192 195 195 195 195 195 196 198 198 198 198 198 199 201 201 201 201 201 201 202 204 204 204 205 207 207 207 207 207 207 210 210 210 210 210 212 213 213 213 213 215 216 216 216 216 216 216 216 216 218 219 219 219 219 219 221 222 222 222 222 222 222 222 223 225 225 225 225 225 225 225 226 228 228 228 228 228 228 228 228 231 231 231 231 231 231 231 232 234 234 234 234 234 234 234 237 237 237 237 237 237 240 240 240 240 240 240 240 240 242 243 243 243 243 243 243 243 243 246 246 246 246 246 248 249 249 249 249 249 249 249 249 251 252 252 252 252 252 254 255 255 255 255 255 257 258 258 258 258 258 258 261 261 261 261 261 261 261 261 262 264 264 264 264 267 267 267 267 267 267 267 270 270 270 270 270 270 270 273 273 273 275 276 276 276 276 276 276 276 279 279 279 279 279 279 280 282 282 282 282 282 282 285 285 285 285 285 287 288 288 288 288 288 291 291 291 291 291 291 291 292 294 294 294 294 294 296 297 297 297 297 297 299 300 300 300 300 300 300 300 200 
 37 31 105 110 113 133 140 146 155 195 199 253 266 276 278 282 307 342 343 345 358 394 395 407 413 420 445 446 488 518 536 581 587 599 605 612 637 656 
 42 6 38 46 53 61 69 98 113 139 140 155 198 224 225 226 233 234 236 251 256 281 294 295 360 368 380 389 420 422 428 442 515 539 600 605 607 622 630 637 642 654 657 
 30 4 6 10 28 41 42 44 54 73 79 133 170 179 225 284 290 381 391 431 445 458 474 485 546 567 569 578 594 595 640 
 30 86 93 110 139 153 155 175 183 187 192 229 241 242 362 387 401 467 469 490 499 507 513 524 538 549 563 592 602 617 629 
 46 16 32 40 49 50 63 73 86 99 106 126 133 142 144 218 228 240 253 279 294 300 302 303 316 346 347 350 374 388 401 429 435 492 507 512 524 555 583 601 609 612 615 630 640 643 649 
 37 29 53 62 83 97 99 109 111 142 155 162 165 175 180 211 236 270 274 277 278 287 296 301 336 337 372 398 399 440 464 475 483 547 570 605 617 642 
 40 9 18 22 23 27 54 97 107 121 122 142 148 153 155 186 189 227 239 317 331 332 335 345 353 370 375 378 432 436 449 455 457 465 483 520 559 560 588 650 655 
 42 10 42 64 65 70 75 83 87 90 92 149 168 203 223 242 255 263 273 277 298 329 346 369 399 400 413 416 450 459 460 463 490 509 532 534 536 544 556 602 641 653 656 
 43 4 15 20 29 35 37 45 48 71 88 104 121 122 127 129 167 190 196 248 255 298 312 340 358 371 385 389 395 408 422 424 430 438 459 463 484 493 528 553 560 627 652 663 
 32 23 26 28 42 58 59 112 162 204 225 247 249 285 312 326 344 401 418 424 430 453 491 509 511 517 547 551 553 609 616 642 656 
 34 9 38 41 58 63 90 91 93 121 143 148 181 195 251 264 277 334 347 386 420 429 449 450 476 507 516 530 536 543 544 566 587 634 644 
 38 10 56 68 69 75 77 106 109 112 150 163 172 174 226 316 342 345 348 357 371 384 394 411 422 439 467 483 514 518 545 571 576 580 593 627 641 653 660 
 44 16 18 31 33 42 59 62 79 86 122 127 128 159 160 189 210 222 223 228 235 251 271 279 290 296 317 337 359 361 392 395 406 421 477 517 534 536 580 590 591 623 642 647 656 
 33 29 88 99 132 140 164 170 199 224 236 257 270 274 279 299 310 382 397 398 399 403 407 410 415 422 423 430 482 506 551 584 587 635 
 27 2 8 23 50 69 97 98 199 237 270 342 358 379 380 464 477 480 507 538 545 566 568 582 595 613 622 663 
 25 15 61 64 74 80 108 129 155 163 173 180 217 257 263 277 291 314 330 476 483 573 597 649 661 664 
 44 30 40 52 56 68 86 88 107 113 118 132 135 147 180 184 186 189 243 246 255 256 273 274 286 298 326 331 338 460 463 467 486 501 502 522 542 550 584 587 589 601 612 629 661 
 37 10 48 60 76 80 127 139 160 169 178 180 188 209 266 270 310 329 333 345 353 354 369 397 452 468 469 486 510 526 550 566 571 600 619 625 628 635 
 43 4 7 12 35 69 84 93 143 157 186 187 205 214 219 258 268 275 295 306 309 317 323 336 362 377 395 398 404 438 457 463 471 491 501 517 522 533 585 604 617 630 641 652 
 31 27 62 77 103 118 140 149 196 197 217 241 253 261 295 302 313 335 372 387 394 408 425 450 541 550 551 560 596 640 642 662 
 32 2 43 57 90 104 125 152 155 183 193 208 239 241 248 289 407 409 435 436 474 476 495 504 510 562 567 575 587 620 636 654 659 
 30 7 95 98 108 127 142 145 162 185 196 198 230 273 279 336 349 357 367 402 448 460 469 494 541 559 571 610 626 655 661 
 25 1 6 17 55 69 123 130 149 165 177 249 272 274 276 303 306 364 380 466 508 579 587 599 616 651 
 29 2 9 11 55 56 108 115 124 159 203 207 241 273 302 312 319 325 425 435 458 479 491 552 559 565 583 632 658 660 
 43 15 23 27 49 70 81 97 99 112 163 165 193 196 202 206 214 291 293 298 304 342 363 367 392 417 429 458 482 516 518 560 563 567 593 601 616 621 631 634 635 638 646 652 
 27 15 39 78 81 82 156 177 193 205 207 331 334 336 362 378 383 384 410 459 466 576 592 606 625 638 641 647 
 37 18 28 43 49 82 100 121 131 134 145 156 195 198 199 207 228 239 244 256 258 267 280 292 317 318 334 346 352 391 406 416 460 542 545 547 568 629 
 24 7 88 98 129 199 237 276 287 299 322 330 340 400 505 513 518 522 539 540 553 557 569 627 631 
 41 10 25 61 63 82 104 107 122 131 140 160 179 187 243 244 245 253 274 284 299 344 346 383 386 411 416 420 422 428 457 471 476 478 510 524 580 592 595 622 636 661 
 40 5 41 45 97 133 145 146 197 219 225 230 236 248 253 256 271 292 366 405 415 429 434 453 455 470 479 492 504 550 559 571 575 587 591 592 607 622 637 640 662 
 35 1 7 8 52 54 66 77 97 119 180 192 198 216 238 241 243 268 276 293 298 309 312 315 325 414 427 444 482 491 545 546 562 579 582 626 
 43 4 24 46 50 61 80 88 135 142 143 149 169 181 193 199 207 226 238 255 316 339 346 365 369 372 373 401 409 422 448 451 459 483 500 522 529 541 552 571 610 618 636 644 
 40 35 57 76 84 100 141 157 191 203 205 217 220 235 236 249 261 263 272 311 355 395 409 418 424 482 483 494 503 507 537 557 560 563 572 573 576 579 592 641 654 
 36 1 15 46 50 51 56 75 82 137 143 161 176 203 215 240 261 278 336 358 391 403 447 466 497 525 535 587 592 596 598 603 605 623 630 648 649 
 39 14 39 55 70 78 88 98 121 139 141 155 185 213 230 259 279 316 347 353 361 366 378 395 397 398 419 450 473 501 509 513 528 535 615 622 630 632 643 667 
 42 2 26 30 73 92 93 107 118 134 144 184 201 204 206 210 216 290 293 320 344 345 349 367 374 384 399 402 427 476 477 482 513 516 541 553 561 586 607 614 624 641 650 
 48 61 69 72 76 78 87 88 109 127 130 132 138 169 186 222 225 247 253 266 312 314 327 359 371 384 385 391 393 408 415 435 449 492 493 522 525 547 578 584 598 616 618 631 633 649 653 654 657 
 32 1 23 24 28 50 75 82 95 123 147 172 176 216 232 261 263 311 330 379 385 398 425 439 451 454 463 525 530 552 598 635 648 
 39 14 26 47 61 91 113 115 117 153 178 180 199 203 219 229 245 262 271 286 303 357 359 370 392 397 405 453 469 483 551 572 575 608 609 616 637 645 647 655 
 34 10 15 22 57 94 124 133 139 166 181 194 197 221 258 278 323 331 355 357 363 385 398 407 437 446 447 457 467 493 564 613 623 641 646 
 45 38 55 74 77 100 120 144 155 162 171 175 200 210 215 219 229 236 241 263 288 309 317 320 325 341 347 362 368 397 415 434 441 451 468 502 504 530 536 537 545 567 573 599 618 646 
 40 12 24 71 86 94 99 101 117 163 172 182 204 208 250 254 255 270 288 295 353 354 367 375 423 467 472 475 503 530 555 559 564 594 597 605 616 624 627 647 655 
 43 7 12 31 35 43 70 84 85 131 143 144 147 156 161 179 197 205 229 237 271 274 322 334 342 348 378 396 426 430 444 450 467 476 482 485 499 587 588 609 636 642 644 666 
 39 24 37 69 125 133 140 147 148 163 173 184 186 187 196 236 254 255 270 295 307 369 403 407 411 430 461 472 502 508 515 539 559 565 619 620 621 629 634 644 
 33 4 17 34 43 60 68 98 117 133 139 147 177 198 201 216 219 239 250 264 266 271 296 360 363 519 538 545 588 598 606 609 639 666 
 25 36 46 100 106 124 210 211 214 242 260 278 305 336 360 366 370 373 439 468 484 499 502 542 589 650 
 47 6 7 17 26 30 43 86 109 114 129 134 190 269 275 280 283 286 311 317 318 338 339 358 366 381 393 394 397 432 443 453 460 484 507 517 532 538 551 553 565 602 603 608 612 629 643 655 
 42 2 10 23 24 39 42 59 87 111 150 159 199 204 214 228 233 249 292 319 330 340 351 391 404 407 440 445 457 480 484 493 498 503 522 544 548 576 577 582 593 627 635 
 24 1 16 112 188 224 239 263 300 348 350 353 385 399 400 417 444 492 503 563 610 618 641 643 646 
 47 1 6 40 95 106 116 120 123 129 134 145 162 164 184 193 212 219 225 226 230 243 254 299 307 339 350 360 361 377 407 432 433 438 452 477 484 495 508 526 539 545 560 578 586 598 599 635 
 41 53 79 115 131 185 200 212 247 266 287 299 306 339 349 363 367 397 415 418 425 428 447 452 473 490 493 502 536 563 566 575 586 602 608 640 645 648 651 654 660 665 
 34 41 47 51 120 122 127 134 140 141 142 157 163 164 168 220 288 294 299 305 309 318 360 372 373 386 401 441 466 479 533 556 561 634 648 
 48 12 14 32 72 98 108 123 128 134 137 146 152 166 185 199 219 220 222 231 244 274 329 338 353 362 386 397 398 417 422 428 449 450 462 464 473 490 496 515 532 551 552 559 563 601 617 621 647 
 36 11 16 29 70 133 134 137 166 192 194 219 228 241 302 340 358 378 381 391 394 430 447 454 461 463 464 484 487 538 542 552 573 574 616 618 645 
 45 7 8 62 76 85 95 107 137 140 147 148 162 178 185 270 284 302 310 313 325 328 337 343 351 352 391 392 421 429 432 439 448 459 499 517 524 542 568 578 585 598 647 653 655 665 
 43 11 17 68 92 99 115 124 134 139 150 170 177 179 206 215 225 236 286 287 293 295 298 319 351 367 382 412 435 440 482 486 500 533 551 554 559 608 610 611 636 655 656 661 
 34 40 100 106 128 150 161 162 174 244 249 263 277 278 287 327 330 344 397 400 422 424 437 440 493 494 514 519 551 568 598 625 632 650 651 
 55 2 9 14 25 35 51 56 57 73 91 109 128 133 147 153 188 192 234 237 242 270 272 278 279 316 336 341 347 399 414 418 421 430 433 441 445 454 457 476 477 480 494 523 541 558 565 573 587 598 600 609 613 621 630 653 
 45 17 27 32 35 47 53 64 68 113 114 127 138 159 164 215 219 225 231 245 246 247 249 271 278 333 336 345 414 415 421 426 428 472 511 517 523 532 560 562 565 572 619 624 645 654 
 40 8 47 60 120 121 134 152 178 184 232 249 254 262 263 264 270 298 305 331 332 340 363 398 399 414 428 440 447 470 471 512 522 528 529 552 554 566 579 592 628 
 36 15 72 75 78 109 115 121 128 133 209 247 284 293 295 317 330 334 343 364 397 428 452 470 477 487 495 530 531 533 558 560 579 600 608 643 650 
 44 15 30 42 83 86 110 162 168 169 172 181 199 212 213 214 225 230 231 240 254 261 299 301 329 338 369 393 401 402 457 499 504 509 523 525 528 531 533 541 551 555 640 649 664 
 32 4 6 19 41 60 65 85 114 126 133 239 240 244 261 281 292 307 316 346 352 366 395 400 414 462 486 529 566 580 594 609 635 
 46 5 11 13 34 46 66 75 90 93 107 125 135 167 170 216 232 237 247 272 280 293 324 357 374 385 394 402 405 409 421 434 439 463 470 477 494 511 523 551 578 598 629 638 652 655 657 
 44 38 68 90 106 122 144 209 223 260 306 311 325 330 368 373 379 407 415 431 434 435 470 471 474 490 495 499 528 539 541 547 552 559 572 582 588 591 592 597 605 638 640 648 663 
 41 10 34 55 69 77 86 91 105 108 144 147 166 172 192 220 231 244 254 297 301 302 335 346 350 352 360 368 374 375 411 412 425 484 487 507 535 536 541 573 575 584 
 41 55 96 108 111 118 138 177 182 194 199 219 248 256 277 302 311 314 325 366 378 384 416 417 440 487 495 497 528 545 547 565 568 569 578 595 600 601 612 619 632 658 
 38 2 13 18 35 38 42 54 65 72 75 80 87 100 139 185 217 243 250 318 319 324 339 365 372 380 429 434 437 449 456 464 500 564 598 625 641 652 657 
 54 6 17 28 46 57 70 78 84 89 110 141 143 160 192 204 208 220 249 265 294 299 303 314 326 328 333 351 352 355 381 389 397 419 422 428 430 435 452 464 469 476 483 494 498 507 516 543 573 578 580 652 654 662 664 
 28 37 62 69 74 107 134 136 158 190 196 213 226 333 348 384 410 416 420 441 442 479 486 498 545 590 623 649 656 
 27 1 7 16 79 80 84 129 130 146 182 210 229 236 243 281 284 314 351 372 448 456 514 538 553 621 641 644 
 38 2 21 35 38 56 60 63 78 117 121 165 181 228 230 232 246 249 252 262 289 324 332 337 346 347 389 397 410 445 468 495 517 541 551 611 612 617 650 
 40 16 29 49 109 136 178 186 196 221 255 272 273 278 294 319 322 336 337 339 365 370 394 420 453 455 458 482 484 507 529 537 541 550 562 587 600 606 613 644 659 
 39 9 10 17 34 48 58 65 77 113 130 131 186 201 207 208 231 233 295 298 312 327 335 337 341 372 380 393 428 430 481 500 504 505 560 571 572 581 593 595 
 35 15 32 42 71 81 135 156 158 180 229 240 271 277 284 303 307 333 339 368 373 388 405 442 458 467 489 524 548 553 563 589 610 619 631 640 
 32 10 30 78 106 123 130 139 144 166 187 190 199 276 282 310 366 370 375 377 433 458 467 476 481 491 519 538 552 556 613 629 639 
 35 5 7 36 108 115 120 125 134 155 171 183 189 203 212 224 265 288 305 325 360 362 422 430 448 470 478 500 522 545 553 577 596 611 653 659 
 34 36 37 50 60 62 73 81 88 138 139 158 162 179 186 233 254 259 291 311 320 326 440 441 468 505 510 512 525 553 569 571 586 591 653 
 55 9 24 26 36 39 54 76 84 106 127 128 130 151 158 160 179 201 223 226 230 237 243 265 269 298 299 308 310 322 325 329 330 335 336 350 359 376 393 409 431 432 433 437 448 462 466 499 574 590 594 606 609 611 631 634 
 27 3 30 39 54 78 92 150 152 164 195 205 209 219 300 312 349 357 379 383 394 415 515 561 600 616 629 653 
 51 11 33 36 40 41 51 53 66 71 103 126 132 133 146 161 164 171 178 182 184 198 201 273 285 299 311 323 325 339 341 366 368 407 417 443 447 475 477 478 484 502 515 534 557 562 582 621 623 631 642 648 
 34 49 58 68 72 102 170 194 229 242 277 298 305 308 310 317 321 325 338 353 367 395 438 473 474 498 531 554 586 599 614 623 624 637 661 
 34 3 25 33 89 91 92 93 100 103 117 169 172 214 220 235 249 250 267 295 305 318 351 440 451 453 454 482 503 561 563 572 593 624 651 
 36 45 48 63 70 71 91 100 102 106 147 150 173 178 202 213 214 219 293 297 299 307 318 347 383 394 399 431 453 462 479 484 491 508 561 566 583 
 32 6 26 68 112 114 152 177 195 203 213 250 253 271 290 294 297 305 330 358 415 451 468 469 481 496 509 523 568 603 604 623 640 
 37 4 9 17 23 118 148 165 219 223 267 271 275 280 307 330 358 391 396 407 414 415 420 429 436 440 445 447 454 491 507 574 575 581 594 595 607 630 
 32 1 22 35 55 75 81 112 128 140 185 208 237 252 270 304 309 310 328 333 368 371 412 471 512 540 546 600 604 626 629 655 656 
 38 10 30 31 41 66 73 97 110 127 151 162 183 214 224 261 273 296 308 326 340 399 443 446 471 481 499 508 515 546 556 563 582 606 618 635 637 650 661 
 34 4 12 16 30 44 101 109 145 174 185 204 236 250 269 281 288 294 340 360 372 378 393 415 434 478 479 487 518 524 536 537 641 648 653 
 37 3 24 35 74 75 93 155 156 174 179 227 230 242 243 273 274 281 282 303 307 320 341 386 428 454 459 468 509 539 540 548 560 578 601 617 619 634 
 43 2 9 37 86 89 94 106 109 113 124 134 136 195 204 220 224 253 258 271 297 310 318 355 360 362 378 394 421 432 435 437 439 455 457 472 501 551 562 588 596 614 632 642 
 36 7 15 31 40 44 46 56 86 102 129 166 174 181 213 236 237 359 365 429 454 458 490 502 516 522 546 558 586 601 604 605 617 640 651 658 665 
 33 5 6 14 36 55 88 92 124 132 166 170 172 200 207 300 316 336 340 348 400 417 428 451 457 488 514 557 576 598 608 609 616 647 
 38 36 79 97 98 100 128 134 158 203 209 230 234 259 260 285 302 308 320 329 355 379 384 392 436 468 478 482 499 511 516 530 560 571 593 595 601 627 648 
 34 25 33 70 73 81 119 154 171 180 188 213 227 286 292 304 305 309 314 325 327 328 347 374 402 404 446 473 481 491 492 497 571 575 609 
 37 78 96 116 120 121 126 129 151 157 160 170 175 206 227 290 292 298 315 321 335 359 370 371 378 398 407 438 452 491 496 522 552 573 578 581 588 640 
 41 1 3 8 24 52 60 67 73 94 98 121 128 157 242 261 288 312 325 364 365 366 371 383 398 399 410 411 428 442 446 451 484 490 504 592 599 601 625 638 660 663 
 34 48 84 95 114 143 176 184 195 214 229 247 255 272 278 294 348 371 378 395 456 486 501 510 519 522 540 562 581 623 629 634 642 662 665 
 41 1 7 17 26 44 47 52 56 60 89 143 192 199 274 294 302 305 339 340 347 361 366 439 447 449 450 477 488 492 500 553 555 561 573 582 606 629 631 635 650 653 
 38 6 12 19 23 75 84 85 94 118 119 177 179 187 198 225 239 250 251 259 272 277 289 299 325 337 349 357 378 385 415 421 486 526 529 548 580 608 636 
 31 36 40 50 59 94 126 131 163 190 194 220 261 277 282 300 322 376 400 401 403 406 414 453 521 534 539 546 600 636 643 664 
 43 1 19 20 53 64 84 85 98 101 113 180 198 200 201 224 225 229 259 270 275 279 294 346 357 358 379 392 395 448 469 476 505 508 513 532 537 549 552 554 559 591 641 663 
 60 7 8 27 35 43 81 82 96 103 110 112 122 139 140 169 176 211 235 238 270 284 291 294 296 310 325 337 345 346 356 358 372 398 399 409 424 436 440 461 472 478 488 499 500 512 536 537 547 554 560 565 579 585 599 605 606 607 620 638 656 
 43 3 10 13 16 25 41 48 50 62 64 80 123 130 144 146 148 158 161 188 192 193 214 236 241 292 294 295 364 366 376 428 438 441 493 512 533 548 552 567 593 598 616 642 
 45 2 32 38 55 79 117 121 136 158 162 169 172 173 180 188 191 196 200 205 211 215 228 309 310 346 357 366 372 384 403 410 413 436 437 458 469 470 476 478 519 527 531 581 593 665 
 31 6 12 31 81 92 136 144 204 207 226 239 257 280 284 313 359 365 366 416 422 454 456 471 483 497 515 527 537 554 578 579 
 31 7 27 39 72 75 185 230 243 268 287 309 326 330 350 352 354 360 369 383 388 397 400 401 408 428 469 561 566 618 648 652 
 35 1 9 55 76 106 109 110 120 122 141 145 178 194 205 231 263 311 343 354 356 385 442 452 457 459 468 503 541 543 559 618 620 651 656 661 
 34 47 70 94 95 101 208 216 257 264 270 278 280 319 327 330 331 392 441 450 465 509 512 525 537 583 592 599 605 616 621 634 640 647 661 
 51 3 6 9 37 41 47 101 103 113 116 134 155 163 164 173 178 229 255 258 298 304 337 349 351 357 379 383 409 413 424 431 439 448 453 464 476 523 530 539 557 567 573 591 603 610 613 622 629 659 663 667 
 39 11 17 30 44 75 82 97 98 99 100 115 138 191 209 219 222 248 266 283 291 296 331 363 398 402 411 421 508 511 541 573 574 575 578 588 599 600 605 640 
 31 8 31 63 139 151 184 216 239 253 292 297 313 352 363 384 386 398 423 427 433 489 535 550 575 591 594 629 630 643 648 650 
 34 15 77 93 98 104 114 131 154 192 202 204 210 256 262 266 277 285 311 316 330 355 384 402 403 428 460 479 482 485 508 524 533 594 611 
 37 47 49 55 60 61 99 101 135 155 163 174 177 178 203 208 209 230 265 308 336 376 401 407 421 444 454 478 485 496 498 526 559 578 602 624 629 658 
 53 9 21 47 71 121 133 141 182 189 197 206 217 231 242 256 258 280 292 296 298 301 303 345 352 371 391 403 457 458 459 473 477 500 502 506 508 511 524 546 554 560 562 566 567 587 618 622 623 634 635 641 648 660 
 28 3 12 24 25 51 59 88 91 137 182 187 247 248 262 345 352 357 416 442 499 547 578 591 608 633 640 648 649 
 40 18 21 36 76 83 106 126 128 164 210 221 228 231 259 288 301 303 331 334 337 349 356 368 384 435 442 457 485 490 491 507 514 545 555 564 567 579 593 611 641 
 33 51 69 94 102 127 138 178 185 192 198 253 256 301 313 319 332 373 391 400 470 492 529 550 569 574 576 577 583 595 600 616 630 657 
 38 35 64 77 80 82 83 86 87 98 107 113 133 175 176 194 203 263 273 277 309 316 337 358 379 387 393 395 420 444 451 453 476 478 507 510 590 648 662 
 36 48 50 106 110 111 130 145 165 201 213 219 220 227 245 267 271 289 305 309 333 347 348 367 371 373 397 423 443 452 461 514 537 571 641 660 666 
 44 3 55 76 83 133 138 139 148 162 189 247 254 266 284 285 305 306 309 322 328 344 353 373 407 416 419 429 448 452 469 482 489 498 543 548 554 573 599 605 607 629 630 645 655 
 37 7 23 53 57 61 69 71 75 87 116 127 148 163 242 281 286 312 319 341 348 362 393 408 414 429 430 448 464 498 528 540 572 589 612 617 660 661 
 39 70 71 102 120 157 170 179 181 217 225 295 304 348 361 364 372 386 410 415 468 476 485 498 528 532 537 549 553 554 579 580 589 606 610 631 634 640 653 663 
 52 6 43 53 62 75 95 97 135 139 155 158 171 175 176 193 200 209 249 251 257 285 300 329 338 343 359 374 387 390 391 400 412 417 423 425 435 449 461 462 492 497 498 520 528 536 553 563 606 635 640 647 654 
 52 2 6 20 36 40 50 56 57 61 63 115 139 150 163 201 222 250 254 277 280 289 291 316 325 342 343 345 346 353 409 440 448 467 472 483 506 510 534 538 539 547 550 555 561 580 630 631 640 643 654 659 662 
 48 3 19 43 47 49 58 106 137 141 162 191 193 208 218 223 238 252 284 289 313 318 320 325 336 343 350 357 359 372 373 380 408 410 418 424 442 466 500 510 513 520 531 559 561 589 635 644 645 
 39 7 23 35 41 53 76 99 107 115 129 130 139 144 157 168 204 212 241 251 263 270 316 330 336 337 341 367 408 427 454 470 488 513 516 525 529 557 580 646 
 43 4 6 15 30 33 36 79 96 98 99 102 121 124 151 188 208 212 213 221 230 310 311 337 339 342 357 392 393 411 437 447 455 478 491 501 512 518 523 526 529 554 609 644 
 40 38 68 78 79 90 109 114 171 194 213 220 222 227 245 248 253 254 264 286 290 298 340 361 392 393 398 435 436 441 447 453 457 501 523 527 532 568 592 605 618 
 28 29 47 111 129 143 151 169 186 197 207 235 297 299 306 341 349 357 373 383 393 422 474 493 518 531 537 539 598 
 38 18 35 70 76 82 87 105 115 117 120 133 146 147 206 262 321 329 341 383 390 401 416 442 487 495 496 502 510 537 547 548 568 570 581 605 611 653 661 
 44 1 8 27 46 48 61 87 107 155 156 159 178 187 197 208 215 241 249 265 271 272 278 376 391 392 398 399 408 411 419 460 491 501 507 508 523 524 536 548 567 594 596 617 643 
 36 29 30 35 42 48 65 77 86 116 145 156 181 198 200 219 232 234 285 319 330 344 345 352 357 360 382 413 420 459 465 493 508 513 542 591 650 
 40 5 22 26 58 75 89 92 94 158 181 192 193 194 208 222 260 278 300 316 317 327 369 388 391 407 420 421 484 485 503 515 527 535 537 542 552 562 588 624 637 
 28 18 43 48 56 65 85 90 98 102 125 138 205 294 311 354 384 420 428 511 539 546 553 628 629 637 648 653 654 
 45 4 8 17 46 55 62 70 105 116 128 141 186 187 198 202 205 262 293 294 326 349 414 423 426 450 457 491 492 494 499 521 528 539 551 555 571 572 579 580 583 591 598 617 655 662 
 37 6 11 31 33 61 83 102 103 131 178 195 204 238 253 254 284 301 307 313 339 366 446 447 468 489 491 540 545 563 593 597 599 623 625 639 641 649 
 33 60 89 93 138 143 147 180 192 195 198 201 204 225 234 253 256 271 305 317 318 322 330 353 377 398 443 476 565 605 618 625 655 659 
 39 1 37 58 60 89 95 106 116 124 156 170 208 211 214 215 256 257 273 326 332 339 358 367 379 384 397 426 428 436 449 471 477 480 515 560 566 578 580 640 
 53 17 22 23 26 29 31 44 67 68 78 89 105 127 128 129 147 149 183 184 185 205 223 237 264 272 290 309 324 359 371 381 392 397 409 411 414 447 452 457 465 467 468 508 515 516 575 579 592 606 607 619 638 652 
 40 6 23 47 88 99 135 145 155 168 192 205 208 245 265 291 300 319 336 353 357 362 378 396 399 402 404 434 447 452 468 480 482 527 560 561 562 610 611 639 659 
 36 61 66 100 127 170 171 174 177 190 213 216 237 262 288 296 300 328 332 371 389 400 402 443 476 482 486 491 511 512 522 525 528 574 581 601 660 
 38 16 22 23 28 81 104 135 139 160 162 209 237 281 305 340 368 385 393 401 420 424 426 438 463 465 477 479 522 524 528 529 574 578 594 611 630 648 660 
 37 5 9 18 24 75 76 114 117 146 151 152 158 163 185 215 233 236 237 244 262 270 292 293 347 470 501 505 519 559 565 568 579 598 599 616 624 630 
 35 5 51 127 170 177 185 192 193 222 255 261 266 312 338 339 352 358 360 361 377 387 431 433 474 488 504 510 514 537 542 564 591 594 596 660 
 33 15 25 26 32 83 93 106 129 169 234 242 247 248 281 287 288 292 296 338 391 396 397 450 458 488 499 511 532 540 576 588 624 626 
 35 2 35 43 46 62 78 82 101 114 117 132 133 192 193 257 270 286 287 308 309 310 325 408 441 452 457 474 507 522 529 556 585 588 598 657 
 48 8 24 27 36 68 76 92 94 119 122 136 144 151 178 192 216 259 278 305 327 329 338 341 349 370 374 377 413 429 430 433 475 489 491 530 553 554 568 571 578 587 599 613 623 625 628 634 642 
 33 6 8 47 52 61 76 80 86 106 130 142 149 184 193 216 261 282 292 296 297 409 412 420 443 459 500 515 589 591 599 633 642 659 
 44 31 36 69 86 87 98 111 112 116 148 165 170 188 194 204 217 220 244 268 301 335 341 372 394 399 400 411 428 433 453 465 469 477 490 534 540 546 581 586 588 598 610 624 660 
 46 20 25 37 46 128 145 157 164 170 191 192 194 199 221 229 240 242 275 291 295 311 338 343 346 352 359 364 375 381 391 428 434 444 451 499 516 521 540 545 550 552 574 630 641 644 662 
 43 34 45 52 56 89 99 108 128 129 144 162 164 172 179 201 215 231 238 242 247 283 285 314 328 362 367 380 383 404 441 451 468 500 503 531 547 564 565 577 618 640 642 659 
 45 14 21 29 30 36 38 74 82 87 115 135 140 150 208 241 248 261 277 279 283 293 325 337 371 373 387 406 408 454 477 482 483 502 520 538 545 550 553 574 579 585 589 606 616 664 
 48 50 51 89 96 101 127 138 146 156 185 188 203 210 227 229 236 242 244 247 267 282 306 307 321 354 383 424 434 480 483 494 502 519 523 540 553 564 581 584 590 596 598 617 623 624 646 651 659 
 45 12 28 54 63 68 83 87 92 118 141 143 174 187 196 206 231 233 236 238 241 244 247 248 275 295 318 333 359 391 404 412 434 443 458 467 472 476 572 587 591 598 610 612 617 620 
 36 11 22 28 35 52 90 100 156 214 248 270 316 318 335 351 357 378 404 405 409 423 432 436 452 455 479 493 517 528 538 550 600 606 647 654 665 
 39 2 33 48 49 60 69 80 103 106 107 156 157 163 171 185 209 217 226 265 271 310 335 400 412 420 432 439 440 451 453 478 493 528 536 552 555 571 609 640 
 46 34 57 68 93 98 116 173 177 195 200 209 210 230 237 267 284 293 311 313 320 323 325 357 358 372 391 400 407 429 437 462 464 469 484 490 500 513 543 552 576 586 591 593 609 623 647 
 41 13 19 22 38 45 46 60 68 88 107 177 194 208 227 238 248 251 279 306 315 358 386 387 392 446 467 472 480 485 491 504 508 531 546 581 586 599 623 629 647 649 
 32 2 32 47 89 136 150 153 157 184 192 226 240 270 301 326 352 396 421 429 460 498 501 507 516 530 537 561 572 578 600 636 640 
 38 21 30 60 112 116 149 171 177 182 186 220 285 294 305 341 345 361 383 393 395 403 478 494 497 508 514 545 549 555 562 570 589 603 630 633 643 658 660 
 42 7 35 39 45 77 83 94 101 122 128 149 156 167 238 241 245 248 275 277 293 323 339 356 357 358 407 415 455 457 458 487 493 501 506 558 566 578 582 589 598 643 649 
 40 1 20 46 82 86 110 116 123 128 154 165 181 188 198 202 204 250 257 287 299 309 372 397 419 423 426 483 487 499 510 562 574 582 584 591 592 604 610 629 631 
 41 1 20 42 55 81 107 174 204 207 219 224 238 257 267 291 305 329 345 354 374 385 390 401 408 423 484 488 503 506 517 555 572 579 591 611 612 619 620 626 632 639 
 37 9 19 49 69 112 123 136 165 209 213 248 259 272 289 320 358 368 371 418 424 440 452 455 463 473 483 523 524 528 568 574 575 583 602 611 613 654 
 46 8 35 81 103 120 121 123 164 173 200 202 211 232 233 237 256 285 309 313 325 327 331 332 338 346 352 375 380 410 412 414 437 446 451 454 458 492 548 564 565 579 583 606 638 649 664 
 43 6 81 90 106 111 149 177 193 199 208 213 230 235 242 260 264 269 270 293 322 326 329 337 347 369 382 385 417 434 440 457 465 515 517 530 531 536 538 556 590 605 644 663 
 33 1 23 41 51 52 67 69 75 86 90 133 140 155 173 177 208 213 223 241 251 252 297 300 330 337 364 384 425 434 557 561 602 642 
 47 28 43 44 46 71 76 81 82 113 155 170 181 186 195 200 205 213 219 226 229 262 268 271 272 312 357 360 363 368 398 408 418 428 448 456 518 542 549 554 561 578 589 594 620 637 650 651 
 44 7 38 81 83 87 108 113 129 140 152 157 177 178 207 212 213 227 229 232 233 241 276 285 286 287 297 300 307 309 354 355 356 378 399 448 463 481 525 569 578 597 619 634 655 
 37 13 42 44 49 57 93 99 106 108 126 133 134 151 183 193 204 222 232 249 284 299 310 330 368 381 383 385 439 444 455 485 539 540 549 556 565 608 
 38 25 29 31 37 60 63 86 96 139 186 188 199 219 241 246 261 332 385 394 400 419 426 462 500 509 524 532 544 551 566 567 572 574 601 626 646 649 651 
 38 14 62 81 83 95 111 119 122 128 189 193 201 220 234 287 296 309 326 331 335 344 396 410 420 428 440 443 447 484 507 511 538 562 595 609 614 625 666 
 41 11 16 46 49 70 87 104 114 127 169 183 185 193 214 215 227 245 247 279 286 295 334 336 345 348 351 461 464 467 499 500 510 528 539 548 561 593 607 643 650 657 
 38 8 25 40 59 97 127 146 159 182 185 223 228 242 253 264 268 290 300 329 348 392 398 399 406 409 433 441 463 464 483 551 566 569 591 608 620 631 662 
 46 7 16 41 71 93 99 101 105 114 121 132 133 145 154 160 164 169 216 219 221 230 289 301 304 306 314 321 327 332 346 348 366 369 374 377 387 431 449 451 508 509 520 565 595 629 638 
 37 1 22 72 99 131 170 173 179 186 198 210 214 215 248 258 310 336 342 361 379 414 421 433 459 486 493 501 502 507 515 526 540 542 572 621 636 658 
 37 56 68 80 120 121 133 152 156 165 177 182 200 299 317 319 336 347 392 400 401 404 462 471 509 526 528 539 543 545 562 564 584 605 628 632 639 645 
 37 11 58 86 101 120 141 144 156 158 159 185 192 217 224 265 299 303 321 329 330 357 408 425 434 465 467 477 538 559 566 567 588 605 625 632 637 643 
 40 3 41 43 57 83 123 127 142 145 157 167 179 201 231 253 272 278 284 292 297 308 319 339 374 390 406 429 438 486 494 509 511 551 559 564 571 578 585 593 595 
 46 3 9 22 30 31 70 77 87 94 96 101 102 108 113 136 139 164 172 178 187 197 198 270 281 292 305 313 315 326 329 347 357 397 414 421 440 473 493 499 518 529 543 545 557 560 592 
 37 48 57 62 69 113 130 135 140 143 165 192 203 232 254 292 318 366 383 410 431 461 472 474 492 543 545 552 570 572 587 593 605 623 636 644 657 662 
 32 23 27 45 48 52 69 102 120 139 167 170 179 180 216 218 219 221 243 263 351 402 421 423 428 446 475 485 555 556 608 632 644 
 29 3 4 26 155 167 203 221 229 320 335 399 421 441 448 451 454 477 499 507 514 515 558 573 579 591 616 631 635 637 
 41 4 24 45 50 55 73 75 122 123 125 140 153 175 210 262 272 275 284 285 296 300 309 311 332 367 407 415 481 485 523 544 546 550 554 561 566 567 579 580 631 663 
 39 1 29 37 61 81 99 101 103 121 145 152 160 213 219 221 244 253 255 261 272 279 300 301 338 340 349 362 394 476 485 495 555 556 576 588 591 592 648 654 
 41 88 91 100 112 118 126 136 170 193 203 221 234 237 252 257 265 271 279 284 302 307 316 326 342 350 352 354 361 367 417 469 471 477 501 503 525 529 535 603 643 654 
 36 16 44 72 110 137 159 162 169 170 172 181 226 230 321 325 363 397 398 402 418 422 444 462 477 490 507 544 550 588 594 615 620 645 649 656 660 
 22 6 113 144 145 159 163 221 262 269 306 314 346 378 380 472 491 494 499 565 596 602 642 
 49 8 15 25 30 42 77 94 108 133 143 157 164 179 188 202 215 247 282 284 286 305 321 328 359 377 404 405 407 440 451 453 463 467 477 492 509 530 538 546 550 562 571 577 578 594 599 604 631 635 
 36 18 30 32 33 61 62 82 114 203 230 231 243 244 245 248 327 332 354 358 361 381 414 442 458 469 511 516 528 537 545 565 608 610 626 648 653 
 36 82 87 93 113 161 162 170 200 220 226 232 243 270 293 313 321 343 357 373 374 375 376 389 392 423 450 457 462 471 520 528 560 580 592 624 633 
 55 2 41 55 60 62 64 71 90 95 108 113 117 132 146 156 165 166 168 179 182 185 189 219 222 255 258 280 285 301 316 333 338 371 379 388 407 416 420 435 438 439 449 470 479 493 516 530 536 560 561 565 581 593 605 659 
 42 8 9 25 40 56 64 81 98 106 122 145 148 156 171 185 221 224 251 289 292 306 312 336 367 368 374 379 388 408 429 442 472 473 478 492 495 507 550 580 603 645 659 
 39 13 19 58 93 100 114 119 141 162 171 172 224 261 306 310 367 378 379 386 387 393 434 439 440 441 444 487 494 501 505 507 515 537 582 619 634 636 648 659 
 27 32 87 89 99 133 178 192 200 203 254 273 280 285 302 383 384 447 462 489 492 501 552 609 614 636 639 641 
 36 22 49 109 114 124 164 171 178 189 234 256 258 284 300 304 316 324 367 369 377 393 401 403 431 434 436 468 480 547 551 553 569 577 586 602 648 
 40 10 22 26 41 72 76 107 123 125 127 169 173 212 233 242 243 260 277 301 329 331 359 375 420 441 451 460 492 545 552 558 563 596 601 616 617 622 623 645 662 
 46 6 30 37 55 63 70 81 113 114 126 129 135 163 169 171 183 189 208 210 218 222 227 250 276 291 302 317 323 336 361 376 385 423 442 482 494 496 537 543 569 570 579 607 609 613 642 
 27 5 29 61 99 106 116 167 190 238 264 284 292 332 353 388 391 398 400 436 451 483 500 533 587 589 610 646 
