 200 334
 3 3 3 6 6 8 9 9 9 11 12 12 12 12 15 15 15 15 15 18 18 18 20 21 21 24 24 27 27 27 30 30 30 32 33 33 33 36 36 36 38 39 39 39 39 42 42 43 45 45 46 48 48 48 51 51 51 54 54 54 54 57 57 58 60 60 62 63 63 65 66 66 68 69 69 69 69 70 72 72 73 75 75 78 78 78 80 81 81 81 83 84 86 87 89 90 90 93 94 96 96 97 99 99 99 101 102 102 102 102 102 102 105 105 108 108 108 108 108 110 111 111 111 111 111 114 114 114 117 117 117 119 120 121 123 123 123 123 125 126 126 126 126 126 128 129 129 130 132 132 135 135 135 137 138 138 138 138 141 143 144 144 144 144 145 147 148 150 150 150 151 153 153 153 153 156 156 156 159 159 159 162 162 162 162 163 165 165 165 168 168 168 170 171 171 171 173 174 174 174 176 177 177 177 177 180 180 180 180 182 183 183 183 185 186 186 189 189 191 192 192 194 195 196 198 198 198 200 201 201 201 201 201 203 204 206 207 207 210 212 213 213 213 214 216 216 216 218 221 222 225 225 225 225 228 228 228 231 231 231 234 234 236 237 237 239 240 240 242 243 243 244 246 246 249 249 249 249 252 253 255 255 255 256 258 258 258 261 261 261 261 262 264 264 266 267 267 269 270 272 273 273 275 276 276 276 278 279 279 280 282 282 282 282 283 285 285 285 287 288 288 288 290 291 292 294 294 297 297 297 298 300 300 100 
 38 8 29 38 56 75 90 92 102 104 107 126 134 135 138 145 152 161 163 196 203 212 218 232 237 255 258 261 263 276 281 287 293 303 312 319 321 322 323 
 48 4 7 15 19 22 26 38 39 58 64 69 80 84 86 93 99 100 106 109 116 119 124 139 140 148 149 155 158 186 188 205 208 224 225 228 230 236 246 252 261 264 266 281 309 313 315 317 319 
 41 6 20 46 64 65 66 69 74 79 93 95 97 98 100 116 145 150 159 170 181 187 196 218 236 240 241 249 254 258 261 264 265 289 309 311 315 320 326 328 330 331 
 42 1 4 7 9 18 43 44 56 61 62 74 90 107 109 114 115 133 135 136 143 149 155 173 181 182 206 207 219 225 226 242 249 257 258 259 273 282 300 308 310 321 328 
 46 7 24 35 37 42 55 56 67 69 84 93 96 98 108 113 115 122 126 127 136 139 141 145 203 209 211 221 234 242 252 262 263 264 266 269 271 279 282 284 285 288 295 299 311 316 332 
 44 4 10 28 57 58 60 67 70 79 84 90 93 99 103 108 110 114 115 118 124 126 127 135 137 138 140 159 173 180 207 212 229 235 236 249 251 255 258 259 291 298 305 312 320 
 41 5 7 8 27 46 50 62 74 75 80 81 98 104 109 117 126 144 154 157 159 177 179 181 186 193 199 214 218 226 228 232 263 266 284 288 294 299 304 323 326 328 
 50 10 11 16 25 38 39 48 62 70 82 83 85 96 97 115 122 124 127 128 129 137 142 148 154 175 179 191 192 200 203 212 213 219 233 235 248 250 257 258 259 267 280 285 289 302 305 319 327 331 332 
 53 5 7 38 44 52 57 62 63 73 80 89 98 99 107 113 117 137 140 146 158 160 161 166 169 174 176 181 190 191 194 198 200 203 212 214 219 244 256 258 260 261 263 276 282 291 296 298 303 307 312 319 329 330 
 45 7 20 33 35 42 51 57 58 95 97 115 116 118 134 153 161 163 175 179 181 202 208 210 221 223 225 243 245 255 258 263 267 282 284 285 289 291 292 294 298 309 319 328 331 333 
 44 2 14 18 23 30 35 45 53 56 78 79 80 85 87 89 94 112 116 135 161 162 164 166 167 176 179 182 190 194 204 206 210 214 217 229 242 248 258 264 267 286 291 305 327 
 63 1 6 12 22 31 34 48 51 52 55 58 64 67 68 70 81 92 100 101 108 109 110 117 119 125 144 145 146 152 154 160 161 167 168 179 187 199 204 206 217 222 229 233 240 245 248 251 257 258 264 267 268 270 276 284 290 291 303 304 310 312 326 328 
 56 11 20 26 31 33 43 44 45 51 55 57 60 67 70 74 79 80 82 83 87 91 95 97 104 106 107 110 114 133 134 135 141 152 161 205 206 218 219 222 230 231 236 241 251 253 273 281 284 288 292 294 299 314 318 320 330 
 55 17 26 28 42 47 60 61 63 66 71 73 77 84 87 94 102 117 147 154 165 167 176 179 182 188 190 192 202 203 204 210 213 217 220 227 237 241 257 262 265 270 271 272 277 279 280 282 283 288 290 297 320 322 323 333 
 49 4 8 28 34 38 41 47 51 58 73 88 96 100 101 108 117 122 127 130 132 145 151 152 155 160 173 180 188 201 203 206 211 222 231 235 240 261 265 274 284 285 286 288 290 301 309 312 313 331 
 48 7 12 22 36 37 41 48 53 81 87 100 103 113 116 120 126 129 135 139 140 141 147 153 160 168 172 176 187 199 202 206 208 209 211 217 236 248 253 264 267 281 291 306 314 315 323 326 330 
 43 1 10 11 20 31 35 42 46 50 58 73 87 89 101 116 117 118 127 128 130 134 141 157 173 176 179 183 187 188 209 221 228 236 248 266 281 289 291 300 302 318 319 321 
 48 20 26 35 40 41 47 48 49 62 63 64 75 78 81 82 103 104 106 119 125 128 131 156 161 173 178 181 188 190 195 201 206 208 213 217 220 222 228 229 231 234 235 269 295 296 297 300 314 
 52 11 16 21 31 34 38 40 50 52 57 59 71 74 76 80 85 92 93 106 107 113 114 125 137 146 148 168 181 187 188 189 194 228 239 252 261 266 269 275 276 277 280 290 292 302 305 311 317 322 323 326 332 
 55 3 4 20 28 34 35 40 61 67 84 85 101 102 104 111 113 115 124 130 131 140 142 145 146 149 154 159 165 170 171 183 190 195 201 202 208 211 214 216 220 226 231 234 246 247 251 255 272 274 285 288 289 293 329 334 
 48 2 16 24 27 36 38 46 49 53 66 70 79 91 109 123 138 140 148 151 155 161 169 176 178 179 182 190 202 211 214 218 220 239 241 243 246 247 251 268 270 275 280 281 282 295 305 316 320 
 48 7 14 24 25 50 56 72 78 82 84 85 87 92 95 99 108 114 120 121 132 134 136 148 151 153 154 167 169 177 178 182 188 199 202 215 217 227 238 241 259 262 267 275 277 280 316 327 330 
 55 5 7 12 20 25 31 32 34 48 52 54 58 65 80 81 101 113 118 123 135 138 140 145 150 153 155 156 173 178 179 187 193 195 197 203 206 212 213 220 227 234 237 241 245 251 263 269 277 278 287 297 310 312 323 332 
 49 12 19 20 22 26 37 52 61 62 67 68 71 76 78 80 82 83 86 93 99 100 146 147 149 152 163 168 172 174 192 198 199 204 207 214 223 225 226 237 260 262 270 279 291 292 296 300 321 331 
 41 7 10 17 36 38 47 50 59 65 83 89 95 98 99 101 119 123 134 139 141 150 154 155 159 177 187 194 212 215 218 228 230 242 244 248 252 272 285 288 306 319 
 40 2 6 8 11 15 21 32 37 55 75 85 90 93 97 107 122 127 130 139 156 158 162 166 176 181 189 202 210 219 234 254 259 272 285 286 287 300 309 323 328 
 50 15 23 27 48 59 60 68 71 75 81 85 102 107 114 120 131 143 147 150 152 156 161 170 172 175 182 196 198 208 210 221 227 237 244 254 257 258 264 269 270 275 279 286 290 295 300 317 320 323 325 
 39 1 4 11 17 25 28 34 62 64 93 106 121 130 140 142 145 161 162 177 194 197 214 217 230 243 244 249 253 255 267 284 294 300 302 314 324 326 328 332 
 49 9 10 17 18 21 32 43 46 47 70 75 86 88 104 107 108 110 111 117 134 136 141 144 148 152 160 175 186 189 193 204 208 209 212 213 216 225 226 232 234 244 246 252 276 302 304 320 327 331 
 50 2 6 14 25 31 34 39 40 45 49 59 60 63 67 70 79 91 95 105 106 110 116 117 122 138 142 158 167 184 186 188 190 196 197 200 201 224 230 253 272 275 282 285 288 291 296 311 312 320 334 
 55 3 5 8 10 62 63 70 71 73 74 76 84 92 107 113 116 123 129 131 138 139 141 147 149 167 169 172 174 176 179 191 193 194 195 204 206 210 216 217 224 228 236 241 249 259 262 264 276 285 289 294 300 307 311 331 
 43 13 17 19 22 27 30 33 36 44 46 48 52 69 78 100 103 105 109 115 120 123 127 133 143 159 166 196 197 202 205 213 218 227 235 240 246 263 274 286 295 300 303 316 
 44 9 29 30 46 52 58 77 80 82 84 103 107 109 116 123 137 144 145 183 187 195 204 206 214 215 218 223 224 230 231 242 248 252 256 260 274 279 285 289 295 298 320 331 332 
 57 9 13 24 42 46 47 49 57 61 62 63 68 69 87 98 113 117 121 123 124 133 134 140 141 148 155 159 162 163 166 169 177 180 184 186 197 200 207 215 216 228 235 241 255 271 273 278 279 288 290 296 297 301 313 314 319 326 
 57 1 4 7 10 13 16 19 30 31 34 43 46 61 65 67 79 80 83 88 90 95 96 102 103 104 114 122 132 137 160 172 173 175 178 183 187 197 210 218 232 233 243 245 251 258 265 267 269 275 277 281 285 293 304 307 319 332 
 46 1 6 7 15 18 35 42 56 63 83 84 85 98 104 116 117 121 123 127 146 147 151 153 154 162 165 169 179 193 195 202 206 217 218 219 232 239 240 245 275 276 285 296 297 307 317 
 51 11 15 23 38 40 42 44 45 47 50 70 74 79 80 81 82 89 94 95 96 110 118 126 127 136 145 154 163 172 180 191 195 201 211 212 213 217 225 229 236 254 255 264 277 296 297 309 311 316 321 331 
 52 7 13 17 21 24 35 44 54 62 75 77 102 105 112 117 120 138 141 143 149 155 156 158 162 163 164 166 169 191 197 210 218 223 226 228 229 234 241 243 246 258 275 282 289 291 296 298 302 319 325 329 332 
 58 2 5 10 13 15 26 28 37 53 55 59 76 82 85 87 88 89 101 102 103 107 113 126 128 140 144 146 154 157 168 177 180 187 192 206 209 220 221 229 234 240 245 246 251 253 269 275 282 285 288 290 296 312 313 319 320 326 333 
 49 6 9 10 19 21 23 28 36 37 41 51 53 55 74 77 92 93 95 101 106 107 110 122 126 133 135 139 149 150 152 159 161 164 167 181 182 197 200 210 217 230 260 262 279 288 289 303 311 323 
 35 6 10 16 36 38 54 55 56 75 76 79 84 91 100 109 129 139 146 149 151 154 164 171 174 183 191 198 204 229 239 270 296 312 318 319 
 36 6 18 24 40 46 61 65 72 75 79 80 98 116 120 127 135 136 138 151 168 180 203 222 236 238 240 241 261 283 284 285 291 298 310 313 315 
 38 4 17 19 28 40 46 50 51 71 79 100 101 103 109 126 129 139 153 162 163 165 175 181 188 190 217 238 248 253 259 260 265 282 306 308 310 315 328 
 55 2 5 10 11 12 18 20 21 23 25 26 27 34 48 55 57 58 62 71 72 79 98 108 111 113 126 130 131 136 142 146 176 178 179 182 183 190 194 202 211 212 214 216 226 236 248 278 280 282 299 301 306 311 321 332 
 46 3 4 5 11 15 22 31 35 38 40 41 54 55 80 94 120 145 152 166 170 180 181 182 183 195 202 204 217 222 230 235 237 247 253 257 261 263 264 266 267 275 292 300 301 326 333 
 58 2 6 10 37 42 46 48 58 65 67 75 88 91 98 102 103 108 119 123 126 128 129 136 143 145 156 158 162 170 172 174 182 183 194 198 199 210 211 212 213 224 234 238 241 243 245 251 258 263 277 281 290 298 301 310 316 318 328 
 48 2 17 24 31 32 34 35 38 43 48 50 54 67 72 89 97 115 119 123 135 136 165 173 179 187 190 191 198 202 208 210 212 224 233 238 249 256 260 261 275 284 296 302 310 311 314 316 322 
 45 1 4 12 28 44 68 82 84 93 95 96 107 113 116 132 136 141 145 149 160 176 183 193 198 205 207 208 217 227 240 244 245 251 264 265 267 272 293 311 313 320 321 326 328 330 
 35 8 16 22 27 31 50 54 67 81 90 94 96 110 121 145 150 156 163 164 167 179 182 195 210 211 237 242 248 256 267 268 284 308 313 327 
 58 6 7 10 12 24 26 31 33 45 53 55 63 73 76 82 95 106 107 120 121 123 135 140 141 144 146 149 151 155 167 175 177 179 181 215 217 221 223 226 228 229 230 235 242 245 259 260 267 289 295 297 300 307 308 325 326 329 331 
 54 5 6 9 10 15 18 32 36 51 56 60 73 78 91 92 95 97 98 103 111 118 122 133 149 150 152 158 168 177 183 194 203 207 208 210 218 221 226 232 233 240 248 251 253 256 268 275 279 280 285 301 303 309 311 
 41 7 8 33 39 43 56 69 78 87 89 101 107 124 136 139 173 175 187 201 225 230 235 242 243 245 248 249 251 262 265 267 282 285 288 302 305 319 323 324 327 328 
 45 6 22 30 38 49 50 54 59 68 76 78 88 89 92 101 115 118 126 130 141 156 157 160 168 194 211 215 221 232 239 241 253 264 267 275 278 280 281 282 303 306 309 322 324 332 
 45 1 10 11 12 21 35 50 58 65 80 91 97 98 106 111 125 126 131 132 135 137 141 144 154 158 176 180 188 206 209 215 245 269 278 279 281 284 287 300 304 308 313 325 326 333 
 47 18 29 32 33 43 53 59 66 70 75 79 89 90 95 103 107 122 126 136 171 174 177 179 185 189 197 207 208 210 224 226 230 232 236 237 238 242 244 246 261 264 279 284 313 319 321 330 
 54 2 3 4 24 26 29 45 51 59 67 69 73 79 86 87 91 100 112 121 128 130 135 139 146 147 155 162 166 167 174 184 203 206 207 210 217 219 232 236 239 240 253 255 258 270 271 272 281 286 287 294 305 315 328 
 61 8 11 15 26 32 41 42 48 50 55 58 70 84 92 95 99 105 109 116 126 134 142 148 155 156 161 163 165 177 178 179 183 192 195 197 201 208 209 211 220 230 243 248 249 262 265 273 278 282 287 289 290 296 297 300 301 304 309 312 328 332 
 43 1 11 17 48 50 53 59 67 69 74 80 82 89 91 92 93 101 105 109 111 130 137 138 146 157 167 180 182 194 220 224 230 235 258 262 270 285 301 316 317 320 323 330 
 48 21 28 29 33 34 41 49 53 55 58 70 71 77 94 99 101 106 108 143 148 161 166 169 177 183 185 188 189 192 194 200 209 210 216 219 225 245 246 252 254 255 265 282 290 291 316 324 332 
 61 4 11 21 38 47 51 57 69 71 73 82 88 95 103 108 111 112 115 126 133 138 143 162 168 176 185 186 190 196 198 205 206 213 217 225 228 245 246 249 250 252 254 257 259 260 262 272 275 285 286 288 294 297 301 306 312 313 322 325 328 332 
 47 1 6 21 60 61 62 66 73 79 81 93 98 106 110 139 143 160 163 165 176 185 193 194 211 213 217 218 222 231 234 238 245 249 261 268 269 283 286 288 290 302 303 306 309 319 321 324 
 46 14 20 24 28 32 54 65 71 75 79 81 87 91 101 116 126 133 135 142 160 165 170 174 180 210 211 215 219 220 224 226 236 240 241 244 250 258 273 277 301 303 305 311 315 319 330 
 36 8 9 12 30 40 53 55 88 99 118 120 121 126 131 140 142 147 158 160 162 173 181 218 225 235 250 251 264 265 267 270 273 279 296 303 317 
 51 4 11 12 18 20 41 44 49 51 56 58 64 73 78 84 86 95 97 113 123 130 131 152 179 182 184 217 219 226 228 229 231 236 238 267 269 275 277 285 288 289 291 293 300 301 302 306 307 308 324 325 
 48 1 5 16 21 23 29 41 42 46 49 55 58 67 73 81 82 84 86 98 109 111 115 127 132 140 141 174 189 191 211 218 219 225 227 235 251 256 259 272 273 277 282 284 296 306 316 320 329 
 46 1 19 26 28 31 37 40 53 58 65 73 76 79 91 96 99 101 110 119 124 135 148 151 165 209 215 226 245 246 257 267 268 270 273 274 277 279 293 304 309 316 319 323 326 333 334 
 45 1 2 16 18 23 29 31 42 55 62 68 71 73 75 79 84 98 100 106 107 117 129 131 133 134 141 152 162 170 193 195 196 200 201 215 221 224 234 244 250 253 269 272 285 310 
 59 2 3 16 20 23 26 35 42 47 52 57 59 64 85 90 115 123 126 131 137 139 142 151 152 153 177 183 189 193 201 203 210 212 215 219 222 223 227 230 241 246 248 270 272 275 279 282 292 298 300 313 315 320 321 323 327 328 330 333 
 45 9 13 14 16 21 35 53 58 63 69 74 88 90 100 104 113 124 126 132 154 155 157 176 183 192 204 217 221 228 230 246 248 253 254 255 277 279 288 298 304 308 314 316 327 329 
 47 2 9 24 28 29 31 60 73 89 91 96 102 107 108 121 123 133 134 139 147 156 159 171 180 181 201 206 215 217 219 237 238 261 278 279 287 289 290 296 301 316 317 321 323 327 329 333 
 45 12 36 37 44 55 67 77 83 85 93 95 100 108 112 117 122 151 153 155 184 187 202 203 204 207 210 214 217 221 225 231 236 237 245 263 265 268 277 281 284 293 299 309 317 332 
 49 5 10 11 12 15 20 28 30 40 58 66 70 74 82 85 96 100 114 120 124 140 154 176 177 182 190 195 197 202 207 211 218 230 240 242 250 254 256 258 263 268 276 283 289 296 309 321 325 334 
 53 3 15 16 23 31 42 50 56 59 61 68 74 84 88 95 115 116 120 128 134 136 139 141 142 152 156 167 168 173 174 176 184 186 187 193 199 215 220 231 233 244 251 259 260 266 268 274 275 279 287 294 304 328 
 49 15 16 23 24 33 34 39 59 72 88 98 99 100 103 104 113 115 117 120 137 138 146 155 165 168 172 183 199 208 210 214 222 225 226 236 248 252 253 256 266 273 281 288 291 292 297 321 326 327 
 59 7 12 15 31 34 47 65 66 72 78 80 86 93 104 107 109 118 124 130 136 137 141 142 151 154 160 161 163 167 170 174 188 193 197 203 205 206 215 223 231 237 238 246 247 268 269 279 287 289 292 294 295 300 302 303 307 310 314 332 
 50 3 8 12 17 26 27 38 55 72 74 79 85 88 89 90 91 92 105 106 108 114 140 146 154 169 173 176 177 179 187 188 198 210 212 218 220 221 249 250 253 255 262 265 269 276 280 281 302 304 312 
 46 28 31 32 35 43 46 53 80 84 85 88 99 101 104 110 114 118 126 127 129 130 140 147 184 202 207 211 219 220 223 224 230 232 233 237 240 252 255 258 268 273 275 282 290 311 328 
 58 1 11 20 28 37 41 43 53 59 60 67 70 78 85 91 92 94 96 101 126 132 135 139 141 144 159 162 178 182 184 185 197 199 201 207 214 223 237 245 246 249 250 252 254 258 261 263 274 275 283 284 286 289 305 306 316 320 324 
 44 24 31 35 36 46 53 57 61 64 69 74 76 85 91 92 108 114 132 134 135 138 141 153 158 161 174 181 198 204 217 219 225 231 233 248 279 286 295 301 304 306 307 310 326 
 47 22 38 49 63 69 70 74 79 81 82 87 94 95 97 103 107 113 115 118 120 128 130 132 139 140 142 146 149 151 162 163 191 226 248 252 257 263 288 292 305 306 308 312 314 319 324 327 
 45 4 6 21 26 28 29 54 56 75 100 103 111 116 119 122 132 133 135 136 151 166 176 179 182 189 192 205 206 215 218 223 231 245 251 255 262 269 272 277 294 295 316 320 323 332 
 42 15 18 22 35 40 42 46 52 55 60 66 67 76 84 89 113 117 126 133 139 147 166 168 182 187 190 194 199 214 217 220 225 244 248 262 265 266 267 280 285 304 330 
 55 1 6 8 13 21 24 36 37 38 42 55 62 73 82 87 88 103 108 113 130 140 145 147 149 152 160 172 182 186 188 197 198 209 214 219 229 231 250 251 257 258 269 277 278 285 290 292 294 295 297 310 317 322 324 325 
 50 9 15 18 27 28 31 46 50 55 67 71 78 79 98 101 106 111 112 117 121 129 134 139 147 158 163 180 182 190 198 199 214 220 222 228 233 254 258 262 284 288 298 299 303 305 306 310 312 315 332 
 33 16 22 32 39 73 77 82 88 99 110 118 119 135 138 141 173 190 198 206 210 231 251 257 280 296 297 300 301 307 308 310 323 325 
 45 21 24 25 28 34 35 70 85 86 89 92 93 98 100 104 112 126 129 131 143 146 160 165 172 214 223 226 228 232 233 236 242 247 258 273 284 288 293 294 296 304 311 314 328 332 
 43 8 11 15 26 28 35 42 53 54 55 69 71 94 100 107 117 118 136 142 143 149 151 157 162 170 172 174 183 198 199 219 220 222 224 225 262 266 280 293 321 322 324 326 
 55 2 5 11 25 32 34 49 50 62 68 71 72 73 92 96 108 110 119 120 122 133 136 137 138 143 147 151 166 170 181 182 194 198 201 211 214 218 232 242 246 247 249 256 262 280 281 284 288 290 291 309 316 317 323 327 
 41 8 13 17 21 32 35 55 58 68 77 104 108 113 114 116 123 126 136 139 144 153 171 223 229 232 236 239 245 252 261 264 269 273 285 291 295 297 302 314 318 331 
 55 3 7 17 23 26 31 36 38 41 42 61 62 64 67 74 78 79 91 111 116 117 120 132 134 148 151 152 159 161 162 163 168 171 174 184 198 203 211 212 221 234 235 241 243 270 273 279 281 288 289 296 299 311 319 326 
 45 15 16 26 27 35 40 46 77 78 80 90 99 100 105 120 122 128 129 133 139 140 147 157 163 165 176 180 182 186 192 200 207 208 222 224 231 234 247 249 261 263 269 284 304 308 
 50 9 24 31 46 47 49 67 76 88 105 114 116 118 136 149 156 158 172 178 179 184 195 203 209 214 220 234 235 237 242 245 252 256 266 275 276 280 284 290 291 298 301 307 308 315 317 318 324 330 333 
 58 2 6 11 24 33 39 56 65 73 79 83 90 105 106 110 114 118 123 125 129 151 153 154 162 170 171 172 184 190 194 207 213 215 216 217 222 229 230 231 232 236 237 238 240 248 249 259 269 276 278 291 303 304 320 324 325 329 332 
 53 11 19 28 35 49 53 62 69 73 74 77 78 89 93 102 104 106 113 120 121 128 129 132 137 143 151 180 186 187 188 193 196 202 228 234 240 242 250 253 259 261 266 277 278 288 293 296 299 300 306 327 328 332 
 53 2 4 6 14 15 17 21 53 56 59 63 68 81 92 98 99 104 122 125 126 143 146 151 159 165 171 182 184 197 204 206 209 211 216 217 220 235 241 245 252 254 255 259 261 262 269 276 282 289 291 320 331 333 
 37 18 21 23 46 51 52 59 61 74 82 84 100 102 115 122 138 139 156 157 177 182 192 193 214 232 252 255 258 259 261 277 281 283 290 307 313 331 
 48 1 10 15 24 31 33 43 44 46 63 64 80 98 104 108 116 117 122 123 124 126 132 141 145 151 154 155 160 169 183 204 219 226 234 244 251 258 261 262 271 280 283 286 292 293 328 331 332 
 43 15 29 35 36 39 54 55 60 67 68 70 91 99 100 116 122 126 130 137 146 150 151 167 168 189 193 202 224 225 226 239 261 267 269 273 285 286 293 303 312 319 325 328 
 47 10 17 44 47 55 72 91 92 93 97 98 101 107 111 115 120 126 142 159 161 162 164 170 176 179 184 192 197 200 202 223 226 230 238 240 249 251 255 258 260 265 283 289 299 301 304 324 
 58 8 13 20 22 24 25 28 29 35 51 52 63 84 91 92 94 103 106 107 112 114 124 125 131 132 135 137 138 147 149 156 160 167 168 179 191 197 199 200 207 214 218 219 221 233 236 237 253 256 257 259 263 283 297 300 314 317 323 
 32 1 27 29 31 46 61 63 68 83 100 105 114 119 132 143 148 150 154 176 182 187 210 225 238 243 250 268 273 289 292 319 328 
 48 1 5 9 14 22 34 36 77 79 84 88 91 92 94 96 102 105 116 120 129 144 150 157 159 161 167 171 172 173 182 185 196 201 205 232 234 237 252 261 270 274 282 296 313 314 318 324 333 
 44 1 2 7 10 12 33 51 53 65 90 98 118 120 134 142 144 146 159 162 168 178 190 197 217 221 229 235 260 265 275 280 283 286 289 293 294 301 306 311 316 318 319 322 332 
 46 26 29 38 41 56 58 59 68 78 80 81 83 86 93 100 104 109 111 115 119 128 140 145 157 169 184 185 200 211 214 219 225 227 229 236 246 251 252 254 255 262 278 285 294 295 326 
 41 4 7 11 19 21 23 25 26 50 52 81 85 98 106 115 118 122 129 145 152 156 171 179 186 193 221 225 235 245 251 252 260 262 266 281 288 304 312 313 326 332 
 51 15 16 23 35 40 41 46 49 50 51 52 62 69 70 79 82 93 102 113 115 116 151 154 162 165 169 173 182 185 188 191 195 197 199 200 201 208 229 232 254 263 264 270 284 289 293 295 300 304 316 319 
 65 2 9 14 27 29 32 36 38 39 43 44 46 47 51 72 74 83 84 85 92 95 98 105 113 115 121 132 135 146 152 159 160 169 175 183 184 185 188 190 193 201 205 219 233 236 240 242 252 256 259 263 280 281 282 286 290 294 303 304 310 311 317 318 319 324 
 50 4 27 30 35 38 43 52 56 65 66 68 76 87 90 94 105 106 118 121 125 131 137 143 146 155 164 170 179 182 193 194 196 199 200 206 208 225 241 248 290 293 298 303 305 309 317 322 323 326 331 
 52 3 6 13 16 20 23 28 30 33 73 75 82 83 90 98 100 115 120 121 127 128 129 152 155 157 159 165 166 185 188 194 206 216 217 223 230 241 249 261 263 270 272 285 290 310 312 313 319 320 324 327 334 
 48 10 15 18 20 25 28 31 66 90 93 96 107 111 117 124 132 143 151 156 167 173 178 179 183 184 185 198 212 215 218 234 235 236 246 247 250 260 261 264 283 288 292 298 299 301 318 328 333 
 52 2 3 7 10 16 18 25 30 33 35 43 45 47 48 52 56 67 76 84 89 94 104 109 115 116 131 142 149 153 157 168 172 177 186 194 196 198 200 211 219 225 232 271 272 280 293 294 300 303 306 319 330 
 39 20 21 26 28 39 52 59 65 74 82 83 85 91 92 106 112 114 121 140 165 169 191 193 212 216 221 229 233 237 247 257 261 271 279 288 295 298 316 324 
 54 3 11 21 25 29 37 44 49 53 55 68 72 75 76 90 95 99 100 111 131 157 163 164 167 182 194 198 199 201 208 214 215 230 233 236 240 242 243 244 246 250 263 265 269 270 283 288 289 300 306 308 312 319 321 
 46 5 7 10 29 34 38 48 52 58 64 68 79 94 97 102 103 106 109 125 135 147 148 166 172 182 194 197 199 212 218 219 232 259 261 268 272 273 281 289 296 300 317 318 320 331 332 
 42 6 34 43 49 54 55 72 82 90 106 109 120 126 135 140 151 161 171 172 174 183 185 187 194 209 217 226 228 230 237 240 242 247 250 258 269 272 292 300 309 310 329 
 49 13 16 24 25 26 28 34 38 44 54 63 68 71 74 75 96 98 108 116 129 130 137 153 154 159 164 169 190 196 197 201 202 213 221 240 247 256 258 285 291 295 307 311 315 316 317 323 324 333 
 61 13 16 17 25 28 30 31 34 43 44 55 63 68 77 89 90 91 112 114 117 122 126 127 132 136 141 146 150 159 163 167 172 184 187 190 194 219 227 228 229 231 237 239 241 253 254 267 271 278 285 288 290 293 298 302 303 309 311 313 325 328 
 44 11 16 24 25 28 29 30 32 49 50 56 59 64 77 78 79 104 126 133 135 136 152 156 171 172 176 210 226 239 255 256 258 266 282 283 288 290 293 299 303 308 325 328 332 
 46 17 22 28 29 31 37 42 58 63 67 68 95 104 122 129 135 148 149 152 153 159 161 163 164 183 184 190 191 198 203 204 214 223 226 230 231 237 256 258 270 271 274 312 315 316 330 
 45 4 5 15 32 40 41 42 55 65 66 72 75 94 115 121 122 135 141 153 166 176 178 182 192 193 207 209 214 218 222 223 226 227 232 236 261 267 272 273 284 288 291 298 320 333 
 35 1 2 23 25 28 39 49 56 75 87 89 92 96 97 98 104 121 126 133 145 171 193 207 216 229 239 248 252 255 256 272 282 291 295 324 
 45 3 30 38 42 45 48 49 51 70 79 92 99 101 105 107 110 113 115 120 123 126 127 133 134 164 176 177 182 185 186 189 197 202 218 223 229 230 234 248 255 270 299 305 332 333 
 53 9 12 17 32 37 46 53 54 57 69 74 79 81 87 93 114 119 121 124 133 135 139 169 176 178 187 195 198 207 213 214 228 230 233 235 244 245 246 252 253 275 283 285 288 289 290 294 302 307 315 320 328 332 
 49 1 16 18 29 43 55 68 70 83 84 86 95 100 106 108 140 145 159 162 166 193 207 215 218 219 220 224 234 237 240 244 251 253 254 256 257 276 280 282 293 296 307 315 316 318 325 326 327 329 
 43 2 7 11 13 17 21 24 31 45 46 55 83 86 90 91 98 121 139 143 156 158 167 168 172 194 209 216 225 228 231 236 244 255 261 269 270 278 293 299 305 311 324 331 
 38 1 9 11 15 27 33 39 57 60 73 77 88 97 110 119 126 140 141 161 162 173 175 183 188 239 241 243 250 263 280 288 303 312 313 316 320 322 325 
 47 10 11 14 35 38 42 48 51 59 60 73 79 82 88 103 115 117 119 126 129 131 132 141 151 157 160 163 168 171 179 181 191 202 210 214 217 220 227 236 253 259 282 291 303 306 309 326 
 46 8 26 28 38 46 55 61 62 63 66 71 83 90 94 113 116 121 123 124 127 132 149 151 174 177 190 210 215 223 231 233 244 250 264 265 268 274 287 296 300 308 309 318 319 321 324 
 41 14 21 32 39 45 55 58 70 76 122 123 126 127 129 142 147 153 165 171 181 184 198 202 203 208 210 226 227 229 237 247 260 263 271 276 277 288 304 308 317 325 
 46 19 21 23 31 40 42 52 53 62 71 94 99 102 112 113 114 124 126 135 153 159 160 164 166 168 172 174 179 185 186 194 198 206 225 234 239 245 251 266 270 293 302 323 325 326 333 
 42 9 15 19 28 34 37 48 49 54 60 70 74 82 83 93 115 124 132 168 169 170 181 184 188 196 205 210 217 233 237 243 252 256 261 276 284 291 296 302 307 313 320 
 54 8 10 11 12 14 34 52 55 56 58 64 77 78 79 86 88 96 105 108 120 123 126 144 157 167 170 171 176 188 204 213 223 229 230 232 236 244 250 251 256 258 269 273 283 286 289 299 304 309 310 311 313 319 321 
 51 9 16 22 31 38 41 46 51 52 59 62 69 74 80 87 88 93 94 100 106 107 109 110 119 120 121 125 129 136 139 159 161 168 172 179 187 192 201 210 233 235 242 251 256 261 265 270 272 300 326 328 
 30 23 26 28 57 60 75 87 91 99 102 103 104 106 113 121 149 172 173 176 202 212 221 232 249 252 267 273 278 288 290 
 59 2 6 13 24 39 41 45 49 51 54 56 63 65 67 73 75 78 81 82 87 93 97 116 123 132 140 141 142 151 163 171 180 183 198 200 204 211 215 218 220 229 231 235 240 246 256 261 263 266 267 270 271 285 288 290 298 307 319 333 
 42 4 22 39 48 58 61 74 82 84 86 87 97 100 110 116 125 151 155 168 189 193 196 199 202 234 235 241 247 249 271 277 287 288 290 298 302 305 307 312 315 316 329 
 51 5 20 22 35 38 41 46 52 55 63 70 72 80 103 107 108 115 126 129 135 136 141 145 148 154 155 159 168 175 198 199 202 205 216 217 219 220 222 227 231 250 255 259 267 269 278 280 284 299 310 323 
 45 8 19 45 46 49 50 54 55 65 75 88 93 112 116 118 121 131 133 145 146 147 151 162 164 166 171 173 176 183 188 193 210 218 228 231 251 276 279 293 298 315 320 321 325 326 
 50 18 20 35 36 39 41 47 68 72 74 80 82 85 88 90 91 105 108 121 127 128 130 133 141 143 151 158 165 170 185 190 196 202 214 219 224 248 253 256 258 276 285 286 288 303 312 316 317 324 326 
 54 14 16 18 29 30 33 36 37 42 44 45 46 56 74 84 91 97 100 110 123 130 135 139 152 155 160 161 164 171 175 188 203 214 215 227 238 239 242 247 260 262 273 276 285 287 288 290 293 304 307 308 310 312 331 
 42 1 4 8 10 11 12 14 15 18 20 26 33 41 47 64 69 70 76 83 109 144 145 157 165 182 184 187 189 194 204 224 250 251 255 257 268 294 295 299 308 326 327 
 51 5 15 23 25 36 41 48 64 79 86 88 89 91 106 112 113 122 129 138 156 159 160 167 176 181 182 186 189 190 191 193 198 199 206 215 221 229 231 245 257 258 281 304 308 319 324 325 328 329 330 333 
 47 1 16 18 22 23 34 39 41 69 77 92 93 97 102 103 104 114 125 139 143 148 162 164 165 168 177 180 182 184 193 194 219 220 223 224 230 240 243 244 249 276 286 308 313 316 325 330 
 52 4 19 24 29 37 70 75 76 86 88 99 106 113 114 127 131 140 142 143 145 151 161 170 175 177 185 187 193 194 206 208 219 223 233 245 252 258 270 272 276 278 285 291 292 293 295 304 305 307 315 319 334 
 33 7 10 22 41 43 44 46 53 57 95 122 133 139 142 143 154 157 179 181 183 185 196 198 222 231 244 248 271 288 289 293 312 334 
 46 3 5 6 13 21 22 23 28 29 42 43 62 69 79 82 88 92 93 103 105 120 123 126 136 140 142 153 173 190 192 202 210 213 220 229 240 249 251 252 276 291 298 302 314 320 332 
 56 1 6 17 24 28 34 42 49 63 68 70 71 82 97 103 115 118 127 131 149 151 152 162 170 172 176 179 201 217 218 220 228 240 248 249 251 260 261 262 274 280 290 293 295 297 300 302 303 304 305 307 308 312 316 317 327 
 48 6 9 10 12 20 22 26 28 31 42 44 50 58 59 65 67 75 92 94 95 99 115 124 135 139 140 147 156 172 178 180 182 185 194 204 225 230 235 257 258 263 276 297 299 318 325 327 332 
 41 15 18 20 36 45 47 80 89 91 98 102 118 127 129 132 134 136 151 160 167 168 171 177 193 197 203 213 229 255 259 261 264 270 281 295 298 311 313 329 332 333 
 49 3 4 14 23 35 39 43 46 48 54 58 59 65 72 76 92 96 102 115 118 135 136 140 142 146 154 161 163 169 178 184 185 193 199 202 208 213 225 237 251 261 263 264 275 288 295 313 326 328 
 47 5 11 21 23 26 28 41 49 58 60 68 79 110 113 118 126 139 141 148 157 166 173 175 183 187 194 201 205 220 223 225 227 254 266 269 271 275 283 289 295 300 301 317 318 324 325 332 
 46 1 12 20 47 50 52 54 56 57 59 62 70 72 74 77 92 96 99 100 116 124 125 160 166 167 198 211 219 222 237 239 241 251 262 264 283 291 292 293 294 299 300 301 314 317 325 
 58 6 20 21 36 52 57 62 67 73 77 81 82 84 88 94 96 99 111 115 116 126 130 137 139 148 152 158 161 162 167 180 187 190 196 198 199 201 218 227 228 229 231 242 245 248 261 274 276 277 278 279 288 295 300 304 311 322 328 
 46 13 19 20 23 32 44 52 53 60 69 73 80 81 90 103 117 136 145 146 149 152 160 161 165 168 171 186 187 190 195 200 210 222 223 229 231 238 252 258 270 272 273 286 289 303 318 
 46 23 27 28 34 42 50 52 82 83 88 97 98 105 108 116 135 140 141 156 158 163 165 178 182 186 192 195 202 229 238 239 240 256 263 265 267 274 275 279 280 287 288 292 308 310 316 
 45 2 8 24 35 36 45 63 67 69 83 98 101 103 122 129 133 149 158 169 172 174 175 178 194 196 197 201 208 217 253 278 289 293 296 301 303 304 305 306 307 315 320 323 327 330 
 43 3 9 23 46 48 65 75 78 84 86 88 98 101 105 106 107 123 127 131 137 139 141 147 150 169 175 188 201 208 224 227 228 248 253 255 258 261 270 275 310 319 323 332 
 49 4 6 7 9 26 30 42 49 64 71 80 93 96 99 104 105 113 115 117 127 132 135 137 140 142 159 164 166 168 170 182 184 185 187 198 221 251 259 260 273 286 288 291 308 313 320 325 327 329 
 41 6 11 21 27 34 38 44 52 56 61 65 72 74 76 77 78 83 85 107 112 120 121 136 140 151 154 168 169 182 190 197 237 239 253 260 264 268 300 305 307 322 
 28 8 18 20 51 81 89 96 97 104 109 118 129 133 173 186 192 193 207 228 229 234 249 251 255 273 282 290 298 
 51 4 7 15 16 17 21 23 46 48 49 62 64 71 78 81 85 95 99 114 116 118 121 128 134 150 161 168 169 183 186 189 190 195 203 205 215 243 254 269 277 285 286 290 293 302 303 307 315 317 321 324 
 39 1 17 22 27 28 29 34 53 60 64 79 95 112 142 151 158 182 184 187 195 199 201 211 225 226 228 234 245 247 249 256 262 270 273 283 301 305 309 318 
 44 1 5 17 23 31 34 36 44 60 82 87 91 96 106 107 113 114 115 128 130 133 144 145 148 159 161 174 179 182 191 193 195 197 199 214 229 248 274 281 285 293 300 310 333 
 37 6 7 20 59 70 75 76 98 115 127 129 139 145 148 160 161 162 166 177 194 196 197 207 212 230 248 256 261 263 269 281 286 287 311 316 317 329 
 51 30 34 35 39 46 89 90 94 104 108 118 119 123 135 136 147 149 151 154 157 163 165 166 172 174 177 179 183 187 192 202 214 217 222 230 254 255 260 262 272 276 277 286 292 293 302 306 311 317 320 333 
 45 9 18 27 41 44 49 59 60 61 64 68 69 85 86 127 134 137 138 140 141 144 147 148 154 173 178 182 192 194 214 223 245 248 256 257 259 263 265 266 295 301 320 324 327 332 
 39 2 17 20 48 50 51 53 56 73 78 85 93 115 127 152 156 159 168 180 186 188 195 196 202 224 235 238 245 246 250 257 258 261 270 300 305 308 310 316 
 54 5 12 15 20 27 53 55 62 64 71 76 78 82 88 89 95 98 100 103 107 109 111 118 120 121 124 125 129 160 161 166 169 177 183 184 191 201 202 203 212 216 217 235 245 251 262 280 292 294 296 300 311 323 329 
 41 2 16 19 28 31 36 55 61 64 73 96 107 116 119 127 129 152 162 163 173 177 192 196 197 208 218 255 257 264 268 275 277 280 301 303 308 310 311 315 329 333 
 54 6 14 16 19 24 25 36 38 39 66 68 71 74 84 85 88 106 123 130 137 139 160 168 173 179 183 187 190 203 215 223 235 241 245 246 247 252 253 255 257 261 264 276 279 281 285 292 293 295 297 321 329 332 333 
 40 10 16 26 27 35 47 52 53 64 66 71 75 76 79 87 111 113 130 141 154 180 187 202 211 218 228 233 239 244 247 248 256 266 272 287 301 304 314 318 331 
 51 12 13 22 23 45 74 79 80 93 104 106 116 117 120 146 151 152 159 164 170 173 176 184 186 187 188 193 220 221 225 230 234 239 251 256 259 261 267 273 277 278 281 289 294 302 308 314 316 329 330 331 
 43 10 15 23 28 37 42 43 46 50 54 58 71 101 107 129 136 145 149 157 179 184 193 195 199 202 203 207 210 215 225 228 254 255 256 259 263 265 273 279 288 320 327 331 
 42 3 7 14 22 29 33 36 38 64 74 76 82 87 92 93 95 96 114 121 147 148 151 154 163 181 193 201 209 217 220 227 230 231 234 237 244 273 279 289 312 321 322 
 47 11 20 30 32 34 35 49 56 59 62 77 95 97 103 113 115 117 129 141 146 148 160 161 165 170 172 183 186 192 203 212 219 241 246 257 265 270 273 289 296 297 298 301 305 308 324 331 
 48 2 4 12 13 33 38 42 50 53 55 63 96 108 128 132 133 136 140 152 157 160 166 176 179 180 186 191 201 203 205 216 228 240 248 249 255 264 266 273 279 283 287 300 302 320 323 331 333 
 35 10 20 37 39 45 57 58 63 82 86 102 109 113 116 121 122 125 127 133 139 142 168 191 204 210 212 226 234 239 268 269 275 301 304 329 
 56 10 15 22 24 37 38 69 70 74 83 85 99 101 104 107 138 139 155 157 158 161 167 168 183 198 201 204 215 221 223 229 235 248 249 251 252 253 256 260 269 271 272 274 275 281 283 290 294 295 305 308 310 315 317 318 332 
 48 8 13 17 28 29 30 38 40 46 62 71 82 98 100 124 130 132 137 143 160 166 168 169 184 193 198 210 217 219 222 223 226 236 250 255 258 262 275 280 292 293 299 307 308 314 320 322 326 
 53 1 3 14 19 20 24 29 34 50 64 89 94 102 108 110 115 121 128 129 132 135 136 139 142 152 159 164 172 184 213 220 222 229 244 253 263 266 284 288 290 292 293 294 295 300 301 310 311 313 318 325 329 331 
 56 4 9 10 11 12 27 30 32 34 47 51 57 74 75 76 77 86 102 103 114 120 121 125 146 155 159 164 166 167 172 173 184 191 195 203 207 210 211 223 224 225 232 237 239 245 246 265 270 274 275 290 297 309 318 333 334 
 50 5 15 20 40 48 52 60 65 84 87 99 101 104 111 120 121 124 135 140 142 156 166 171 174 179 191 206 211 212 215 223 225 230 232 233 241 247 254 261 269 287 294 302 308 310 311 312 315 329 331 
 47 1 2 9 16 38 39 49 52 53 58 84 88 93 95 97 99 102 117 118 122 124 129 138 141 142 160 161 164 175 179 183 188 209 211 222 227 235 244 252 264 268 284 288 295 297 299 324 
 49 6 12 16 26 51 52 56 60 64 69 75 78 81 89 101 106 108 110 111 114 128 130 136 143 145 152 179 180 182 183 207 215 217 219 226 227 242 247 251 252 255 258 269 289 298 302 318 320 327 
 49 3 20 23 35 38 41 54 55 60 79 81 84 91 99 102 105 107 115 116 119 122 123 127 136 153 159 163 177 181 182 183 195 204 205 207 224 228 246 262 267 274 278 280 292 307 311 316 317 319 
 44 8 20 22 40 48 51 56 57 66 76 96 109 111 116 126 138 150 151 152 156 166 170 222 224 228 232 233 237 241 249 254 257 266 269 277 279 283 295 304 307 312 315 326 327 
 50 1 7 11 15 32 42 49 60 65 66 83 86 88 98 101 120 130 134 136 145 147 149 158 159 162 168 169 173 180 185 188 196 206 216 226 237 238 240 249 264 268 276 279 281 291 296 298 323 329 333 
 49 1 4 8 26 31 42 47 51 54 57 62 68 70 71 87 93 122 130 134 135 137 148 155 164 172 176 180 183 185 186 189 200 231 236 239 242 247 258 264 271 275 297 300 307 311 320 321 328 330 
 51 3 8 13 14 15 16 30 32 34 36 54 61 62 64 68 76 80 84 87 105 107 108 113 124 126 133 134 136 138 144 162 168 180 192 197 211 215 219 230 249 252 261 276 279 286 294 296 298 311 316 328 
 53 4 8 10 28 32 33 40 41 43 47 52 58 80 94 98 101 107 109 120 122 130 143 145 146 147 152 169 171 180 181 185 187 198 200 217 238 239 250 253 266 281 285 286 293 298 300 301 308 313 318 326 328 332 
 49 1 2 6 10 20 21 23 36 39 41 52 55 65 66 71 94 96 98 99 102 103 115 123 137 138 140 151 153 179 182 188 197 212 222 224 228 229 232 236 245 264 270 271 276 294 296 302 303 332 
 44 1 7 15 21 23 26 28 43 47 56 66 81 82 87 95 96 99 102 113 129 131 133 140 152 155 172 177 189 197 206 212 218 219 232 237 255 270 275 286 288 296 306 309 323 
 42 4 11 18 20 25 29 32 34 44 46 58 65 69 73 76 85 89 101 107 113 120 133 172 191 194 195 199 208 211 218 220 226 227 232 234 259 263 288 296 301 303 314 
 48 6 16 17 20 23 38 42 45 48 49 68 75 79 84 85 88 106 117 119 121 129 160 177 178 192 194 201 204 205 206 215 219 227 228 230 237 246 250 251 252 259 261 262 284 289 298 307 325 
 54 5 6 15 17 19 20 25 26 36 40 41 52 54 73 82 92 106 113 115 117 121 123 126 135 146 158 161 169 189 190 191 193 195 197 206 217 218 225 240 247 255 259 264 267 268 271 275 287 289 292 295 311 319 333 
 49 26 27 28 34 38 49 52 58 64 73 74 83 93 94 96 98 99 111 121 124 132 133 136 137 142 162 166 170 174 179 184 189 195 196 200 209 227 228 239 244 255 266 273 301 304 312 324 325 333 
 45 1 7 19 21 23 41 47 63 65 70 73 78 86 94 110 131 132 134 142 168 179 191 195 198 204 217 221 223 231 235 238 247 270 271 274 280 283 294 305 311 316 320 323 331 332 
 54 2 4 5 21 39 40 46 51 52 56 63 65 69 76 79 80 83 85 102 109 129 130 134 137 138 160 161 179 180 183 186 197 200 201 205 209 212 213 218 220 222 225 226 273 283 287 290 294 295 297 306 326 329 332 
 44 7 16 28 29 48 63 75 76 95 98 102 106 107 115 120 125 129 132 137 149 159 165 169 176 182 187 201 204 210 220 224 241 247 249 255 257 259 269 270 298 299 313 317 328 
 54 8 9 11 13 20 25 32 40 42 43 51 53 62 73 77 87 93 95 107 114 125 128 133 135 143 150 162 168 182 206 207 209 210 213 225 234 236 240 241 245 246 254 258 259 270 271 276 279 299 303 318 320 325 331 
