 200 334
 3 3 3 6 6 7 9 9 9 9 12 13 15 15 16 18 18 18 21 21 21 21 24 24 24 26 27 27 27 27 27 30 30 30 31 33 33 33 33 35 36 36 39 39 39 39 42 42 43 45 45 48 48 48 48 51 51 51 51 53 54 54 57 57 57 60 60 61 63 63 63 66 66 66 66 69 69 69 69 71 72 72 72 72 74 75 75 75 78 78 78 78 79 81 81 81 84 84 87 87 89 90 90 93 93 93 95 96 96 96 97 99 99 99 99 102 102 102 103 105 105 106 108 108 108 108 111 112 114 114 114 116 118 120 120 122 123 124 126 126 128 129 129 130 132 132 133 135 135 136 138 138 138 138 140 141 141 141 141 144 144 144 144 145 147 148 150 150 150 152 153 153 156 156 156 156 158 159 161 162 163 165 165 165 165 168 168 168 171 171 171 171 173 174 174 174 177 177 180 180 180 183 183 184 187 189 189 189 189 192 192 192 193 195 195 197 198 198 201 201 201 201 201 204 204 204 205 207 207 207 210 210 211 213 214 216 216 218 219 219 219 221 222 222 222 224 225 225 225 227 228 228 230 231 231 233 234 234 235 237 237 239 240 240 240 243 243 243 245 246 246 246 247 249 249 249 252 252 252 254 255 255 256 258 258 258 258 258 260 261 261 263 264 264 266 267 267 269 270 270 271 273 273 273 274 276 276 279 279 279 280 282 282 284 285 285 285 287 288 288 288 291 291 291 291 293 294 294 297 297 298 300 300 100 
 47 8 23 27 29 33 48 50 52 63 80 82 105 108 121 124 129 134 138 148 149 158 161 166 177 193 194 200 214 219 224 233 235 247 255 258 260 266 283 289 295 300 306 309 312 313 320 326 
 54 7 15 20 24 32 44 48 53 60 84 88 89 91 110 111 119 122 127 128 129 133 145 153 156 159 160 167 178 198 204 213 217 219 220 221 231 240 247 253 255 257 266 267 286 287 296 299 305 308 312 314 322 326 330 
 40 1 4 11 18 35 49 62 71 80 84 90 108 109 118 125 128 133 151 157 160 165 166 168 195 200 222 229 233 234 235 241 265 282 283 285 299 306 309 314 321 
 40 19 26 33 34 67 81 97 98 112 115 116 117 122 125 132 137 145 150 158 163 169 178 179 183 186 199 201 210 215 257 263 269 277 278 287 303 307 313 327 330 
 52 1 2 11 14 18 28 44 47 53 57 58 66 68 95 97 104 113 114 116 117 119 120 146 168 174 186 196 199 207 217 224 226 231 234 247 251 253 260 262 265 280 286 292 301 302 309 311 312 315 318 321 325 
 41 3 10 13 22 26 27 28 37 58 67 82 83 85 91 94 98 104 109 111 141 161 164 177 181 199 203 206 208 222 242 249 253 255 270 274 283 288 292 314 315 322 
 39 19 28 30 37 39 54 83 86 102 108 109 111 120 122 132 136 140 141 145 150 153 168 184 190 229 238 239 244 251 268 274 285 287 297 308 315 318 324 332 
 40 4 12 13 26 31 47 55 56 71 72 73 87 100 109 113 116 123 133 150 153 155 164 182 183 187 192 200 205 217 245 262 271 289 295 296 304 310 313 315 330 
 47 10 12 13 17 33 42 44 71 72 73 95 104 105 114 117 124 127 131 134 139 144 145 149 158 160 167 173 180 181 184 191 194 199 200 216 217 224 230 257 277 285 288 302 311 314 317 327 
 36 7 12 28 32 35 39 43 53 58 72 80 81 85 92 94 99 101 104 105 113 114 121 124 129 135 139 144 150 167 175 182 186 215 245 280 299 
 49 8 12 17 35 43 52 107 108 133 139 140 145 147 148 153 160 167 168 169 177 185 190 203 206 207 211 216 219 221 224 225 227 231 238 242 243 249 251 261 262 263 284 293 294 301 303 314 319 328 
 43 9 21 25 55 59 70 82 86 89 101 109 112 121 123 139 146 150 151 162 168 187 190 197 199 208 232 233 236 240 247 248 254 257 259 265 280 284 292 303 305 306 323 330 
 53 1 11 12 16 20 21 27 31 36 37 39 43 47 60 63 64 73 95 97 111 118 129 133 134 140 144 177 181 184 185 186 193 197 205 206 212 223 227 239 240 241 243 253 259 266 268 274 284 286 293 297 316 332 
 58 1 2 7 14 26 34 37 44 53 63 71 74 78 85 87 92 94 96 97 99 101 108 113 122 124 125 127 128 132 138 143 146 151 153 163 166 171 178 196 199 210 226 241 253 262 265 268 269 279 287 289 290 295 314 318 320 327 331 
 49 9 10 21 33 38 47 57 59 61 69 70 72 84 86 90 97 112 113 117 120 138 139 155 160 162 166 167 169 177 183 184 189 193 198 206 210 216 228 240 243 263 273 280 282 296 320 330 331 333 
 48 4 6 21 29 30 40 45 48 49 61 72 76 77 78 89 121 126 140 141 184 189 192 193 202 216 219 226 228 234 238 242 252 254 259 260 269 275 277 279 281 286 302 315 318 321 325 326 329 
 48 4 12 17 27 29 32 40 42 54 72 78 80 93 102 106 128 134 147 149 153 154 171 173 179 191 194 197 206 210 220 225 229 235 239 252 253 273 274 282 286 290 292 306 314 319 324 327 331 
 58 1 5 11 14 19 21 23 26 35 73 77 78 79 80 82 85 90 91 99 104 112 113 116 118 123 141 148 149 155 162 164 172 180 183 185 186 191 195 210 218 220 228 231 240 243 245 246 252 254 262 267 275 279 285 292 302 308 322 
 45 6 14 16 23 30 36 40 41 47 48 57 70 74 93 104 107 122 124 128 141 151 161 177 183 184 197 200 207 209 210 211 222 238 248 253 260 264 266 267 275 278 301 304 319 332 
 38 5 11 18 29 32 44 45 47 53 60 63 77 91 111 135 145 163 166 169 171 182 188 192 199 209 228 238 253 255 262 266 278 281 286 308 322 327 329 
 44 9 12 15 32 40 49 65 71 83 85 89 94 100 116 119 120 134 135 155 161 173 178 183 188 191 200 221 230 233 241 243 248 251 258 262 274 278 295 298 301 308 310 311 328 
 48 10 11 23 34 52 56 69 82 85 86 96 103 114 123 132 169 173 175 184 189 192 194 199 202 217 219 224 228 237 238 240 256 258 267 268 281 288 294 295 307 309 312 316 318 319 320 322 326 
 53 9 23 28 29 36 37 42 46 50 51 52 56 61 63 69 72 80 103 109 114 120 122 130 132 138 145 146 156 172 184 187 190 197 198 199 218 219 220 224 226 232 233 239 246 248 261 275 278 284 286 313 315 334 
 49 10 16 17 20 22 34 37 41 49 59 67 70 73 77 78 85 86 89 98 107 109 110 116 124 148 156 157 160 172 181 183 191 193 208 217 219 221 243 256 257 260 275 282 290 293 305 323 324 329 
 56 11 13 15 37 39 45 47 52 66 74 76 100 101 119 120 122 123 124 127 129 135 169 172 173 174 175 177 179 182 195 201 202 205 207 214 219 220 221 222 225 226 243 256 262 271 276 295 301 309 315 316 319 320 321 322 329 
 42 6 9 10 18 26 47 62 63 87 89 96 108 109 110 112 122 126 135 143 144 160 166 170 171 173 179 183 189 195 197 218 224 232 236 238 245 247 259 272 295 298 314 
 51 6 8 9 11 14 17 26 27 30 31 47 48 53 57 58 59 67 87 90 107 108 131 132 133 140 141 143 146 167 187 193 197 198 212 224 231 232 246 247 250 251 254 255 266 278 308 312 317 326 332 333 
 51 16 18 25 28 42 46 53 54 59 61 66 72 80 81 82 91 93 95 96 101 102 108 120 126 127 134 165 181 189 196 198 204 205 215 217 224 226 242 251 260 277 281 284 285 292 304 306 307 310 318 334 
 50 4 15 23 25 26 34 58 66 74 78 82 97 99 104 107 123 140 147 151 155 157 167 171 172 176 187 190 193 199 200 202 210 214 223 235 237 243 246 253 258 262 263 266 270 289 296 309 315 318 329 
 49 4 18 26 32 37 38 39 46 51 56 61 63 69 94 99 101 116 120 134 137 142 145 166 176 182 184 185 187 193 200 201 207 220 222 229 239 243 245 247 262 271 277 280 290 293 295 309 329 331 
 45 4 6 19 22 29 49 63 65 74 81 89 96 104 107 110 116 117 123 127 135 152 153 154 155 190 191 201 204 220 223 224 228 255 259 274 275 277 287 294 296 298 300 312 318 323 
 50 4 7 16 29 32 42 53 65 72 73 77 80 81 82 87 90 93 104 106 113 118 132 140 146 150 151 158 163 168 178 187 190 195 199 210 212 219 224 241 245 248 277 297 299 300 303 315 319 327 329 
 48 41 53 56 61 64 67 69 75 76 86 87 94 99 102 105 106 119 139 142 148 152 156 162 164 170 174 181 194 200 204 205 217 229 239 264 267 270 275 284 285 293 295 299 304 308 311 322 323 
 54 5 11 13 18 19 32 35 36 39 49 55 68 77 81 82 83 86 95 97 98 106 109 111 120 123 133 141 149 169 170 181 186 189 199 210 220 224 244 246 248 254 258 265 271 278 281 282 284 289 293 306 309 323 329 
 50 7 22 27 45 46 47 55 64 72 85 87 104 107 127 129 137 139 143 149 150 152 154 161 169 172 174 175 179 189 192 205 207 210 216 224 228 262 263 267 268 271 286 293 299 302 303 306 313 325 326 
 49 4 8 12 13 19 23 29 34 40 45 48 64 65 69 77 79 80 83 87 94 105 112 114 128 136 146 157 168 172 178 185 186 190 200 207 219 220 226 243 249 252 253 258 270 275 281 297 314 329 
 51 2 14 21 47 50 52 54 66 69 71 73 76 82 86 89 90 92 102 105 110 111 120 121 136 140 144 151 152 161 172 173 179 180 189 203 218 234 247 254 258 263 264 266 271 287 290 310 328 330 332 333 
 46 13 16 34 38 45 52 63 66 67 81 82 88 101 105 116 127 130 151 154 158 160 165 170 175 177 183 188 200 214 216 217 222 223 234 239 262 265 267 270 290 295 306 315 318 331 332 
 42 2 4 27 31 41 42 48 50 58 59 60 63 64 69 70 76 78 81 82 90 98 107 112 152 170 186 195 198 205 227 229 242 243 273 285 300 304 308 309 310 324 325 
 44 9 33 39 43 51 56 61 70 103 107 111 113 114 122 127 153 160 167 170 171 173 196 197 222 228 231 234 238 239 241 243 259 270 272 278 284 285 293 297 298 302 309 312 333 
 52 3 8 11 20 23 27 32 43 46 48 50 51 53 54 74 75 77 91 111 120 122 125 136 137 142 143 154 178 182 192 211 221 236 255 256 271 274 278 280 282 285 286 290 296 297 300 311 312 322 323 324 331 
 52 2 12 16 23 28 33 42 45 50 57 59 64 66 68 76 86 96 109 116 122 128 143 148 152 155 159 169 181 195 197 215 220 221 225 227 229 240 246 250 251 276 280 284 289 290 293 294 308 322 327 331 332 
 51 1 15 24 25 41 46 50 57 69 76 79 99 100 101 102 103 116 119 121 128 129 134 159 167 174 181 183 190 199 206 212 228 235 236 240 244 246 249 271 272 277 285 286 290 291 295 296 303 314 319 331 
 43 1 4 6 8 19 41 57 58 78 92 99 111 116 117 121 152 156 173 183 202 205 214 219 230 250 252 254 263 264 270 272 273 278 283 285 295 300 306 320 321 329 330 331 
 47 1 10 15 19 32 50 56 61 62 70 80 92 94 95 101 110 114 122 124 146 150 155 157 161 164 165 173 174 187 192 193 216 218 228 230 237 238 247 255 266 272 281 292 308 310 332 333 
 43 7 13 26 61 62 63 68 70 77 83 85 93 99 135 137 138 141 142 153 162 164 168 169 202 211 216 223 242 245 246 263 274 280 288 291 295 299 312 313 316 322 323 330 
 52 5 12 20 23 34 41 44 55 64 73 75 86 99 102 120 133 138 139 147 151 162 174 182 186 190 196 197 206 207 220 221 226 244 258 260 263 267 268 272 282 289 300 309 312 314 321 322 324 325 326 329 333 
 44 15 25 38 41 42 44 51 52 58 60 72 77 88 91 100 118 126 133 136 137 141 145 149 162 166 178 179 196 206 208 210 212 217 221 261 264 274 278 286 290 302 303 305 316 
 51 16 20 23 26 27 50 51 52 54 56 57 72 79 80 96 97 99 101 116 124 132 142 143 145 146 148 150 152 157 162 165 170 173 181 182 186 187 193 217 225 229 232 237 240 242 271 298 305 310 323 329 
 50 1 27 28 31 36 40 45 46 47 49 53 60 61 73 88 98 107 112 114 116 118 125 132 134 143 154 157 160 161 167 206 216 225 239 244 249 250 257 270 279 285 292 297 299 300 302 305 308 309 319 
 51 1 6 10 13 27 28 30 52 59 61 74 86 107 109 117 119 129 133 150 155 157 163 164 168 170 177 181 189 196 203 206 208 209 214 228 231 233 235 238 257 264 265 267 278 281 284 304 307 317 322 332 
 57 5 11 12 15 22 23 24 26 35 41 65 73 76 79 82 85 89 97 104 116 121 125 130 131 144 147 152 155 164 173 189 192 202 212 214 217 221 226 231 240 244 246 247 248 250 251 258 259 261 263 264 271 273 274 284 319 333 
 52 19 26 40 45 56 62 67 74 76 83 86 89 95 101 102 106 107 108 115 118 129 133 134 135 148 152 160 170 171 184 192 199 201 215 224 232 239 240 247 249 266 269 272 283 286 302 308 311 315 319 326 330 
 41 5 9 20 31 33 36 43 49 50 65 76 87 89 101 104 112 113 125 132 162 166 174 202 204 231 235 236 237 238 242 244 261 291 298 303 304 308 313 316 325 333 
 43 4 5 9 13 14 19 23 24 25 28 35 45 52 53 101 103 104 108 112 134 138 139 143 144 153 178 195 198 216 241 251 261 263 267 277 281 291 302 304 307 316 319 324 
 47 4 16 21 23 24 33 36 44 45 48 78 80 93 94 95 113 116 117 122 125 131 132 136 148 149 156 173 175 199 211 212 226 227 244 258 263 279 281 290 292 295 303 304 308 314 315 321 
 47 5 6 11 22 27 36 47 51 54 56 68 72 83 89 104 115 127 135 154 164 165 171 174 194 206 207 214 227 232 241 260 262 271 282 284 294 297 298 300 303 304 307 309 323 324 326 333 
 42 2 4 17 20 22 33 43 48 51 53 63 65 79 83 84 89 107 112 116 117 121 136 160 174 180 196 199 209 228 234 253 270 276 280 286 289 292 298 301 306 319 324 
 50 3 4 11 18 22 29 32 43 47 52 56 57 64 66 69 82 94 100 116 125 149 150 151 153 156 160 161 164 168 179 180 187 195 199 217 220 223 238 241 243 265 277 285 296 298 300 302 312 318 324 
 46 2 10 18 38 39 41 71 85 89 95 97 114 117 134 141 152 154 164 177 179 187 189 194 196 199 205 217 219 225 235 236 237 238 243 248 263 269 281 287 299 306 309 313 318 319 325 
 47 9 20 26 40 44 45 57 60 67 73 81 82 100 101 104 106 108 114 119 120 124 135 148 154 163 165 176 180 189 190 195 217 220 239 242 244 250 255 274 276 290 309 318 320 323 326 327 
 36 17 19 33 41 56 59 68 73 87 89 94 110 138 146 166 174 182 187 193 206 210 219 220 222 223 229 239 250 288 295 297 315 322 324 330 332 
 51 17 20 21 24 31 44 49 68 80 85 97 105 108 113 116 119 120 125 130 131 156 161 165 168 190 192 194 211 212 225 226 246 257 259 264 266 269 279 281 290 297 300 302 307 310 313 315 320 322 330 333 
 35 5 11 28 29 38 43 60 70 98 112 113 117 126 133 156 157 161 169 200 216 218 222 228 235 238 240 242 259 260 267 274 288 300 308 310 
 48 14 17 23 30 31 35 61 71 79 86 89 99 102 104 112 116 128 140 142 152 155 163 164 172 181 182 183 193 198 201 210 225 227 235 240 245 264 271 276 277 283 296 299 301 304 320 323 327 
 49 1 11 13 19 24 38 51 66 67 76 79 80 85 86 102 105 106 114 118 122 129 131 134 139 142 157 160 162 166 172 178 190 214 217 218 221 238 250 253 254 256 299 312 316 319 321 323 327 328 
 48 2 6 9 13 35 36 38 39 40 41 42 58 66 74 83 89 92 112 113 115 122 123 125 131 155 167 168 171 172 188 189 197 198 199 213 236 258 267 271 279 281 286 302 306 307 318 323 326 
 50 4 6 9 10 23 26 33 35 45 54 57 59 65 68 75 82 83 87 89 100 110 126 140 143 145 146 160 166 169 170 183 190 202 212 229 232 246 247 254 266 269 274 283 291 311 313 320 322 324 332 
 50 2 9 12 34 40 42 43 48 53 61 69 70 81 89 91 99 103 117 122 123 139 145 151 160 163 180 182 185 188 189 197 198 199 224 226 230 234 240 244 250 261 281 287 296 297 302 304 314 315 317 
 50 17 25 35 36 52 59 60 66 67 71 76 77 81 85 86 87 89 97 112 113 114 128 132 135 141 144 147 161 162 167 181 189 202 208 214 224 234 246 255 260 273 284 288 298 301 307 316 317 321 322 
 36 9 14 23 29 35 36 37 56 81 87 95 99 117 128 134 143 152 161 181 186 188 213 214 219 228 230 255 269 275 280 281 283 291 298 299 324 
 48 7 22 26 52 59 62 68 70 85 89 94 98 100 103 104 109 114 116 119 120 129 133 147 160 165 171 195 196 199 201 214 216 223 244 256 257 258 266 280 283 288 297 299 311 316 329 331 333 
 43 11 15 16 28 29 32 36 38 42 49 53 87 88 89 90 94 101 102 104 111 116 118 129 137 140 141 151 158 164 168 187 198 204 213 227 244 299 301 308 321 322 328 331 
 60 7 8 9 11 18 19 27 37 65 70 74 76 80 84 89 94 97 99 100 101 107 109 112 128 135 144 153 160 162 163 164 167 169 175 179 180 194 199 204 205 210 218 224 228 231 233 235 245 259 265 273 278 287 292 296 313 315 322 323 330 
 38 1 7 11 22 35 48 70 72 77 78 83 85 116 120 140 158 170 171 173 178 183 189 194 206 225 230 233 248 249 280 287 288 297 304 310 316 326 328 
 40 1 40 42 44 48 68 69 70 73 76 84 94 97 98 109 121 129 131 136 145 161 166 168 175 179 187 191 198 205 221 226 233 234 273 277 296 319 320 323 324 
 52 2 16 17 19 25 30 33 39 41 50 72 74 77 82 93 108 115 116 120 126 135 153 156 168 180 186 188 191 192 205 207 209 210 213 225 227 229 231 239 240 248 251 252 260 267 273 279 288 292 295 310 328 
 58 2 8 14 20 32 35 36 47 51 55 59 64 72 73 84 89 93 101 102 111 128 136 137 147 155 158 164 168 188 200 203 215 216 224 225 235 242 250 254 259 261 264 278 280 283 284 287 289 291 298 302 306 319 324 327 328 331 334 
 40 6 7 18 20 44 51 52 81 89 91 105 112 117 129 137 140 158 161 165 186 198 199 200 216 228 230 232 237 238 245 262 266 278 280 288 299 306 314 320 328 
 42 4 8 16 20 27 40 44 49 51 58 68 69 70 86 97 116 123 130 131 154 163 167 193 199 211 215 216 230 236 237 240 248 273 278 288 290 292 293 295 296 317 321 
 43 18 27 33 40 49 52 62 63 64 69 89 93 94 102 117 119 123 131 134 141 145 168 177 179 196 197 208 214 215 222 226 250 251 254 256 279 292 299 300 309 310 312 314 
 53 2 4 6 21 23 28 32 37 38 39 40 44 47 55 56 75 77 79 81 106 108 113 116 123 130 133 136 147 156 162 176 188 192 193 197 215 224 226 227 245 248 251 257 260 262 274 275 276 277 304 311 319 320 
 49 2 8 32 36 50 53 54 60 65 69 70 73 80 91 101 103 112 113 127 134 143 144 147 158 161 165 166 170 187 193 195 198 207 210 216 217 220 238 242 257 262 266 275 284 293 306 327 328 329 
 52 6 11 19 23 24 27 32 34 41 43 45 53 54 77 78 110 113 115 121 127 130 135 147 148 182 183 185 187 205 228 229 239 240 243 249 251 252 255 263 265 273 274 282 283 299 300 301 302 307 310 323 326 
 40 2 8 13 44 50 55 58 73 76 78 80 81 85 106 109 113 119 131 133 141 161 162 163 167 170 190 200 201 216 217 218 222 225 264 274 300 305 308 314 333 
 43 13 20 22 50 52 68 69 71 83 86 97 117 118 122 123 130 134 138 139 146 165 173 174 196 199 211 212 216 221 231 235 240 243 247 273 279 280 285 286 298 323 326 329 
 63 2 10 11 12 15 17 23 24 26 49 60 67 69 72 77 88 89 103 104 111 121 127 128 130 131 141 160 170 178 183 199 205 207 208 210 215 216 218 219 221 224 231 243 250 253 262 263 274 275 284 287 291 294 297 303 305 306 310 312 316 317 322 326 
 46 7 8 18 32 33 52 58 72 74 79 83 84 86 89 97 99 104 127 133 137 143 145 146 150 151 153 172 205 219 224 242 253 254 257 267 277 284 293 296 299 312 320 322 326 329 330 
 41 1 17 21 44 45 56 73 80 84 93 102 107 119 130 135 149 151 153 154 159 167 169 171 182 205 208 216 250 252 254 262 273 277 289 293 295 302 306 307 308 312 
 51 6 8 14 16 21 22 25 26 30 43 48 56 66 69 78 80 81 93 97 100 119 120 121 123 129 131 133 141 145 151 155 157 162 167 205 220 228 232 239 251 253 267 269 270 279 295 298 305 326 327 332 
 49 8 24 29 38 43 44 52 62 72 75 76 81 82 85 88 89 107 118 123 125 130 138 139 146 150 165 167 204 221 230 236 238 246 247 249 256 264 265 290 292 295 296 299 305 308 310 319 320 331 
 45 1 7 21 37 44 51 52 56 57 59 66 68 69 71 89 94 101 113 120 126 133 147 156 166 167 172 173 205 206 209 211 212 220 224 226 229 244 264 266 274 279 294 322 329 332 
 49 13 15 47 52 56 57 58 59 79 80 83 97 102 114 123 127 131 142 144 145 151 162 167 171 180 190 195 199 200 207 211 215 228 229 239 245 254 257 263 270 285 291 296 303 309 310 313 318 319 
 57 5 13 14 30 38 45 47 53 55 70 74 77 80 90 97 102 110 116 123 124 127 146 150 151 160 161 165 168 169 171 181 189 191 194 212 218 219 223 231 239 240 244 246 254 261 269 270 271 272 278 283 292 294 302 303 317 329 
 42 16 30 40 49 52 56 57 68 72 73 76 77 84 85 106 126 138 143 160 165 167 175 182 193 204 245 253 254 257 259 260 270 273 291 293 297 308 309 314 319 320 323 
 48 13 30 31 37 42 46 56 64 69 76 81 87 94 107 108 121 123 126 155 166 173 184 185 186 191 195 204 212 217 227 229 233 236 238 243 257 260 263 270 273 277 280 281 284 306 315 319 321 
 52 4 6 9 22 33 36 41 51 56 68 74 78 81 86 89 91 99 102 106 107 108 110 112 118 131 133 136 144 164 170 184 189 193 196 213 215 219 221 232 237 242 272 275 278 287 296 308 317 318 322 323 331 
 45 2 16 17 20 22 45 47 55 60 62 64 69 72 86 90 99 108 125 129 132 141 148 150 153 157 158 162 170 182 188 203 213 228 231 234 241 242 266 278 301 306 320 322 324 333 
 46 1 15 18 38 40 44 48 50 58 61 70 74 85 96 98 99 103 105 126 132 133 135 140 142 155 159 177 187 199 207 216 242 246 262 263 275 277 280 286 298 308 314 316 325 331 332 
 55 4 14 20 23 24 32 34 38 39 40 57 62 63 74 76 81 92 107 124 127 135 137 145 151 155 160 161 162 173 181 182 185 187 197 206 215 217 222 227 230 240 247 258 269 284 290 293 296 298 302 321 322 330 332 333 
 49 4 16 22 23 30 40 55 77 80 81 95 97 99 108 116 120 121 127 128 129 130 134 138 139 149 175 178 199 211 225 226 227 236 246 247 253 254 275 280 291 292 294 298 301 303 327 329 332 333 
 38 1 4 10 20 24 39 41 43 44 58 60 69 81 88 100 112 118 122 124 127 131 164 194 206 210 211 213 254 269 270 274 290 292 302 312 320 322 325 
 53 2 23 26 28 31 34 40 41 45 56 57 61 62 86 90 94 95 97 105 119 122 125 132 136 161 167 172 187 200 211 225 227 239 240 247 250 259 264 266 270 286 292 300 301 303 304 305 307 309 316 319 327 331 
 47 7 12 14 19 21 23 59 66 76 77 78 80 93 95 101 105 106 111 115 130 135 136 147 170 180 185 189 200 206 207 210 222 226 227 229 236 249 252 259 269 271 284 294 305 306 312 327 
 54 3 12 13 25 27 30 40 41 43 60 64 69 78 86 90 92 102 103 115 126 128 137 147 148 149 151 154 158 167 178 179 192 195 201 210 211 213 216 227 231 239 254 256 258 259 276 277 285 288 293 294 298 302 313 
 51 3 14 15 35 37 51 55 62 64 83 90 97 102 105 109 114 151 160 163 182 195 196 200 203 208 211 214 227 235 237 240 241 242 245 246 253 255 263 268 276 290 293 298 299 301 304 308 309 326 329 331 
 51 18 20 21 35 36 45 48 52 69 84 89 94 97 103 111 113 115 117 120 129 130 136 148 167 169 186 187 190 193 197 198 210 213 231 238 247 249 254 262 265 275 277 283 287 294 302 303 309 314 323 330 
 52 7 8 25 29 37 50 52 63 64 66 69 78 84 89 90 93 94 97 104 107 113 121 136 139 140 150 157 165 168 172 176 180 186 195 205 219 233 235 237 250 258 272 273 284 285 288 295 300 311 312 316 328 
 47 5 7 10 12 23 28 38 40 41 50 53 62 63 76 96 109 115 123 128 133 142 148 153 160 166 168 171 183 184 203 208 211 215 216 219 223 229 234 235 238 252 257 278 293 304 310 325 
 59 3 8 11 20 27 37 41 48 49 52 53 56 57 63 65 67 78 85 92 99 101 108 118 120 123 126 146 148 152 155 163 169 177 182 185 189 201 202 205 208 209 211 235 241 244 245 252 253 274 278 281 284 300 308 314 318 319 322 324 
 38 5 19 20 26 29 67 81 101 102 103 104 108 112 116 122 156 163 182 188 204 205 211 220 243 246 251 252 256 266 281 285 292 295 296 305 308 321 331 
 56 17 18 20 28 30 38 44 45 52 57 78 80 82 85 86 94 97 101 102 109 110 111 119 128 153 157 163 168 180 189 198 201 205 207 208 242 243 253 256 258 261 269 276 279 288 289 297 298 308 311 312 313 315 317 332 333 
 52 5 7 20 28 33 36 38 43 47 52 56 61 62 63 70 83 84 95 101 102 123 124 125 128 132 139 141 146 147 149 159 172 179 183 210 215 218 220 221 226 234 239 247 248 254 260 268 269 308 311 320 321 
 41 4 23 26 44 68 82 94 102 104 108 113 117 123 128 129 130 134 136 152 167 173 180 183 194 202 212 218 225 226 231 234 241 249 251 264 293 301 306 307 309 325 
 39 1 15 19 20 26 30 49 53 67 71 75 77 95 101 127 134 148 155 158 161 166 170 176 189 197 205 218 224 252 271 275 277 297 303 313 314 316 317 323 
 51 5 13 17 19 20 21 33 46 47 52 53 76 87 88 94 98 104 113 117 129 133 138 142 150 155 159 173 178 181 183 186 190 192 197 200 202 204 209 210 211 227 234 240 243 260 265 277 278 281 302 327 
 44 7 16 32 46 70 81 82 89 92 98 102 110 111 127 141 144 151 152 159 169 176 177 186 187 191 203 204 205 208 219 236 239 263 271 279 282 288 289 300 301 303 322 323 333 
 48 16 24 27 37 42 50 52 54 61 63 72 86 101 105 107 118 125 129 132 134 138 142 151 166 167 170 173 190 194 199 200 202 204 205 206 220 232 263 270 272 273 287 291 292 299 308 325 333 
 49 1 14 18 22 25 27 28 33 40 47 57 71 74 77 80 81 82 100 104 105 127 130 136 151 158 164 174 176 179 180 192 198 212 215 235 236 257 261 269 275 277 296 297 305 308 309 311 323 331 
 49 3 6 8 12 20 24 29 34 51 54 79 82 85 94 109 113 115 119 125 126 128 130 160 162 171 180 183 189 193 194 198 205 210 212 214 217 222 228 246 247 262 266 272 280 282 292 299 303 322 
 47 9 20 22 23 35 36 54 68 87 88 93 100 102 104 116 127 134 136 137 138 139 142 147 149 155 158 161 174 175 182 188 209 229 232 238 248 252 275 277 282 296 299 316 320 322 323 325 
 41 7 32 36 50 81 85 101 109 110 126 130 131 140 144 145 152 161 165 169 175 187 188 194 195 208 212 231 236 241 242 245 246 255 259 264 279 294 298 315 325 326 
 36 16 27 29 49 62 81 88 93 125 134 137 142 148 157 159 161 165 167 185 193 207 212 220 225 228 229 239 259 271 274 278 280 299 304 318 326 
 38 8 27 28 33 44 49 52 60 66 70 78 82 90 96 102 103 110 126 132 134 171 175 183 185 198 206 231 239 246 255 260 262 263 302 307 312 314 321 
 43 1 5 7 17 26 27 34 37 52 63 65 72 75 87 92 93 105 109 123 140 149 156 170 173 178 181 191 193 196 223 225 230 236 243 244 250 251 275 284 285 287 293 319 
 47 24 30 39 50 55 66 67 68 70 75 77 87 88 89 97 109 115 119 121 133 139 154 160 174 178 186 188 205 206 209 216 219 222 224 230 236 247 277 300 315 321 323 326 327 328 329 330 
 57 1 4 14 19 20 24 32 38 39 41 42 53 58 66 69 70 81 83 87 90 91 97 101 103 108 118 122 124 130 131 138 158 167 171 173 175 182 194 200 203 204 221 225 226 228 241 272 280 285 292 303 305 308 317 322 325 332 
 49 5 11 18 21 59 63 65 68 86 91 94 96 111 120 127 128 132 137 145 154 156 170 176 184 196 199 207 220 224 237 241 262 267 268 270 271 273 280 288 294 296 301 302 305 308 310 323 327 331 
 49 1 12 28 29 39 46 54 58 59 60 62 82 94 95 99 102 103 110 114 135 136 141 144 147 149 158 159 161 165 171 178 190 193 200 204 212 214 246 256 262 263 271 280 282 288 298 302 307 316 
 42 28 32 35 40 43 44 46 49 59 64 65 73 82 83 98 106 107 116 118 119 132 136 137 141 142 148 149 154 213 233 235 237 240 256 264 271 289 290 294 295 303 329 
 48 1 4 8 13 14 29 31 35 53 64 66 73 81 84 112 117 128 129 135 137 143 160 186 191 197 202 208 210 224 226 228 229 232 238 240 243 253 265 267 269 289 300 312 313 322 330 331 333 
 34 2 13 20 21 23 26 36 41 46 74 92 93 106 119 121 125 133 155 160 202 205 206 211 214 240 245 246 263 274 283 295 317 319 323 
 34 14 15 36 40 56 58 87 106 107 121 132 134 151 152 155 158 166 170 171 197 213 220 221 237 239 242 247 262 290 298 309 330 331 332 
 41 5 20 27 40 55 57 63 83 91 95 107 112 120 138 149 151 156 168 169 170 171 172 206 209 211 212 219 221 226 233 241 246 257 262 284 286 289 300 314 321 322 
 34 2 5 19 36 37 50 53 61 69 100 102 104 108 117 137 142 154 162 168 173 180 230 237 253 255 260 269 272 273 286 287 306 330 331 
 42 18 19 24 30 48 54 58 61 67 79 89 93 96 106 109 114 121 127 128 138 158 175 177 197 203 211 214 215 218 222 223 224 244 252 267 270 277 291 298 312 315 323 
 38 2 6 7 8 14 30 39 41 43 63 83 84 86 97 109 133 146 178 180 183 190 204 206 214 232 239 242 246 248 265 275 277 278 296 305 306 309 326 
 50 2 16 17 27 28 33 35 36 50 64 77 81 82 83 92 97 98 106 118 120 122 123 130 161 165 173 178 180 188 190 193 199 201 208 227 237 238 251 253 260 262 272 278 280 283 286 298 309 310 333 
 50 7 12 16 17 19 23 26 37 38 44 47 50 51 54 60 61 62 80 104 110 117 121 123 130 133 153 161 164 173 184 197 199 202 210 217 227 254 268 269 275 294 301 302 305 315 316 318 325 327 332 
 43 4 7 13 14 27 28 29 35 43 47 56 59 60 68 74 75 86 90 95 103 109 118 119 154 155 157 168 177 188 193 207 213 214 216 223 241 242 246 268 274 283 294 298 
 52 11 12 15 23 26 27 29 30 31 33 37 38 46 54 69 74 77 80 81 97 98 109 123 124 129 131 136 147 152 155 163 170 179 186 188 194 207 216 219 234 242 256 262 275 278 281 282 295 298 314 317 325 
 47 1 5 7 12 13 19 26 28 36 60 67 91 92 93 105 120 124 129 131 138 139 142 152 157 173 174 182 213 227 241 250 251 260 264 266 276 291 296 305 307 309 311 315 317 324 327 330 
 39 2 3 5 8 10 17 18 19 38 46 52 64 72 80 96 113 118 129 134 137 139 150 157 159 162 179 180 189 193 203 226 246 255 264 294 301 302 320 330 
 42 4 12 13 26 28 32 82 83 103 112 133 139 141 143 157 165 180 183 186 189 193 201 209 210 226 237 239 241 249 251 258 263 269 283 284 299 303 306 309 312 316 327 
 45 9 30 38 41 46 48 56 57 74 78 91 95 97 110 130 144 145 150 154 157 169 175 178 192 198 199 209 211 213 216 222 231 234 235 240 250 254 257 289 292 308 309 317 318 322 
 41 16 19 26 53 54 56 57 59 61 63 68 76 78 89 100 103 115 116 139 161 181 187 189 198 200 204 207 217 228 234 245 257 262 263 270 276 284 286 307 329 330 
 43 15 34 41 45 58 63 82 83 98 99 112 116 118 125 127 128 143 173 194 206 210 223 225 228 230 233 242 244 250 256 260 264 266 269 270 271 272 273 279 286 299 300 315 
 45 1 5 7 19 20 58 65 67 73 92 93 94 105 112 124 126 129 136 149 164 173 175 184 187 192 193 194 205 210 213 215 216 225 227 228 240 245 258 261 271 277 293 300 301 333 
 59 2 8 10 11 25 38 40 41 43 45 47 61 67 69 71 74 81 90 94 95 97 106 113 115 129 134 142 147 149 161 175 179 183 198 201 203 226 228 231 243 244 253 258 264 266 277 281 284 289 290 293 294 296 305 313 319 323 325 333 
 47 6 7 13 14 18 32 34 49 67 69 70 80 88 104 112 124 133 136 138 140 143 146 151 155 165 195 199 202 214 221 229 231 232 234 239 242 244 287 290 292 293 298 306 318 323 329 331 
 42 7 9 13 17 21 24 33 43 55 64 67 68 72 77 85 104 105 112 139 156 186 197 199 200 204 223 224 233 243 244 250 253 255 257 261 263 268 270 276 289 292 302 
 61 1 17 19 26 30 32 39 40 42 52 54 57 72 79 81 91 92 97 100 112 124 136 137 142 157 160 161 165 169 170 174 181 189 190 202 204 208 210 214 220 225 239 243 244 245 255 263 269 279 280 283 288 290 292 302 304 310 320 328 330 332 
 45 4 6 12 13 14 18 29 32 33 40 46 54 63 64 66 71 93 95 99 120 124 137 145 153 177 178 186 190 202 212 233 248 252 256 258 262 274 276 292 294 295 306 308 309 331 
 60 1 4 5 8 15 21 23 28 30 41 43 51 55 76 91 98 102 104 106 109 113 128 132 134 137 144 157 163 165 173 177 179 191 194 210 212 218 233 239 243 245 263 266 270 274 279 281 284 292 294 304 308 311 317 318 319 320 324 328 331 
 40 6 7 31 41 52 65 72 75 81 90 105 108 111 119 123 129 133 134 139 140 148 149 156 160 167 182 189 202 211 213 221 240 261 275 285 287 294 303 311 329 
 49 4 12 23 37 39 56 63 69 74 76 78 80 81 89 94 96 101 102 103 116 123 124 146 148 156 162 166 168 174 183 189 191 203 215 217 222 228 244 253 256 262 285 291 299 310 313 315 323 327 
 44 6 15 17 24 27 36 41 67 68 72 76 82 94 103 104 120 139 150 151 153 156 161 179 186 191 205 214 218 222 225 227 228 235 236 250 267 272 273 292 296 306 308 318 329 
 50 1 6 9 16 20 24 25 29 37 39 42 57 67 81 83 94 95 97 98 103 114 117 121 122 123 124 140 149 165 171 181 184 208 209 215 218 224 225 231 234 237 256 259 263 270 275 301 303 316 328 
 47 5 19 20 32 34 40 44 47 51 52 53 56 70 76 86 96 97 112 119 120 139 142 160 161 179 191 197 198 203 204 209 219 224 225 227 235 244 260 272 273 280 285 296 303 308 325 328 
 50 3 12 14 21 23 25 45 48 52 53 54 74 75 81 87 90 117 123 125 126 128 144 151 163 168 179 186 189 193 194 197 210 217 227 236 240 243 245 264 269 270 272 274 282 283 285 295 313 314 315 
 37 12 16 20 23 43 50 52 60 63 65 66 68 80 81 113 137 164 171 178 190 193 197 224 228 230 239 247 248 251 252 253 256 284 286 307 320 321 
 36 3 15 24 27 28 59 68 79 118 119 122 125 130 132 141 145 154 156 180 181 182 191 214 224 234 242 244 289 295 298 311 323 326 329 332 333 
 47 9 13 19 23 36 38 39 58 63 66 72 75 76 77 79 85 95 96 98 102 103 106 107 129 136 142 151 159 162 163 164 167 171 174 193 218 228 242 246 263 271 284 287 312 314 327 328 
 50 1 8 13 23 25 27 31 36 54 55 57 73 89 101 103 116 122 125 131 141 145 146 156 163 164 165 169 170 171 177 182 186 197 202 203 210 219 220 227 229 238 250 254 260 263 298 299 305 324 328 
 49 4 5 23 36 41 54 55 61 66 67 68 69 76 77 84 85 90 91 99 101 102 113 114 122 130 132 149 154 155 157 166 176 189 200 204 211 212 213 214 217 241 250 251 276 278 279 303 313 328 
 54 2 3 4 8 10 12 16 18 25 50 67 75 78 80 93 94 99 104 123 131 135 136 137 147 150 152 163 177 191 201 207 208 213 214 215 216 217 223 225 227 231 242 251 259 268 277 278 285 301 305 319 321 327 331 
 47 3 4 10 16 17 28 31 36 42 43 44 58 66 67 68 69 75 76 80 81 91 94 105 127 189 210 211 213 228 236 238 254 263 270 274 281 282 284 295 301 307 308 309 314 329 332 334 
 53 2 7 17 28 33 34 40 41 42 43 51 56 69 75 78 82 84 95 99 108 112 117 119 122 124 135 136 140 146 152 159 160 164 170 176 179 183 192 201 212 219 227 231 236 257 273 277 285 291 294 295 313 327 
 56 1 3 4 7 11 13 14 24 26 31 34 36 47 48 54 71 78 79 80 87 90 97 111 112 113 121 122 124 127 130 136 138 147 148 171 174 182 183 185 190 196 200 218 234 241 245 256 257 260 275 289 291 293 298 304 322 
 50 1 16 24 27 31 40 52 63 67 73 76 77 81 82 91 106 112 115 120 132 134 136 137 138 155 160 170 186 187 199 202 203 208 211 213 216 217 219 231 236 261 264 266 270 289 290 306 312 317 323 
 47 1 7 9 12 19 23 24 27 29 43 50 53 54 59 70 73 84 90 95 97 98 101 104 107 108 129 130 142 155 160 162 175 179 185 206 227 239 241 242 260 263 278 279 282 295 310 318 
 44 1 38 40 43 45 58 65 66 67 75 79 80 89 92 95 108 111 114 120 121 134 155 158 182 183 190 198 204 217 219 247 250 264 266 267 268 273 275 281 296 301 319 324 329 
 36 7 11 20 23 24 37 43 52 56 58 63 69 73 76 103 107 118 123 138 141 156 159 161 163 175 192 197 220 243 244 262 269 273 300 305 329 
 44 12 38 52 57 62 66 70 73 91 97 99 115 128 133 137 140 146 150 151 153 162 167 171 172 176 181 182 186 187 216 234 237 249 277 280 293 303 305 306 314 319 324 327 332 
 44 4 8 10 14 19 27 36 47 56 66 76 79 81 83 102 112 114 121 128 132 142 148 157 160 164 173 185 197 207 214 218 225 229 243 248 256 262 282 289 292 298 313 318 333 
 49 4 7 9 20 26 31 38 40 53 57 60 71 74 85 93 97 106 115 117 152 158 159 160 163 171 179 180 185 193 215 217 218 223 225 227 238 243 244 247 253 258 260 262 272 273 274 296 305 331 
 57 1 7 16 21 25 26 27 32 33 43 57 65 75 80 81 84 85 91 95 99 101 108 110 117 129 132 133 144 145 159 160 166 168 170 172 173 177 182 190 200 208 209 214 227 231 232 234 245 255 257 263 265 270 274 282 312 324 
 47 14 20 66 68 79 81 85 105 110 111 116 121 125 129 130 133 137 138 139 143 144 148 160 163 164 175 179 183 207 211 224 229 231 238 244 245 253 259 268 270 302 311 315 316 326 330 332 
 49 11 21 23 32 43 53 61 75 77 79 90 101 104 106 107 115 129 132 136 138 139 151 158 162 173 177 178 186 200 206 210 219 235 246 247 252 255 258 259 264 271 277 282 287 300 306 307 318 333 
 42 6 9 14 18 25 28 31 40 43 46 55 95 102 110 112 124 136 137 142 144 155 162 186 188 189 199 206 224 236 260 266 269 273 285 286 294 304 307 309 314 321 332 
 50 5 8 11 15 17 24 25 42 43 50 66 67 70 72 73 81 82 90 94 101 104 107 117 177 179 182 191 207 214 225 229 233 236 239 250 251 260 266 271 282 296 297 299 303 308 311 312 315 325 328 
 49 2 3 10 13 17 22 24 56 63 76 86 105 106 108 114 139 145 147 160 163 171 173 174 176 177 178 182 186 195 202 221 225 228 246 249 254 267 272 279 280 285 291 294 295 297 318 324 330 331 
 43 10 15 16 27 37 49 62 72 74 76 79 80 84 116 121 125 129 142 167 183 185 191 193 195 199 216 218 219 230 232 244 249 257 265 267 272 277 289 302 315 318 331 333 
 59 1 4 10 21 27 29 38 39 41 51 54 68 71 72 76 86 87 94 104 128 129 139 140 145 160 165 177 182 187 192 199 214 215 219 222 225 228 237 239 240 245 248 250 251 252 259 261 268 270 280 282 287 296 304 313 319 326 327 328 
 40 8 11 14 22 36 47 48 56 57 66 69 89 96 103 115 120 132 140 141 148 149 150 156 197 202 203 206 217 219 222 224 230 291 293 296 299 307 310 331 332 
 49 2 19 22 30 43 47 50 52 56 60 67 82 85 100 109 117 120 127 129 139 146 147 148 151 158 162 168 177 184 189 199 202 219 226 230 231 233 234 251 255 264 278 280 294 311 322 330 331 332 
 41 8 16 27 30 52 59 70 78 79 85 86 91 92 100 125 127 130 139 142 143 145 163 164 175 182 184 192 194 235 254 256 280 286 291 295 298 302 304 312 322 323 
 60 11 12 13 16 19 30 32 43 49 52 54 61 68 72 74 80 82 107 108 112 116 127 130 133 136 156 167 177 182 184 186 189 190 194 205 207 210 220 221 222 230 233 236 242 252 263 273 274 275 283 284 285 286 288 289 293 301 312 324 331 
 48 10 17 30 31 34 37 52 57 64 69 72 73 79 106 110 116 117 120 141 143 148 165 175 187 189 191 193 198 213 217 225 231 244 255 257 264 265 266 277 286 289 296 301 307 310 314 315 329 
 53 3 4 9 17 30 31 43 52 53 62 73 82 89 93 109 116 119 121 126 127 130 141 142 143 144 156 164 165 166 176 189 199 210 211 213 218 220 221 240 246 248 259 266 292 293 300 301 312 316 322 324 325 328 
 55 1 17 23 24 37 58 62 63 64 69 71 82 86 93 94 97 99 107 108 110 128 129 141 149 156 160 172 173 178 181 182 186 190 194 195 211 214 224 227 261 280 284 287 290 291 293 296 298 300 309 314 318 320 324 333 
 54 4 6 12 13 21 23 27 32 33 36 37 49 67 71 72 76 84 88 99 111 113 118 119 120 135 156 159 162 167 183 186 193 200 202 214 218 222 226 230 231 243 247 250 260 261 264 270 272 274 275 285 298 299 324 
 52 1 15 19 26 27 34 43 44 71 72 77 84 85 116 133 134 136 145 151 152 160 166 167 170 174 182 184 191 194 199 202 206 209 215 231 233 235 238 244 252 258 259 260 266 274 281 286 293 301 302 315 318 
 50 13 16 17 28 34 46 53 66 70 73 76 83 93 96 99 100 108 115 129 131 138 141 146 147 161 172 176 180 183 190 194 195 197 201 210 213 218 220 224 237 241 249 257 258 261 282 283 296 300 326 
 56 9 13 16 18 21 27 31 32 38 44 45 48 50 60 69 82 97 102 113 120 122 123 134 137 140 150 155 156 157 177 178 184 198 201 203 207 213 216 222 226 234 236 238 245 250 252 253 254 256 259 269 270 297 314 329 330 
 49 4 6 19 23 29 37 75 79 109 111 112 119 120 127 131 140 143 147 148 151 152 156 161 165 167 172 181 191 202 212 213 216 228 229 232 238 257 259 261 264 284 285 289 290 297 302 317 329 333 
 42 9 27 35 45 49 57 64 73 91 103 104 108 123 128 137 141 151 166 168 174 181 191 194 202 203 220 229 241 243 254 255 260 279 281 289 302 303 316 320 322 329 332 
 49 5 7 26 41 58 82 96 98 118 119 120 123 129 140 153 155 167 173 179 182 184 191 194 196 199 202 203 206 214 216 220 221 231 234 243 248 253 258 267 277 283 292 294 297 301 307 310 311 318 
 41 4 6 12 18 19 21 43 44 55 56 60 64 66 111 114 121 124 126 128 130 140 163 166 205 211 229 235 238 247 253 273 285 286 293 303 310 311 316 318 319 332 
 51 10 15 17 18 21 36 37 41 43 47 60 71 72 79 84 96 99 100 102 108 111 112 123 127 130 132 145 161 173 184 188 195 203 205 210 211 223 226 227 236 242 258 272 279 287 288 299 306 307 312 319 
