 200 334
 3 3 5 6 6 7 9 9 9 9 10 12 12 13 15 15 15 15 16 18 18 18 21 21 21 24 24 24 25 27 27 27 29 30 30 30 32 33 33 33 36 36 37 39 39 42 42 42 44 45 45 47 48 48 48 48 51 51 51 51 53 54 54 55 57 57 57 57 59 60 60 61 63 64 66 66 66 69 71 72 72 75 75 75 75 78 78 80 81 81 83 84 84 84 84 87 87 87 89 90 90 90 91 93 93 93 95 96 96 99 99 101 102 102 102 102 103 105 105 105 105 108 108 110 111 111 114 114 117 117 120 120 120 120 122 123 123 126 126 127 129 129 129 131 132 132 132 132 134 135 137 138 138 138 138 141 141 141 141 141 143 144 144 144 146 147 147 147 150 150 150 150 152 153 153 154 156 156 156 159 161 162 163 165 165 165 168 168 168 168 169 171 171 174 174 175 177 177 179 180 180 180 180 181 183 183 183 183 184 186 186 188 190 192 192 192 192 195 195 195 198 198 198 200 201 201 202 204 204 204 206 207 209 210 210 213 213 213 216 216 216 216 216 219 219 221 222 225 225 225 226 228 228 228 228 229 231 231 231 232 234 234 237 237 237 239 240 240 240 240 241 243 243 243 243 243 244 246 246 246 247 249 249 252 252 253 255 257 258 258 261 261 261 264 264 266 267 267 267 268 270 270 271 273 276 276 279 279 279 282 282 282 282 282 284 285 285 286 288 288 290 291 294 294 295 297 297 297 297 300 300 300 300 100 
 50 3 6 9 38 42 46 57 58 63 70 71 94 96 114 116 125 127 134 144 145 151 156 161 162 166 172 180 182 183 186 201 214 215 220 238 239 246 259 261 263 266 288 289 290 298 302 317 320 322 332 
 55 1 12 16 26 34 37 38 42 43 53 54 55 58 64 67 69 74 79 83 86 99 104 105 108 109 110 125 132 133 134 137 138 142 146 152 178 199 205 211 218 219 228 236 244 246 255 259 263 266 279 302 309 312 331 332 
 58 2 10 13 25 30 33 50 56 64 74 79 103 116 118 127 131 139 146 148 156 158 168 173 177 184 202 212 221 233 235 236 240 241 243 245 248 249 252 254 261 262 268 276 278 279 288 289 291 293 294 296 312 313 321 324 327 329 330 
 59 1 3 12 14 25 31 34 38 54 62 63 65 68 69 70 87 90 99 101 103 111 113 117 120 124 125 129 140 141 144 147 152 163 173 178 199 206 209 213 214 217 218 235 240 243 252 261 266 270 285 289 291 295 297 301 303 314 329 331 
 58 4 7 24 28 32 33 37 43 48 51 53 61 74 77 79 84 86 88 99 100 101 105 117 123 134 135 141 142 143 153 156 157 158 159 165 173 180 185 193 198 200 214 219 221 224 227 232 260 267 273 279 295 301 304 309 318 323 326 
 48 1 3 18 20 29 37 39 43 47 58 66 92 94 97 109 113 114 123 125 133 139 140 143 147 149 159 161 171 175 176 177 194 214 232 237 238 253 257 272 289 291 296 299 309 315 324 327 332 
 54 1 8 46 50 55 58 63 67 91 96 97 99 103 104 105 110 115 118 124 129 131 142 146 150 152 165 169 177 185 191 198 199 223 226 227 239 241 250 251 253 263 264 270 278 282 284 293 297 302 307 308 313 316 321 
 47 9 27 28 33 43 46 56 64 66 70 71 81 84 86 95 113 115 116 131 132 144 168 175 177 179 183 187 189 201 206 209 212 220 236 246 247 261 262 269 273 275 286 287 297 306 331 332 
 47 14 16 25 35 49 52 68 69 72 79 82 89 96 113 153 155 163 165 167 169 173 177 181 196 208 210 218 229 232 239 245 246 251 253 260 263 278 281 282 285 295 301 307 308 311 319 331 
 45 8 9 20 25 26 27 29 37 39 41 48 60 65 68 83 86 89 92 93 112 116 123 129 132 157 183 194 197 207 219 221 224 237 244 254 259 275 278 286 295 296 302 313 319 324 
 50 17 27 30 33 41 47 59 62 72 84 96 101 114 119 122 135 136 143 145 146 151 153 156 157 158 167 172 178 186 188 200 212 227 228 230 234 251 252 264 270 275 282 284 286 292 297 311 315 327 330 
 46 3 7 23 25 30 39 54 63 65 70 79 86 88 96 98 112 113 131 136 153 164 172 182 184 192 196 197 212 214 216 233 237 241 248 252 271 285 288 289 294 295 298 312 313 324 334 
 50 1 6 8 15 23 30 46 49 52 53 55 56 84 92 94 95 97 98 112 117 119 120 122 124 133 142 144 146 149 168 176 182 187 194 198 204 214 229 244 246 248 255 260 261 264 274 278 300 319 330 
 45 3 6 9 18 23 27 29 30 31 37 48 82 86 88 90 94 97 98 110 113 115 118 120 133 140 143 144 160 170 171 181 211 228 232 254 257 258 263 265 285 292 302 309 310 328 
 48 12 16 25 32 35 37 46 55 57 58 69 78 80 89 94 113 119 132 138 141 143 145 147 150 151 158 165 177 178 184 185 192 199 201 236 246 247 255 257 270 274 282 293 296 303 305 310 323 
 53 3 4 6 8 9 14 17 23 26 29 38 54 69 88 89 93 98 102 105 110 112 113 118 120 130 137 151 152 180 182 184 189 200 211 215 216 217 228 230 233 240 247 248 253 266 274 275 286 292 293 300 315 326 
 53 4 5 13 17 24 30 33 46 54 60 76 79 80 83 87 100 105 118 124 130 135 136 140 143 149 156 160 172 176 177 189 191 199 204 207 208 213 234 239 245 248 254 257 261 277 282 287 291 296 299 305 322 331 
 55 10 13 20 24 25 28 39 42 58 59 65 67 69 73 74 76 77 81 82 85 115 119 135 140 141 145 146 166 188 189 197 205 207 208 213 214 221 222 227 230 231 236 240 250 257 259 263 264 273 277 278 286 288 292 311 
 44 7 12 27 37 42 44 52 57 62 75 88 93 99 101 107 108 111 115 131 150 151 157 165 167 170 174 177 181 197 199 206 222 226 228 244 267 270 287 291 296 311 312 326 332 
 41 19 34 35 41 42 58 65 81 85 100 104 105 107 122 129 139 141 146 151 152 153 167 170 177 183 188 198 210 231 234 245 252 256 274 278 293 299 309 318 319 324 
 40 5 7 33 46 62 66 72 88 90 97 100 101 124 132 133 140 144 152 164 176 180 186 192 209 211 222 229 232 238 242 252 282 283 290 296 298 313 317 324 326 
 43 1 5 14 26 33 44 51 52 53 76 93 102 106 113 122 129 130 132 135 146 168 171 172 180 186 196 219 224 235 258 264 268 273 274 280 281 288 291 296 307 316 317 318 
 46 7 21 29 37 38 63 66 72 73 78 80 82 85 91 104 107 121 130 145 146 153 155 156 157 166 167 170 178 187 228 232 238 244 246 247 253 255 266 267 269 283 284 301 309 310 333 
 42 3 14 15 16 21 32 35 43 45 57 64 79 82 89 97 110 112 129 144 147 149 156 158 168 186 188 199 201 202 233 246 268 272 277 287 292 293 297 305 317 325 330 
 53 2 6 16 24 28 29 31 34 35 43 53 63 65 82 94 102 115 117 122 125 136 137 151 152 157 158 166 169 197 211 221 223 225 227 235 242 252 258 259 268 272 276 281 283 299 301 308 314 319 322 324 326 328 
 43 3 7 23 52 60 62 64 73 82 83 87 97 98 101 102 118 119 121 125 131 134 153 154 157 161 166 185 192 195 206 227 238 239 253 257 261 272 278 294 311 319 323 330 
 42 7 19 23 30 65 68 75 83 87 94 100 109 111 140 142 143 147 159 167 171 181 189 199 211 217 227 228 229 237 243 245 249 260 265 268 281 290 291 296 307 309 333 
 56 10 14 29 31 33 37 42 46 48 50 59 61 62 75 80 83 88 89 92 104 106 112 117 120 134 135 141 142 146 152 158 160 163 166 176 178 180 198 200 202 214 230 238 257 267 273 274 279 284 287 302 307 317 321 323 330 
 51 4 18 29 40 41 47 52 68 92 94 107 114 120 122 123 127 132 134 137 145 147 163 169 190 194 195 197 200 201 206 219 228 229 230 233 238 239 249 266 273 275 294 295 303 310 314 316 320 321 326 333 
 58 12 13 16 18 23 39 43 51 52 61 62 65 66 75 78 85 86 88 91 104 114 122 123 127 129 134 150 151 152 153 160 163 169 171 186 190 200 202 209 210 212 239 240 255 266 268 269 278 285 286 291 292 303 310 315 316 319 327 
 51 18 37 51 53 58 62 66 73 76 78 101 110 111 115 117 120 127 134 141 148 168 171 188 195 198 201 210 214 239 241 250 252 255 264 268 273 274 280 283 295 298 299 301 303 306 308 310 311 316 318 324 
 50 2 11 15 16 21 23 25 28 36 43 70 71 74 75 76 87 92 96 103 105 130 135 138 142 148 149 154 164 176 190 194 208 211 222 242 244 261 268 271 273 279 288 289 296 307 310 314 323 325 329 
 42 1 16 18 21 23 37 61 80 96 101 104 112 113 123 136 141 144 163 164 167 177 178 186 200 202 207 214 232 238 246 248 250 251 252 254 267 282 301 305 308 315 324 
 51 4 13 29 30 34 41 44 52 58 65 78 81 91 95 96 98 102 104 106 109 113 117 120 136 143 156 157 158 166 180 186 189 192 194 197 216 217 218 221 228 230 236 241 262 269 289 314 321 323 324 332 
 48 2 14 15 17 20 31 52 64 66 69 79 86 93 102 103 110 130 153 156 163 169 175 182 185 198 199 208 215 216 226 230 236 244 270 272 277 280 281 283 289 302 311 315 316 317 320 323 326 
 41 4 12 13 20 32 34 35 47 56 58 60 63 77 78 80 81 89 107 125 131 138 146 152 174 195 202 208 216 218 226 230 232 246 252 264 272 307 312 320 325 331 
 58 1 5 7 17 24 30 32 35 39 53 62 67 69 74 80 82 86 92 100 103 112 118 121 124 126 131 132 136 138 144 145 158 159 161 173 174 179 194 196 197 202 205 206 213 228 232 237 240 243 254 273 303 310 312 314 318 323 328 
 58 2 12 17 19 21 32 38 45 46 64 65 73 85 89 96 98 105 108 118 120 123 124 125 132 135 144 150 153 156 162 174 182 189 192 197 199 200 205 213 214 231 236 261 264 277 281 284 291 292 295 298 302 304 310 313 316 318 323 
 34 7 9 15 27 36 54 55 62 75 96 104 108 110 112 119 127 133 140 143 162 167 185 192 203 225 228 230 253 256 275 279 312 319 332 
 48 4 12 23 32 35 36 44 47 49 59 67 69 71 83 102 104 119 132 135 141 142 147 153 158 184 191 192 199 200 205 212 213 218 222 226 232 236 245 256 266 271 278 280 302 307 309 320 322 
 49 4 18 19 27 30 34 37 43 58 65 92 97 103 104 109 123 128 132 143 151 152 166 182 184 186 187 188 199 201 206 207 214 217 219 221 224 226 230 231 234 238 257 273 275 277 292 300 306 307 
 61 6 8 16 19 36 44 46 48 51 59 71 97 110 113 122 125 136 139 140 141 148 149 150 151 154 161 174 177 179 184 186 187 190 191 199 206 207 221 224 226 233 235 249 253 259 260 261 264 265 277 278 285 286 302 303 305 307 309 310 311 320 
 48 8 14 18 19 25 33 44 47 50 62 65 70 72 73 92 102 124 137 141 142 144 146 151 158 169 173 180 200 206 218 225 234 244 256 259 267 270 272 274 279 282 284 287 289 291 302 316 331 
 55 34 37 43 57 60 61 74 76 77 80 91 96 98 103 105 107 108 112 125 131 132 142 147 152 159 161 173 178 180 182 188 190 191 192 193 205 210 211 228 243 245 253 266 269 270 272 284 287 293 299 304 312 315 318 319 
 51 1 15 20 24 27 28 34 35 37 41 42 47 57 81 82 85 94 95 103 110 116 139 141 154 160 161 162 167 174 186 188 194 207 214 220 225 230 231 234 241 248 252 255 256 268 282 287 288 289 320 326 
 58 1 22 23 33 37 41 45 50 55 59 75 86 88 89 91 93 99 101 102 106 107 110 122 127 136 143 161 163 175 181 182 184 185 189 194 205 206 215 235 244 246 250 256 259 261 265 280 281 287 292 294 306 310 313 319 321 329 333 
 61 4 9 15 25 26 33 35 37 46 48 49 54 57 58 62 70 77 78 79 92 109 113 129 133 135 139 149 150 169 170 176 187 188 189 190 191 193 197 201 204 212 213 214 219 220 221 226 229 230 237 239 240 249 255 264 288 303 307 310 313 326 
 35 1 11 17 23 31 36 41 48 61 72 79 97 121 126 127 129 149 154 165 183 209 225 229 242 244 245 251 266 276 282 291 294 326 327 330 
 36 11 15 31 36 39 44 51 53 66 69 78 114 119 125 131 140 141 142 147 152 156 165 176 177 191 205 209 212 219 245 282 284 305 312 329 330 
 40 51 52 64 71 78 95 114 123 125 130 138 139 145 147 150 154 157 170 187 203 218 230 246 263 271 276 278 279 282 285 297 299 305 308 309 310 321 325 328 333 
 51 2 15 22 34 39 41 47 57 66 71 76 86 88 92 96 107 111 116 131 134 135 136 147 166 169 171 177 187 206 207 220 222 225 227 241 244 247 254 257 265 272 274 279 283 289 307 308 312 316 325 333 
 47 11 15 27 28 33 44 49 51 55 86 87 91 92 104 117 120 138 145 163 168 169 173 174 176 181 200 202 207 210 213 214 215 218 226 237 242 243 265 269 294 301 307 308 311 315 330 331 
 41 17 19 21 25 29 40 42 49 55 69 73 75 76 82 92 104 109 110 135 138 151 153 159 161 176 184 218 221 227 232 234 245 268 281 285 287 290 296 312 321 327 
 39 4 7 8 20 30 33 50 65 90 97 101 110 123 126 127 151 162 174 187 190 200 201 211 212 219 222 229 237 249 250 252 258 260 263 277 278 305 316 323 
 38 2 3 12 18 25 34 73 75 79 81 82 87 95 98 106 109 122 125 126 128 137 152 161 186 189 201 204 206 264 271 278 279 287 294 298 301 324 332 
 43 33 35 36 38 45 74 86 108 115 116 122 131 137 141 142 143 147 148 151 160 173 177 179 191 206 225 233 240 242 244 249 253 257 259 261 265 287 289 304 311 319 327 334 
 47 9 15 18 20 24 25 30 32 44 47 59 63 70 73 74 85 97 108 111 114 117 131 132 140 148 151 168 173 174 177 180 182 188 205 222 233 236 239 246 271 298 304 313 315 322 326 331 
 37 26 38 53 82 85 88 96 98 103 126 131 142 149 160 168 190 205 214 218 223 229 233 237 241 247 250 266 272 274 291 296 306 310 311 314 318 330 
 38 11 32 47 49 51 57 73 77 79 81 86 97 103 107 109 113 124 130 132 144 151 161 165 170 171 193 217 237 249 258 260 263 286 291 298 315 316 318 
 42 5 7 29 30 35 42 70 71 74 76 77 79 118 121 124 128 135 140 150 152 154 170 171 194 196 213 216 224 242 248 249 261 272 273 279 290 297 300 316 317 326 331 
 40 25 42 52 53 65 84 91 99 105 127 132 141 162 181 184 186 190 195 208 237 240 243 249 252 260 262 266 270 271 281 284 290 294 295 300 311 318 322 323 328 
 48 7 8 11 15 21 28 37 44 50 55 59 60 71 73 82 84 86 94 114 117 118 121 162 170 172 174 175 181 196 198 215 218 220 226 227 236 239 244 254 265 267 273 286 289 296 304 307 327 
 56 11 12 23 34 35 36 42 58 69 70 73 75 79 80 82 84 88 89 97 100 102 111 118 124 130 139 140 153 156 160 165 169 173 179 182 191 192 196 201 202 209 212 220 224 225 237 241 249 259 262 265 282 304 326 332 333 
 57 1 2 3 6 9 12 13 15 16 26 27 48 58 62 63 69 72 83 88 93 97 99 105 117 135 159 160 166 167 169 178 181 187 196 206 207 225 233 240 241 242 248 250 256 261 263 271 279 291 297 299 300 306 314 316 319 331 
 52 9 22 27 31 39 42 46 47 51 71 72 74 77 78 79 82 83 86 89 96 114 115 125 131 136 145 149 157 166 171 172 178 179 188 193 208 213 221 228 232 236 241 255 258 282 289 313 315 316 320 321 327 
 42 4 15 37 50 53 54 62 63 64 65 73 75 82 90 97 99 131 136 145 151 154 167 188 203 218 219 224 235 240 242 248 263 272 274 281 282 285 305 312 315 321 322 
 45 9 13 23 41 69 75 78 79 86 100 115 118 126 137 147 152 154 163 172 182 185 192 198 210 211 222 234 236 242 246 249 252 263 264 273 280 282 284 286 296 298 313 315 317 320 
 56 4 16 21 23 38 43 52 53 54 62 66 74 76 78 81 83 87 88 100 108 112 129 131 137 138 142 157 158 162 173 190 191 199 204 207 210 230 233 234 235 237 240 246 249 254 268 273 280 290 293 297 305 318 321 330 332 
 54 1 8 12 46 51 53 62 67 75 80 82 89 97 99 106 115 116 123 134 144 151 153 167 178 179 194 196 200 218 220 222 231 232 240 244 246 247 248 265 276 277 278 279 289 296 301 302 304 309 313 319 330 331 332 
 42 7 16 17 22 23 25 31 35 40 51 52 56 61 62 66 67 74 75 82 91 110 124 138 143 145 175 185 203 221 224 228 239 252 253 266 267 273 301 305 311 314 323 
 49 13 19 23 24 31 33 43 45 49 52 54 83 93 96 99 110 116 117 119 150 151 157 174 178 179 188 189 192 201 213 214 217 218 225 226 228 234 236 242 244 250 257 279 290 291 299 315 318 332 
 32 6 45 55 60 78 106 116 117 122 146 163 178 183 185 197 200 221 223 226 234 239 267 280 289 290 300 302 307 310 320 321 323 
 52 7 31 41 46 47 65 67 70 71 75 76 83 91 99 110 118 124 130 140 143 149 152 153 173 179 184 186 210 214 221 230 231 246 247 248 249 258 268 279 285 286 288 302 303 305 306 309 312 320 330 331 333 
 54 3 7 8 24 27 29 30 39 41 55 59 63 74 75 76 88 90 99 103 115 122 127 152 169 172 182 188 195 204 205 206 207 208 218 221 239 251 256 258 266 267 270 276 285 290 292 294 308 317 319 329 330 331 334 
 48 12 15 20 23 46 53 61 62 65 72 73 79 87 94 99 101 104 106 114 128 132 146 153 160 177 181 185 191 202 205 213 214 215 229 248 267 269 271 275 278 282 284 289 293 315 321 323 324 
 46 1 2 5 6 10 14 15 33 47 49 62 78 79 81 84 86 88 90 91 93 103 143 148 149 153 154 168 169 189 199 205 206 228 230 234 237 246 250 255 263 271 275 277 305 308 329 
 44 5 14 43 48 49 50 65 78 83 96 100 101 120 122 123 143 145 151 152 157 158 165 166 167 175 191 192 205 209 215 239 242 245 264 279 284 286 292 295 300 304 310 321 331 
 39 10 24 30 33 40 61 73 75 87 95 115 118 123 127 146 149 170 187 200 204 208 219 225 233 236 238 242 255 270 271 280 281 291 292 294 301 309 318 321 
 55 3 20 22 33 35 37 43 58 60 63 69 83 88 92 109 111 114 120 121 122 131 132 133 136 142 154 162 165 170 178 188 197 206 218 219 221 227 229 234 251 253 254 256 265 274 281 282 286 290 296 308 323 327 330 332 
 53 3 7 26 37 46 47 48 53 56 59 82 90 91 94 101 108 123 127 128 133 146 150 151 155 159 163 164 172 193 197 205 206 214 215 219 225 228 231 233 240 245 247 259 263 266 285 292 298 302 313 315 323 327 
 40 16 17 21 26 28 32 41 53 58 61 87 89 104 114 124 136 137 141 146 148 149 156 165 184 187 193 215 222 239 256 257 268 275 279 287 302 305 307 330 331 
 42 1 21 34 38 41 47 56 84 90 91 94 105 111 114 132 135 139 150 153 157 158 161 164 165 166 174 175 187 192 212 216 224 226 233 252 259 269 275 301 318 329 331 
 32 16 24 31 32 36 38 46 48 49 57 69 91 98 114 115 132 144 169 173 176 180 187 195 215 231 232 236 260 285 313 327 328 
 58 7 13 21 26 33 38 39 41 44 47 51 57 66 67 72 75 78 80 83 87 88 91 97 106 112 121 126 142 144 147 148 149 151 153 156 163 169 178 192 196 204 212 213 214 215 220 225 247 248 250 263 265 267 274 285 288 303 330 
 45 1 14 30 37 44 52 60 62 69 76 83 112 115 123 124 129 151 155 161 162 177 178 187 199 209 224 226 231 241 244 248 261 263 264 271 281 282 284 295 296 304 307 311 316 328 
 47 1 4 19 20 30 44 57 62 73 79 94 96 103 116 119 127 131 132 158 170 177 188 189 197 200 210 212 215 216 218 221 237 239 253 257 273 276 288 291 292 300 301 302 315 319 323 330 
 45 17 19 41 53 54 60 61 63 70 85 92 109 110 118 119 141 147 151 154 162 169 172 177 184 189 198 201 210 213 218 225 229 265 275 284 285 291 294 295 297 303 305 315 318 323 
 47 2 5 7 8 18 20 31 53 78 80 82 86 87 88 91 110 112 134 139 149 158 162 163 164 170 182 195 216 229 241 253 268 270 284 288 296 300 304 307 308 311 312 319 326 328 330 332 
 50 6 11 13 20 28 30 32 33 34 39 42 47 55 57 61 63 65 99 107 114 118 119 121 125 129 132 134 155 161 165 169 174 177 188 192 194 197 214 219 228 233 252 253 261 262 266 276 280 318 325 
 61 2 3 8 11 19 20 23 33 35 44 50 60 67 76 84 85 93 98 108 110 113 114 122 128 129 138 140 149 150 157 161 176 184 191 195 196 218 222 226 227 235 238 242 245 250 256 266 267 269 282 288 289 291 292 301 307 308 322 328 330 332 
 43 16 17 20 26 31 33 60 61 64 73 80 82 86 89 96 113 119 120 139 155 194 199 207 210 213 247 250 252 256 258 261 278 283 287 292 299 303 304 305 312 330 331 332 
 46 1 3 5 6 40 43 45 46 48 51 60 69 71 74 80 83 94 96 99 105 106 107 113 118 124 140 141 152 153 165 180 192 235 241 257 262 283 284 294 300 311 318 324 325 330 332 
 52 1 3 10 24 31 33 57 65 79 86 91 93 98 99 113 116 119 124 130 131 133 146 149 154 156 172 184 187 192 197 213 225 227 233 234 240 244 253 254 261 264 269 283 284 287 296 297 302 304 306 307 318 
 47 12 13 20 23 27 33 35 47 50 54 64 71 77 82 85 93 96 111 143 144 145 152 163 172 174 183 190 202 210 215 223 231 239 241 244 249 258 260 261 278 298 299 301 315 321 327 329 
 48 5 15 22 25 31 39 52 53 59 63 65 78 80 89 92 93 96 102 104 115 141 142 149 155 156 168 171 178 183 184 188 199 207 209 212 218 225 232 237 240 247 277 280 299 300 305 310 319 
 43 1 23 30 36 45 46 51 56 63 81 89 94 107 131 137 138 145 166 168 181 183 187 192 194 198 210 211 215 218 220 224 229 233 236 247 248 266 294 301 304 306 317 321 
 51 5 7 23 30 36 40 46 71 72 77 88 93 97 99 109 110 111 114 118 124 129 130 138 148 156 160 163 165 175 176 193 209 210 221 223 227 230 239 242 255 275 277 280 292 296 301 306 310 314 331 332 
 42 9 14 34 38 45 46 51 66 69 84 88 98 104 105 108 115 119 129 136 137 138 139 148 150 159 162 181 184 208 239 247 258 263 268 275 286 293 301 305 316 328 333 
 47 10 11 26 39 41 50 56 58 63 70 73 82 106 110 117 118 122 131 144 151 157 161 171 183 188 194 196 197 198 201 204 228 239 241 244 247 256 263 276 278 280 298 308 310 318 319 320 
 46 3 5 13 16 19 26 32 38 41 61 67 74 94 96 100 127 131 134 147 149 151 163 168 169 170 176 177 183 189 190 194 200 204 212 222 226 236 243 257 279 288 293 299 301 308 309 
 40 20 24 30 46 54 62 83 87 90 93 106 113 128 136 139 141 145 146 166 169 175 184 196 202 212 215 218 219 238 241 247 251 260 262 265 266 289 291 317 319 
 41 7 14 15 24 52 54 61 64 65 67 69 91 97 101 104 112 128 129 131 134 138 143 161 164 172 175 181 213 218 221 228 232 240 283 301 309 310 315 322 330 331 
 55 2 7 12 16 23 31 47 54 57 63 65 70 90 91 93 94 108 110 112 114 119 137 138 166 169 170 173 184 196 200 201 205 210 214 229 233 236 252 259 261 269 270 271 282 284 286 301 305 308 309 310 312 324 327 329 
 44 8 13 17 29 31 34 45 47 52 67 73 93 99 100 107 109 123 125 132 137 144 164 165 166 170 174 197 207 211 218 221 226 252 263 272 284 288 297 307 309 311 319 324 325 
 33 2 48 59 87 101 127 132 142 147 148 169 173 176 179 183 184 186 195 202 206 217 218 226 237 267 270 271 272 281 298 311 314 315 
 53 2 14 23 25 28 36 45 47 52 57 63 64 65 75 80 82 125 135 137 138 139 141 152 154 155 161 169 177 185 190 197 198 209 218 221 222 236 238 246 263 265 278 282 283 288 294 305 310 315 326 328 330 332 
 43 1 20 32 37 41 47 48 73 82 89 90 91 103 106 109 111 119 120 146 157 158 170 174 180 185 204 207 214 217 239 247 257 260 264 277 279 291 292 294 298 314 323 328 
 48 3 8 15 34 35 39 41 44 47 49 52 61 67 73 75 87 88 118 127 128 134 142 144 145 170 177 187 196 200 204 209 218 220 227 234 238 247 248 253 262 274 275 278 285 295 298 305 333 
 58 1 8 11 15 21 22 30 40 43 44 48 57 63 64 72 74 78 79 83 86 90 93 95 96 98 117 120 121 133 140 146 155 160 170 171 177 203 210 211 212 217 220 232 239 245 250 263 270 273 279 282 294 299 303 310 322 327 332 
 45 6 7 17 18 23 69 77 78 98 116 118 120 123 132 142 168 169 170 171 175 178 182 185 187 190 191 202 214 226 229 233 234 247 248 249 252 253 268 276 299 307 308 309 322 324 
 37 16 26 32 40 41 50 52 57 58 67 69 83 84 100 118 127 138 142 145 157 161 162 169 173 174 180 185 208 220 229 232 251 273 284 318 323 327 
 39 15 26 31 47 56 64 73 82 88 104 105 113 117 131 133 137 142 150 153 156 162 166 180 181 182 211 214 222 227 244 246 251 276 284 296 301 306 319 322 
 48 5 38 41 50 53 64 66 71 73 77 84 86 92 96 100 107 112 113 124 129 144 145 149 159 164 167 182 187 188 190 207 228 259 262 267 272 276 281 284 296 302 304 311 316 322 323 330 333 
 43 7 8 10 12 17 23 49 78 82 85 92 105 106 115 120 129 134 145 148 151 169 171 173 186 191 195 196 204 215 221 225 227 233 249 260 261 267 268 278 281 299 301 331 
 48 5 7 9 36 45 55 60 63 73 82 97 106 142 146 156 159 177 181 183 184 187 190 197 200 201 210 213 217 226 230 233 236 251 258 260 271 276 279 286 296 297 301 303 316 317 325 326 329 
 37 17 18 21 33 46 53 74 79 83 101 123 128 135 138 156 157 187 189 205 209 217 219 221 225 230 238 251 261 262 263 276 278 288 310 314 316 320 
 42 3 15 16 27 31 57 69 71 76 85 91 127 131 133 137 148 150 151 166 170 187 189 195 200 210 223 236 244 247 252 267 271 272 288 292 293 294 296 304 314 322 324 
 50 5 6 7 17 23 28 32 56 57 64 76 78 81 82 93 99 122 131 136 137 138 143 165 166 168 176 183 192 204 205 214 216 226 239 241 246 249 258 261 269 271 275 280 282 284 288 310 313 323 326 
 53 3 6 7 9 31 41 48 50 52 63 64 70 74 75 82 86 90 108 115 121 127 128 138 144 151 160 165 169 170 175 180 191 194 213 214 221 224 229 234 237 240 249 255 264 274 276 281 282 293 305 319 326 331 
 41 2 14 24 25 27 32 39 56 61 75 77 86 90 96 97 118 119 121 123 129 142 145 175 181 188 194 206 211 220 221 231 242 253 279 285 305 309 313 320 325 330 
 41 12 16 29 36 42 43 46 50 58 66 76 85 102 129 135 136 141 145 150 155 156 162 166 171 176 178 196 213 238 239 244 251 257 263 267 273 274 275 278 303 315 
 49 1 8 11 13 34 36 39 46 48 49 52 54 69 76 78 85 92 94 104 113 127 129 130 152 159 160 161 177 189 190 195 206 216 223 227 236 244 247 248 252 255 256 261 282 285 308 315 321 330 
 43 1 8 12 20 27 34 38 39 57 59 64 68 70 82 93 97 101 112 116 125 132 138 141 145 162 163 182 183 192 196 205 206 213 246 256 269 273 284 290 291 314 317 320 
 51 4 12 23 31 35 38 46 48 49 52 53 54 57 72 78 83 89 97 100 112 125 126 127 132 143 150 152 158 165 182 190 196 205 206 207 210 225 237 243 252 257 264 280 285 289 295 297 302 308 333 334 
 45 4 30 42 44 52 56 59 60 62 63 79 84 85 98 109 115 116 128 145 150 155 156 160 170 174 176 177 194 195 196 203 228 250 273 283 291 294 297 299 306 313 319 323 329 331 
 55 1 6 7 13 22 26 30 32 38 42 56 64 66 77 84 94 103 105 106 111 114 123 125 130 135 139 140 142 152 161 164 170 171 183 185 196 210 211 213 222 225 228 236 237 257 284 286 290 294 295 308 313 320 327 332 
 55 3 4 9 11 15 18 28 32 36 43 46 51 54 56 63 67 83 84 96 99 102 125 130 131 140 143 145 157 160 162 169 174 182 186 187 203 225 230 231 236 239 246 253 272 275 280 295 306 308 311 312 314 320 327 330 
 44 1 7 17 19 21 34 36 57 62 65 80 104 122 138 144 149 160 171 177 184 190 209 213 215 216 225 234 243 260 263 271 272 277 278 290 291 294 300 305 319 321 323 328 333 
 52 4 10 21 26 27 35 44 46 47 54 59 66 71 85 92 95 112 116 122 123 131 138 145 150 151 153 161 164 166 169 201 205 207 216 219 237 240 248 260 271 273 274 275 277 290 296 304 310 311 313 328 329 
 51 17 18 22 23 24 25 27 28 29 31 32 48 50 61 67 77 80 84 92 100 110 119 128 136 141 149 153 158 159 167 180 182 184 195 203 205 207 216 232 243 246 263 266 267 280 284 291 311 315 320 331 
 57 4 5 12 16 24 29 32 35 51 53 54 65 73 78 79 88 93 100 101 109 110 111 120 123 124 135 141 146 147 152 162 165 166 175 179 180 189 191 201 210 215 222 234 236 240 246 251 269 270 279 297 307 308 312 313 322 325 
 52 5 34 47 84 86 90 91 96 102 103 108 110 132 148 151 152 160 161 163 165 166 169 172 173 174 175 178 180 187 189 191 200 205 207 212 224 235 242 250 252 262 278 281 287 288 294 308 312 315 325 326 328 
 49 9 10 17 23 26 43 46 49 52 53 62 65 71 72 81 83 87 88 101 114 119 123 140 141 149 161 176 181 182 191 200 204 206 209 212 215 217 219 225 232 233 237 259 265 272 287 301 315 331 
 46 3 4 6 19 22 25 29 33 35 50 57 63 65 70 72 76 101 106 107 114 116 125 132 145 150 157 184 190 194 216 219 220 225 226 239 245 249 257 259 275 277 289 299 300 313 323 
 45 3 6 20 23 27 36 37 38 42 43 46 52 55 70 76 80 92 95 103 117 124 127 131 134 138 152 157 177 187 199 206 209 228 232 234 238 243 254 258 259 263 289 294 301 308 
 44 7 15 16 19 49 54 58 75 79 82 85 89 99 104 113 122 133 144 149 156 157 159 183 191 198 204 205 224 229 234 244 247 248 250 252 258 281 282 283 289 313 320 321 326 
 41 24 30 31 33 54 64 66 68 76 78 82 91 92 128 140 143 171 192 194 197 198 203 209 219 229 237 258 261 264 268 274 283 288 290 297 301 310 315 318 324 333 
 47 15 20 21 22 40 57 62 79 83 84 87 90 91 95 99 100 104 108 111 116 117 121 124 162 173 180 199 213 215 216 219 224 237 252 260 262 267 268 279 284 291 294 297 298 310 323 333 
 46 6 33 36 38 48 52 55 62 64 68 69 70 74 86 88 89 90 100 128 141 147 153 157 167 185 189 196 197 203 204 208 216 228 232 233 234 259 263 266 274 300 306 316 317 324 333 
 59 1 2 21 22 23 26 27 43 45 49 55 64 68 83 107 111 125 126 127 131 136 149 152 155 167 170 173 175 178 179 189 197 199 205 206 210 217 228 229 231 236 245 251 253 254 257 260 263 266 272 281 283 288 291 296 298 306 307 323 
 58 3 8 14 15 16 18 20 26 28 44 54 55 61 70 80 84 86 89 92 102 105 113 120 121 131 145 152 182 183 187 188 199 209 210 216 221 225 226 228 229 232 240 244 254 255 263 270 284 286 287 288 293 298 301 311 323 327 332 
 36 6 13 16 28 30 33 39 45 49 55 59 63 71 75 83 90 100 114 133 150 174 200 210 212 218 221 226 227 235 244 250 259 286 291 311 323 
 50 31 34 37 40 44 45 47 53 66 112 113 115 116 118 128 130 133 142 144 147 157 161 165 170 171 175 183 185 196 199 208 214 216 217 218 235 239 244 254 257 258 264 265 269 270 283 284 291 295 303 
 49 24 25 26 41 42 51 55 62 70 78 79 90 100 111 118 119 120 124 131 138 139 151 169 177 178 184 189 192 200 201 219 220 227 231 246 247 250 260 264 288 290 294 296 311 313 322 328 330 332 
 49 5 14 24 28 30 44 57 62 93 100 106 108 111 113 114 124 129 130 145 158 160 167 169 177 180 184 204 211 218 221 229 230 235 246 251 257 258 259 260 267 274 278 297 310 311 314 324 325 330 
 42 1 14 15 26 27 34 47 61 69 89 94 105 120 128 138 145 150 160 169 187 188 192 195 202 207 218 221 233 244 245 249 255 258 267 273 277 278 284 300 305 311 317 
 44 6 10 17 34 39 46 50 52 67 76 79 87 96 109 122 124 127 128 146 148 156 157 158 165 167 171 185 190 215 220 231 236 239 246 255 258 259 272 278 291 294 311 328 329 
 46 3 9 12 15 18 21 37 41 49 52 54 59 67 72 80 103 113 115 142 143 149 152 163 164 166 170 176 181 185 198 210 215 218 237 240 241 244 251 256 258 260 295 309 312 321 324 
 39 1 3 8 26 32 104 105 107 110 118 128 130 132 142 144 168 169 176 189 192 199 200 204 232 235 236 240 254 257 258 261 266 276 279 290 293 310 317 328 
 43 5 12 20 25 29 30 34 38 48 55 61 97 105 107 108 109 110 113 124 134 135 136 139 141 169 174 179 182 187 191 198 229 230 236 239 244 247 249 260 263 273 301 316 
 55 5 8 14 16 24 29 77 78 82 91 103 104 111 112 119 127 135 141 146 147 156 161 162 165 166 170 187 206 220 224 225 228 231 232 233 235 239 244 252 253 255 269 271 279 289 291 301 307 312 317 318 323 327 330 331 
 59 3 9 10 15 16 17 19 28 29 35 40 45 46 58 65 66 70 74 80 91 92 102 103 107 110 127 131 136 138 140 144 151 159 169 189 201 202 206 211 217 229 230 245 248 250 259 263 268 271 284 294 297 301 305 311 312 322 323 326 
 52 2 25 33 34 39 41 52 59 61 68 73 79 81 107 108 112 118 120 131 139 149 155 157 166 169 179 181 183 192 206 215 216 219 221 225 228 236 237 238 248 262 265 272 275 283 287 290 304 309 310 316 322 
 46 4 11 26 33 45 59 61 62 77 82 84 87 93 97 102 107 110 112 117 118 119 128 151 153 181 187 200 214 217 221 227 230 231 233 239 241 244 257 261 267 275 278 287 288 295 317 
 63 2 8 11 19 24 29 34 47 48 57 60 61 63 66 72 73 77 82 84 97 103 110 113 127 129 131 142 156 157 158 162 171 174 188 199 209 210 216 217 223 225 228 233 234 237 239 240 250 256 259 263 266 280 293 296 299 305 309 316 319 325 328 332 
 38 19 21 25 39 41 50 52 56 59 80 87 101 111 125 126 153 156 169 188 189 197 198 222 234 243 248 264 274 285 295 297 298 303 304 305 323 327 333 
 53 20 23 30 34 37 40 41 52 57 65 68 72 76 77 105 108 127 132 134 135 140 141 148 156 158 165 183 184 194 197 198 211 223 225 237 239 247 252 254 263 266 270 271 285 288 294 300 302 304 312 313 316 330 
 41 10 18 38 45 49 55 70 75 76 93 96 104 129 130 131 132 136 144 149 165 166 180 188 199 201 209 214 215 227 232 235 240 259 291 294 300 310 314 319 322 334 
 38 11 23 25 34 38 53 58 75 84 92 100 103 104 117 120 122 133 138 158 162 164 180 189 195 196 216 221 239 251 257 259 260 272 290 298 302 315 329 
 56 1 5 20 22 26 31 40 50 53 55 57 63 72 74 83 89 91 99 109 117 122 134 142 144 148 149 159 168 169 176 178 179 187 195 199 200 207 224 236 244 262 263 270 277 279 285 289 290 297 303 306 310 316 319 323 324 
 47 4 27 32 47 50 53 56 61 62 68 74 77 88 89 104 109 112 123 129 136 137 145 152 156 161 162 166 172 175 219 221 223 224 227 235 253 261 266 268 277 286 291 299 306 322 325 333 
 45 8 11 33 34 42 44 45 51 58 81 84 86 93 105 133 135 138 143 148 151 152 167 207 216 231 248 252 260 262 266 276 286 288 290 303 307 308 313 318 321 322 324 330 331 332 
 45 6 17 20 26 29 30 32 44 45 48 54 56 62 69 90 92 93 94 104 106 109 111 118 119 122 125 136 141 167 187 189 198 205 206 217 244 249 251 257 259 261 263 281 291 292 
 43 22 26 33 37 61 66 75 79 80 83 93 115 116 129 131 135 139 151 156 158 162 183 184 196 199 214 227 249 257 258 268 275 279 289 291 298 304 307 314 316 321 324 330 
 50 3 9 11 16 18 26 35 44 47 49 57 66 80 82 83 92 95 96 111 113 118 119 125 132 136 141 145 147 155 160 161 170 172 173 179 184 210 221 229 237 270 272 273 275 288 295 301 304 312 330 
 53 9 15 24 30 31 33 48 50 67 69 70 74 86 87 101 104 111 119 122 127 135 144 151 155 156 167 170 178 187 197 198 204 211 215 221 222 227 231 234 236 247 251 261 264 265 271 282 294 297 306 308 328 329 
 52 10 14 16 17 19 27 39 42 44 57 59 64 66 71 75 92 99 106 110 112 121 122 129 133 151 154 159 162 170 171 172 174 182 183 184 188 191 208 238 248 254 257 263 270 290 292 300 309 311 320 326 329 
 64 4 7 24 25 26 31 41 51 64 67 81 83 91 96 101 102 108 110 122 131 137 143 147 152 157 172 174 180 181 185 186 194 195 227 230 231 232 240 243 247 251 252 253 258 264 266 269 272 286 288 289 292 297 299 301 303 311 316 317 318 320 326 328 332 
 41 10 14 16 21 35 41 50 55 71 76 82 92 127 136 139 155 166 173 174 176 179 180 181 195 200 221 226 228 236 245 251 252 262 266 269 280 288 289 291 310 324 
 46 7 8 13 28 29 30 39 46 49 70 72 91 97 102 110 130 135 141 144 156 184 190 201 202 204 205 208 212 220 238 242 243 252 255 258 267 271 279 294 297 303 307 310 313 324 325 
 53 10 12 15 25 27 33 35 40 44 48 53 56 65 74 78 86 89 91 95 108 111 127 135 150 155 159 165 171 179 187 191 195 197 210 216 221 230 231 245 269 270 274 291 294 297 303 310 311 312 315 326 330 331 
 40 11 13 15 49 53 62 67 73 100 133 136 144 148 149 178 184 190 203 208 219 231 232 242 251 252 267 271 272 274 280 286 289 292 298 305 316 317 324 326 333 
 46 11 12 13 17 34 41 43 54 63 65 67 85 88 98 99 102 105 111 117 133 134 156 158 167 174 175 179 181 183 207 214 222 242 248 251 255 257 259 268 278 279 286 301 303 316 323 
 36 12 14 16 18 27 35 46 55 100 103 119 122 133 141 143 172 174 175 178 185 189 196 202 203 208 218 224 237 303 311 315 321 325 327 328 334 
 54 4 9 14 18 25 37 38 50 75 77 98 99 101 103 105 119 121 138 140 147 157 168 189 190 193 224 228 234 235 244 257 259 261 262 265 272 274 282 283 284 289 292 293 294 302 303 307 308 311 313 318 320 326 327 
 50 8 12 18 22 24 34 41 42 46 52 53 54 61 72 86 106 107 109 139 151 154 158 159 164 166 169 177 184 195 199 208 209 224 226 228 247 249 252 258 260 271 276 290 299 306 309 320 323 325 331 
 33 4 9 15 23 34 38 40 41 49 59 64 65 75 83 88 100 112 122 131 141 142 179 194 197 236 243 244 258 288 289 311 318 331 
 42 1 3 15 19 26 30 38 39 51 53 59 62 68 80 82 85 86 92 98 99 105 106 112 121 133 181 188 193 210 219 231 232 244 252 253 254 265 272 274 300 310 321 
 45 4 7 14 20 22 32 35 36 53 72 73 74 75 85 91 106 118 135 147 187 193 217 223 224 228 229 245 248 256 257 258 266 277 283 287 289 297 305 310 311 320 323 324 325 326 
 39 8 10 16 40 52 60 62 69 79 89 104 105 112 117 118 119 121 140 148 152 153 172 173 192 214 223 225 226 228 248 258 261 264 265 268 283 285 295 322 
 47 5 7 8 9 10 23 28 30 38 43 53 74 103 108 110 113 119 120 121 128 131 144 146 147 149 150 154 159 161 162 170 179 193 197 200 203 211 222 226 231 239 242 258 269 294 330 332 
 37 16 17 21 26 29 38 47 49 64 80 82 83 106 108 119 129 135 141 153 167 174 189 232 236 256 267 272 276 281 294 302 306 308 314 322 324 332 
 54 1 32 37 38 42 47 61 64 69 76 77 87 91 105 120 127 140 141 146 156 159 167 169 178 184 188 194 205 213 224 234 237 241 244 245 249 254 257 260 263 268 272 286 293 300 301 303 305 306 308 319 323 325 326 
 48 21 26 30 34 51 54 57 66 92 104 109 124 128 130 133 137 141 152 154 156 163 165 168 169 175 181 193 215 231 233 234 238 239 241 248 253 260 269 277 279 292 300 302 306 309 320 330 333 
 49 3 8 12 14 15 17 33 36 44 49 53 61 64 82 85 87 91 102 105 115 120 123 137 141 142 150 152 161 168 180 186 193 224 231 233 236 241 248 253 261 267 281 299 308 311 312 314 324 331 
 55 7 15 21 27 44 51 52 54 55 56 77 85 90 111 119 121 129 138 142 149 155 156 158 163 164 166 168 176 180 190 198 201 209 219 225 231 239 246 255 262 263 265 271 273 277 279 280 302 304 312 314 317 319 325 330 
 50 12 19 44 50 55 57 62 63 70 72 78 80 84 88 89 105 110 124 130 133 138 145 148 154 159 162 167 184 191 197 199 204 218 221 238 248 254 261 266 267 268 269 276 283 297 298 316 322 323 333 
 51 6 7 24 27 29 31 33 36 38 44 69 82 94 97 103 105 152 164 165 168 171 179 180 183 185 189 199 200 210 213 224 228 234 238 242 244 245 248 249 256 275 278 288 289 298 300 309 319 322 323 327 
 41 4 8 16 23 31 33 34 45 50 86 102 110 113 115 159 171 190 193 194 209 215 222 226 233 239 241 243 247 257 261 265 267 280 292 307 310 321 323 327 330 331 
 43 10 52 58 66 68 71 73 87 92 103 124 138 154 166 180 185 190 191 192 193 194 203 205 220 226 227 228 237 238 240 246 248 277 280 281 287 297 306 311 318 321 322 326 
 40 19 27 39 46 50 56 57 75 108 117 124 138 139 141 145 148 150 151 156 166 178 185 188 192 194 216 220 228 229 242 253 258 275 281 285 295 315 319 320 327 
 43 8 9 20 29 30 50 63 65 66 72 82 96 100 128 135 141 146 170 173 187 194 195 205 220 223 225 227 231 233 234 236 239 247 256 267 276 278 285 288 289 325 329 330 
 41 11 30 53 82 91 95 96 103 106 130 153 160 163 178 179 182 192 195 203 208 215 218 224 234 236 237 252 254 262 268 274 280 291 292 293 305 307 313 318 319 332 
 55 4 9 27 42 45 58 63 70 75 96 104 107 109 115 118 128 132 133 143 147 148 150 154 157 161 165 201 205 206 208 221 222 223 227 232 245 246 248 252 260 266 268 270 276 281 293 295 298 312 320 323 326 330 331 333 
 54 7 8 15 28 34 37 55 61 70 72 85 96 99 108 114 118 130 131 152 165 166 167 171 172 176 177 178 187 188 193 209 218 228 231 232 233 234 250 252 254 257 264 267 274 278 281 282 285 293 295 317 319 321 324 
 48 1 5 6 18 20 21 37 41 46 66 67 83 89 93 107 111 113 115 128 130 131 136 142 148 149 154 170 181 184 194 196 201 205 225 233 244 254 255 275 281 291 296 303 307 312 313 323 324 
 44 21 22 23 24 26 38 39 40 79 92 104 111 114 119 127 139 144 146 157 158 190 193 195 205 210 212 227 238 248 249 253 265 266 281 297 298 302 305 306 314 315 316 317 326 
 41 7 8 12 13 28 46 61 62 68 70 86 102 111 114 123 125 133 139 156 157 171 175 181 188 205 211 212 237 239 242 244 249 257 274 276 277 279 281 282 302 319 
 43 19 21 25 27 34 38 41 89 128 131 135 138 143 146 162 163 173 179 181 188 192 198 199 208 210 212 214 216 224 232 235 236 248 251 260 261 262 264 278 285 289 302 310 
 40 11 16 24 41 42 49 50 54 65 69 71 76 81 93 94 107 108 116 129 135 136 158 162 169 170 183 206 207 233 238 251 264 269 273 276 288 304 331 332 333 
