 200 334
 3 3 3 3 6 6 6 6 6 9 9 9 9 9 12 12 12 12 13 15 15 16 18 18 18 20 21 21 21 24 24 24 26 27 27 30 30 30 33 33 35 36 36 36 36 39 39 40 42 42 42 42 44 45 45 45 45 46 48 49 51 53 54 54 54 55 57 57 60 60 60 60 62 63 63 66 66 66 68 69 69 69 72 72 72 73 75 75 77 78 78 81 81 81 81 83 84 85 87 87 89 90 93 93 93 95 96 96 96 99 99 99 101 102 103 105 105 107 108 108 108 111 111 111 112 114 114 114 114 117 117 117 119 120 120 120 121 123 123 124 126 126 126 126 129 129 129 131 132 132 135 135 136 138 138 138 140 141 141 141 141 144 144 147 147 147 149 150 150 152 153 156 156 156 158 159 159 159 162 162 162 163 165 165 166 168 168 169 171 171 171 173 174 174 176 177 177 177 178 180 181 183 183 184 186 187 189 189 190 192 192 192 192 195 195 197 198 198 198 200 201 201 201 203 204 204 206 208 210 210 210 210 211 213 213 215 216 216 216 217 219 219 219 219 220 222 222 225 225 225 228 228 228 228 228 229 231 231 233 234 234 237 237 237 237 238 240 240 241 243 243 243 247 249 249 251 252 252 255 255 255 258 258 258 260 261 261 263 264 266 267 267 267 270 270 271 273 273 273 273 274 276 277 279 279 279 281 282 283 285 285 287 288 288 288 290 291 291 291 294 294 295 297 297 297 297 297 300 300 300 300 300 300 100 
 42 14 27 29 33 45 49 60 62 72 77 96 104 107 117 137 139 148 152 156 163 164 174 185 191 196 212 227 228 229 240 241 243 246 254 256 263 279 288 298 308 310 331 
 44 1 7 16 32 33 42 62 77 79 98 101 108 113 117 118 142 147 155 159 168 173 193 205 207 212 214 215 218 221 234 237 241 245 251 265 279 282 290 305 309 311 313 324 329 
 54 1 11 17 18 39 47 49 50 53 55 60 62 67 73 77 90 116 124 130 135 141 144 158 159 167 172 175 176 195 196 198 201 203 204 206 212 213 216 221 224 234 249 256 262 264 267 269 280 284 291 294 309 311 329 
 45 1 13 26 31 42 53 56 62 71 76 105 108 110 112 113 126 128 132 135 138 152 168 187 189 194 201 207 227 232 233 235 237 242 243 245 261 263 286 288 292 294 297 303 315 332 
 57 3 5 12 23 26 29 39 40 54 56 61 70 87 90 92 93 95 97 103 104 111 114 118 119 120 123 127 131 134 143 148 149 154 158 160 167 169 180 188 194 196 202 203 211 215 216 221 238 239 243 268 276 289 292 296 324 331 
 51 5 11 17 18 19 27 29 37 40 62 67 68 79 101 104 106 112 114 119 124 130 131 133 157 166 172 177 183 194 209 216 217 218 224 234 237 238 253 263 269 274 276 279 282 284 294 301 307 320 329 332 
 44 23 27 38 45 49 55 77 92 109 117 141 143 145 148 153 164 171 172 176 183 184 192 194 198 200 205 214 217 218 221 231 240 242 243 248 270 272 277 281 296 306 318 328 330 
 45 24 40 47 50 54 78 84 87 88 92 94 115 116 119 126 132 135 136 143 146 147 162 164 165 169 180 190 198 203 206 218 236 253 257 259 279 283 299 303 310 311 312 321 328 331 
 47 5 17 20 30 46 49 60 67 69 72 76 80 83 86 95 97 103 104 108 110 119 130 131 148 154 157 167 179 194 204 211 216 218 228 241 246 254 259 264 294 295 312 316 317 320 323 328 
 40 2 3 5 21 29 33 34 35 48 53 60 85 92 104 118 131 135 140 148 158 159 163 179 180 200 204 211 213 223 229 240 242 248 269 276 297 300 316 319 320 
 41 2 15 17 23 24 39 52 69 71 86 94 110 121 124 126 145 153 154 155 160 170 176 186 192 212 213 215 221 222 225 230 235 253 279 291 293 296 297 298 300 321 
 53 2 4 5 6 10 15 16 22 24 25 28 36 41 42 46 57 60 78 79 93 107 114 124 134 135 141 142 145 151 154 161 164 171 181 182 186 192 205 220 235 239 245 249 252 261 266 269 280 285 295 305 324 330 
 30 1 5 22 46 48 112 115 126 129 132 144 157 184 192 193 206 229 233 236 248 251 260 262 266 278 286 296 303 306 324 
 40 3 5 20 23 33 46 49 51 69 85 92 93 122 124 141 147 162 180 182 187 190 202 211 215 217 218 221 226 231 238 241 242 243 264 279 285 287 293 304 318 
 54 13 15 17 37 41 43 44 50 52 61 63 77 100 106 112 127 130 135 136 140 144 146 147 151 157 162 163 165 169 174 183 186 187 191 199 201 204 234 236 259 261 270 271 273 277 278 282 283 292 302 308 321 322 323 
 58 3 8 11 15 16 23 27 36 39 50 51 62 69 75 81 90 95 96 106 121 122 131 133 136 137 143 150 154 158 161 164 168 172 176 178 184 188 200 201 205 218 220 228 236 241 245 260 261 266 273 278 283 285 287 288 309 320 331 
 56 3 5 10 11 22 30 36 39 43 49 54 56 58 60 67 75 78 81 87 99 106 119 126 130 131 134 151 175 176 177 180 184 189 197 200 208 219 223 224 227 231 234 237 249 267 268 274 280 286 294 297 298 305 309 314 329 
 39 1 26 33 35 41 51 57 69 110 117 125 126 131 132 140 149 154 155 156 164 165 167 170 187 195 202 208 214 225 227 230 260 270 281 282 288 289 298 324 
 48 1 4 6 8 11 21 23 31 38 44 54 56 58 60 64 78 80 81 85 90 99 108 124 136 142 147 151 156 157 158 179 185 195 201 222 225 233 237 239 250 262 263 271 274 279 281 289 331 
 47 11 29 33 42 48 54 60 63 64 66 74 76 80 89 91 102 117 124 129 134 136 144 145 149 176 180 183 189 194 208 209 217 227 233 242 244 245 246 251 268 269 270 286 318 319 325 326 
 37 2 15 37 41 42 50 62 67 69 76 87 92 93 111 113 118 134 152 188 190 193 194 199 224 225 226 257 262 267 276 283 290 294 299 303 306 313 
 37 20 26 39 41 48 53 54 55 89 96 98 104 110 114 130 133 134 153 157 160 165 173 175 187 200 204 205 212 223 228 236 243 254 275 278 305 319 
 42 8 9 11 21 22 24 29 64 67 70 90 101 124 126 127 128 142 146 151 156 174 177 187 206 207 209 210 213 217 227 242 244 247 251 263 273 282 295 311 312 328 334 
 53 35 36 37 40 45 47 48 55 60 67 72 76 82 99 100 103 118 125 132 133 136 137 147 158 162 165 167 168 170 180 186 199 200 212 213 214 220 221 225 232 238 240 259 264 277 279 283 287 306 319 328 332 333 
 56 13 18 25 30 32 39 41 52 54 61 66 67 70 71 80 90 92 106 108 122 124 128 131 134 138 157 160 173 176 185 197 203 205 220 224 228 232 236 250 255 259 263 280 282 286 288 294 296 297 300 305 311 313 326 328 332 
 47 6 13 18 25 28 48 49 52 56 59 64 77 85 95 106 107 109 110 120 138 139 143 147 150 153 154 158 169 175 178 185 197 200 209 210 211 233 245 259 260 269 270 271 281 302 318 327 
 51 7 8 10 11 22 29 32 36 47 63 69 71 78 84 96 98 103 105 107 115 116 118 120 128 131 149 170 186 189 197 201 209 210 223 224 227 234 244 254 263 264 276 279 293 294 301 309 317 319 324 330 
 42 3 26 36 40 46 47 51 55 73 74 88 90 91 94 102 104 121 131 142 150 161 183 186 202 209 215 216 228 229 232 251 252 256 275 276 282 290 297 299 312 323 334 
 40 5 12 13 23 24 26 30 31 33 36 37 52 55 101 145 149 150 154 157 160 168 176 197 205 207 210 211 225 234 239 255 257 264 287 290 297 303 307 312 324 
 45 23 28 37 39 42 67 76 83 86 89 90 92 99 123 126 128 136 140 141 151 154 173 174 198 203 213 215 223 227 237 245 253 256 265 267 285 287 289 301 306 307 309 310 312 329 
 43 3 5 8 18 23 40 44 47 61 62 64 65 89 94 98 103 114 116 125 126 129 141 148 162 188 189 190 209 218 229 232 233 235 249 257 288 291 292 299 302 307 310 313 
 57 1 5 7 11 12 27 34 39 41 44 47 55 61 62 80 91 96 102 105 108 120 124 130 131 132 133 140 146 159 162 179 185 188 190 197 209 210 215 223 230 238 241 242 243 250 251 254 257 258 259 262 269 276 280 289 302 328 
 42 2 3 17 18 28 30 36 39 50 58 61 67 70 77 80 82 92 103 111 115 133 134 138 142 148 153 157 179 180 186 202 203 209 219 229 236 239 261 270 284 297 304 
 40 16 17 27 45 54 59 62 93 94 111 119 120 135 154 156 164 167 168 170 171 181 183 185 186 190 201 202 216 223 237 241 245 252 256 291 292 298 328 330 332 
 54 14 15 32 50 55 67 69 77 80 82 87 93 99 103 105 106 114 116 122 125 136 139 142 159 181 183 186 193 195 207 214 217 219 225 227 229 241 242 243 255 275 278 279 281 288 296 298 301 307 314 318 320 325 331 
 61 5 8 10 11 26 30 36 39 47 63 69 71 75 86 94 98 101 103 108 117 120 139 140 146 148 159 162 164 165 167 173 186 188 191 200 202 205 206 210 211 212 222 223 224 234 237 240 250 257 261 270 273 280 282 290 296 310 313 319 320 331 
 55 28 30 33 34 41 49 50 55 67 73 79 83 84 91 93 94 96 99 105 124 126 132 141 154 155 156 176 182 186 190 194 199 200 204 211 221 229 236 237 239 242 248 251 252 253 256 258 259 274 282 283 289 290 309 315 
 60 1 16 19 22 24 29 33 46 48 51 69 76 77 80 81 83 94 96 100 101 103 106 109 112 117 125 130 149 157 162 168 182 186 188 189 195 202 207 211 218 221 230 231 233 236 239 246 248 265 272 279 282 292 298 307 318 320 322 326 328 
 52 3 4 23 28 38 45 46 54 59 68 77 79 80 82 84 89 100 111 116 119 123 125 153 159 175 177 178 179 187 201 218 232 246 252 254 259 260 269 273 275 282 290 293 294 296 307 308 313 317 318 319 329 
 54 15 18 26 33 34 35 41 44 49 64 66 69 70 83 85 87 88 93 98 106 112 128 137 139 140 148 171 176 188 208 209 211 212 217 219 222 223 229 234 237 248 269 271 280 283 289 294 307 309 316 319 320 324 328 
 51 3 5 12 15 16 25 30 37 41 45 48 49 64 69 92 99 104 106 115 118 122 126 130 134 138 168 180 191 199 205 210 211 213 215 218 230 234 240 255 258 269 271 273 290 304 311 313 318 321 323 326 
 35 21 33 39 40 41 66 73 74 86 90 99 114 120 122 143 156 159 162 177 179 185 204 218 220 231 234 250 266 267 281 290 296 304 321 324 
 54 6 16 19 25 27 28 33 34 42 44 46 61 63 70 71 79 103 109 112 115 119 125 141 142 146 152 158 161 171 188 190 194 196 210 211 215 216 230 233 252 255 257 259 264 270 273 275 281 292 307 308 322 328 329 
 49 10 15 24 31 36 43 44 51 53 54 56 67 68 84 107 110 115 120 123 131 133 138 149 152 164 176 179 182 184 189 196 208 211 229 236 241 244 248 249 251 271 280 281 288 289 291 292 310 312 
 53 3 5 10 24 25 40 51 55 58 62 76 89 99 101 110 111 128 132 133 134 151 154 155 157 163 174 192 197 202 208 212 217 218 227 229 236 237 238 253 260 275 277 279 282 292 301 307 312 314 315 317 329 332 
 47 1 8 9 25 30 41 53 55 60 70 83 89 92 104 109 115 122 127 130 139 142 149 150 151 170 172 175 176 179 183 188 193 197 205 212 221 245 257 263 264 275 279 284 288 317 330 331 
 43 2 5 10 21 28 39 42 62 65 68 79 80 97 112 122 149 153 164 191 202 206 210 222 224 230 236 243 244 249 251 259 268 271 272 273 280 282 288 290 299 317 323 325 
 44 22 28 49 61 64 70 76 80 81 84 105 108 109 116 123 132 142 155 156 173 179 185 192 202 207 211 212 217 244 249 257 258 259 262 269 270 273 279 294 299 307 313 319 320 
 43 2 5 6 17 24 30 44 54 62 63 66 76 79 81 99 100 106 108 117 120 135 136 151 155 166 182 189 199 203 219 228 242 243 245 255 267 270 282 299 304 317 325 331 
 46 6 7 16 34 59 63 68 72 77 91 98 101 106 107 111 115 118 121 162 168 187 191 195 203 219 221 222 230 247 249 250 251 252 257 259 268 270 280 285 291 292 307 324 330 331 332 
 50 4 8 12 23 28 36 39 42 46 52 53 55 56 59 63 67 68 75 78 83 109 114 136 138 139 140 154 157 178 179 180 182 184 188 195 207 209 234 237 240 241 242 250 266 278 283 287 305 318 326 
 51 17 21 27 44 53 60 70 71 72 74 75 80 82 84 87 88 100 107 113 119 122 127 134 142 147 152 155 164 171 176 179 181 185 186 189 192 223 241 254 256 264 279 283 286 299 303 308 317 319 322 328 
 40 7 10 11 12 27 35 39 44 49 70 73 75 87 88 98 126 130 139 143 144 161 175 179 188 194 202 215 229 232 233 241 248 256 277 306 310 326 330 332 334 
 43 2 7 14 27 31 36 40 41 42 49 53 63 65 74 87 88 95 99 107 115 122 138 148 152 159 165 190 199 225 228 229 231 233 234 247 249 260 274 290 296 313 329 333 
 42 20 21 24 41 52 54 70 82 96 106 107 113 115 119 120 121 126 130 131 134 138 159 167 168 197 204 222 229 241 249 258 268 273 291 294 302 304 305 310 314 320 331 
 47 8 24 27 32 36 41 44 45 54 55 56 60 62 71 76 78 89 111 122 127 130 135 139 140 146 167 206 214 216 221 222 224 239 248 265 266 276 278 285 293 295 304 306 317 323 325 327 
 46 20 27 39 42 53 56 68 69 74 77 80 83 87 105 110 128 129 130 137 140 143 144 157 185 186 189 191 200 203 211 218 220 221 228 240 248 270 279 285 290 291 295 304 310 313 317 
 50 19 23 31 40 41 48 49 51 61 62 67 70 72 76 82 84 91 122 131 146 151 157 164 168 179 181 184 186 201 202 203 205 217 218 220 224 225 228 259 260 261 262 267 269 296 301 307 309 319 326 
 48 18 29 43 49 50 53 54 63 65 70 73 79 91 93 100 106 109 114 117 123 142 145 167 173 176 184 193 195 198 201 203 217 221 224 229 230 236 240 241 251 259 263 268 270 312 320 328 329 
 47 8 20 21 27 34 47 78 83 93 96 99 101 110 134 141 150 154 168 178 185 189 192 199 201 204 208 209 220 234 240 242 248 249 254 256 264 265 267 272 276 280 281 319 320 323 324 325 
 45 5 6 8 9 17 21 27 28 46 60 63 76 87 101 113 117 122 125 128 132 141 150 151 158 164 170 183 185 196 197 202 210 212 215 216 234 236 248 256 257 262 267 269 288 291 
 49 1 3 31 35 48 52 59 72 74 77 86 103 111 125 127 135 138 141 142 146 151 157 170 175 177 180 187 192 193 200 230 231 233 241 243 244 247 248 265 270 275 276 277 287 300 309 311 319 329 
 66 2 13 16 27 29 43 46 51 60 64 68 69 70 71 77 81 89 93 99 103 106 113 117 119 125 137 139 144 157 169 174 175 179 181 183 186 193 195 210 216 217 229 231 233 241 242 248 267 268 276 280 282 284 288 289 299 301 304 310 315 319 323 327 328 330 333 
 38 11 15 17 25 43 47 52 55 62 67 77 96 103 107 138 140 147 156 160 165 167 174 175 179 180 209 210 211 240 252 282 287 311 316 317 320 321 323 
 62 4 5 12 17 22 24 25 30 31 42 63 64 65 75 77 79 97 103 113 121 123 125 138 143 154 155 157 159 163 168 175 181 187 192 198 206 219 231 233 246 247 252 253 257 266 273 284 285 289 290 291 302 310 312 316 317 321 322 326 329 330 331 
 43 5 11 13 26 33 65 79 83 90 92 95 111 112 113 133 137 146 155 157 168 179 195 208 212 217 235 241 262 264 272 273 284 290 296 297 300 302 308 315 316 320 322 328 
 45 6 13 23 28 53 61 66 72 86 88 101 103 109 113 127 130 140 146 147 148 151 152 172 187 189 195 196 198 200 213 216 236 260 264 269 280 283 295 299 304 310 311 312 318 329 
 59 7 12 13 22 26 27 36 41 43 49 57 74 76 85 92 103 111 114 120 122 130 138 145 146 151 163 168 172 173 177 187 190 191 193 200 207 216 217 222 224 229 247 260 265 268 274 284 286 289 295 297 299 309 320 322 325 327 328 329 
 44 10 13 22 29 33 35 44 46 67 69 81 96 101 102 104 110 116 117 118 123 140 164 169 174 184 187 188 191 200 208 231 232 251 259 263 267 268 283 303 308 311 314 327 334 
 37 1 4 18 24 27 31 32 55 56 57 63 68 71 81 106 119 130 139 167 178 179 190 192 214 235 238 246 269 272 276 283 288 298 304 308 323 326 
 45 5 7 12 15 35 43 51 56 63 76 83 94 99 104 108 111 118 120 122 130 134 148 164 178 181 186 191 197 198 210 216 231 234 242 249 252 263 282 284 290 296 297 298 308 316 
 48 6 13 20 27 33 39 43 47 49 57 66 90 94 95 100 103 119 132 135 138 145 150 154 155 157 159 172 177 188 216 217 230 233 234 235 239 241 248 256 257 260 283 304 308 310 314 328 332 
 42 8 11 27 39 64 88 89 94 108 109 110 114 118 131 138 142 146 157 166 176 180 182 187 188 207 210 219 221 229 237 241 246 248 270 287 289 294 296 298 310 318 325 
 37 2 18 26 41 60 85 87 93 94 106 113 119 130 137 184 192 215 224 227 231 236 240 241 244 249 250 258 274 281 283 285 289 293 296 320 322 324 
 45 1 5 10 11 14 24 25 28 29 42 80 90 97 100 106 112 132 138 141 145 149 161 167 168 178 183 192 194 205 220 222 229 235 248 253 260 267 282 285 286 299 300 302 309 311 
 49 1 2 5 9 10 16 19 21 34 38 52 55 61 87 90 93 109 130 149 151 162 170 182 198 200 202 205 218 219 224 238 241 243 244 249 253 268 276 280 281 292 294 299 302 316 320 323 330 333 
 58 5 20 30 39 46 49 51 52 61 63 71 76 80 83 87 97 102 106 110 111 112 116 119 123 124 127 129 137 139 144 151 154 164 165 166 175 184 185 189 190 195 196 222 225 241 258 265 267 270 287 289 292 303 304 313 324 329 333 
 47 2 12 15 18 30 39 41 54 59 65 89 92 96 98 101 103 118 121 137 138 141 145 150 152 153 170 174 177 207 214 234 237 243 249 255 257 270 273 278 285 290 293 295 297 303 328 330 
 58 6 10 13 17 18 32 33 46 50 53 54 59 65 71 84 86 89 94 101 103 105 111 116 124 128 131 135 136 144 146 148 151 154 164 175 181 182 186 193 197 203 213 221 226 230 233 235 246 259 271 275 277 280 285 294 312 319 326 
 57 17 19 33 37 41 63 68 69 72 89 90 92 96 110 116 121 123 128 145 156 159 161 162 169 172 178 179 195 196 207 210 213 224 228 230 234 244 249 250 257 258 259 262 271 273 275 279 283 289 292 303 304 307 311 315 323 325 
 43 3 6 7 9 25 31 53 68 76 83 97 106 110 119 124 133 139 158 165 179 187 193 194 196 197 203 223 227 234 237 242 253 254 255 271 280 281 288 292 301 329 330 332 
 52 1 3 6 9 15 16 24 25 26 29 34 35 40 41 51 52 59 71 89 90 96 100 101 124 129 152 164 166 167 172 176 178 179 186 196 203 204 206 214 225 228 234 238 244 248 251 256 294 300 301 329 330 
 44 5 15 25 32 34 35 41 47 53 70 90 95 107 131 140 141 149 151 152 165 168 179 185 186 187 192 195 201 206 213 222 224 230 241 254 270 279 283 291 307 308 315 317 333 
 43 4 6 12 16 21 22 23 25 26 32 47 63 69 84 86 89 93 102 112 121 137 176 184 187 196 199 201 224 233 235 240 247 254 267 276 283 284 303 308 316 321 323 324 
 51 3 21 27 32 37 69 76 79 80 83 99 121 122 125 128 130 135 141 142 144 148 157 160 164 182 191 196 200 212 221 236 237 242 244 247 251 252 260 273 279 282 293 294 297 302 305 314 315 327 328 329 
 42 4 14 40 41 42 50 54 63 66 74 75 76 84 88 89 101 116 123 124 127 128 135 141 173 179 189 191 197 198 205 209 215 219 225 244 259 266 271 300 313 314 328 
 46 3 23 27 34 35 57 58 61 66 76 93 110 118 120 125 133 135 146 165 166 171 177 179 189 198 201 205 221 223 230 238 239 245 247 253 268 279 280 281 288 290 296 309 313 314 317 
 44 5 14 16 17 20 24 29 33 44 46 48 67 70 81 84 100 117 122 132 135 151 153 164 170 175 177 180 197 199 200 221 223 241 248 264 268 270 271 273 283 296 304 313 328 
 45 1 7 11 21 26 28 39 41 45 60 73 90 93 102 119 125 141 143 145 154 162 175 186 192 196 202 204 220 226 228 243 251 254 257 261 283 285 289 295 311 312 318 319 325 332 
 46 9 15 16 19 20 41 44 46 47 52 58 66 79 83 88 108 110 113 123 130 131 154 156 170 180 182 183 185 191 216 229 232 239 250 251 256 257 265 274 280 285 306 310 325 328 331 
 45 1 15 19 21 24 25 29 31 53 54 56 59 78 82 83 85 87 110 119 121 135 142 152 153 158 166 186 187 199 214 221 226 241 250 264 266 267 274 298 301 305 308 310 320 326 
 46 2 13 14 32 51 53 62 69 82 85 86 97 106 107 124 126 140 147 159 164 168 183 186 192 203 215 218 221 225 236 252 257 258 263 279 280 286 297 306 307 310 313 323 330 331 333 
 40 6 22 24 27 36 45 56 63 65 74 80 93 97 114 124 139 146 151 157 160 163 169 172 182 207 211 215 218 230 233 237 251 258 279 285 300 314 324 326 328 
 40 4 6 12 15 29 31 58 60 62 74 75 89 115 123 130 133 141 145 150 153 162 176 183 195 204 225 236 240 242 252 262 264 267 274 290 298 310 312 315 321 
 41 3 12 16 19 27 31 39 47 55 83 103 110 113 127 130 133 134 149 154 164 176 183 185 187 191 200 204 210 214 230 232 260 277 285 291 292 294 303 313 315 326 
 42 3 15 27 43 53 54 59 62 76 78 80 93 94 104 139 143 155 159 162 174 180 181 194 197 215 226 246 249 262 291 292 295 297 301 305 307 310 313 322 326 330 333 
 49 6 16 22 27 29 31 34 36 45 61 71 74 87 95 97 104 106 107 120 126 127 131 135 137 147 161 163 166 185 189 206 210 217 224 238 251 257 267 270 276 277 283 287 292 293 297 298 329 333 
 36 2 20 23 63 69 73 83 102 134 155 167 172 174 175 178 183 189 190 199 202 204 207 210 217 225 262 270 272 283 306 318 323 325 328 332 333 
 47 4 7 16 28 33 35 36 39 40 48 54 65 96 97 100 106 111 116 122 123 125 130 145 149 150 155 156 165 171 189 196 211 219 220 222 244 281 284 294 297 302 312 313 316 318 321 322 
 46 5 9 12 23 33 34 45 50 63 67 75 89 96 106 118 132 134 137 151 153 157 166 186 198 200 210 212 213 215 228 240 241 244 245 251 253 260 262 268 270 284 301 303 305 309 312 
 55 2 3 16 31 51 61 73 74 77 79 80 87 89 90 93 94 97 101 102 108 130 134 138 149 151 152 161 162 163 168 173 179 195 202 207 210 214 231 237 239 251 258 262 266 269 275 277 282 288 296 298 311 312 314 316 
 53 2 30 33 41 55 65 71 77 79 81 92 94 103 107 110 116 117 120 124 130 134 137 141 155 160 166 170 176 182 188 189 192 196 199 204 207 209 214 218 224 225 240 241 260 266 267 275 282 285 303 304 315 333 
 46 8 12 25 26 36 47 63 64 68 74 76 77 89 97 100 103 107 111 114 128 136 138 144 145 146 151 158 183 197 210 224 242 246 248 250 260 261 270 273 278 294 297 298 307 310 322 
 46 3 5 7 10 20 34 37 41 66 69 73 79 80 84 97 101 102 104 123 133 139 145 154 157 164 168 170 182 188 199 207 208 214 236 243 253 263 282 292 301 303 306 308 311 327 331 
 50 7 10 19 20 29 30 32 36 42 52 59 60 68 69 70 78 105 114 119 141 146 152 182 185 189 191 198 208 209 216 224 231 235 256 262 263 266 268 274 286 293 299 301 302 303 311 318 320 323 325 
 45 4 26 29 31 32 38 46 49 61 85 96 97 102 104 108 122 140 151 156 165 166 170 178 196 207 214 222 224 230 237 238 243 257 258 268 281 283 288 297 302 311 316 317 320 327 
 49 1 7 12 29 35 39 62 63 73 76 89 91 103 114 117 134 135 138 140 143 159 167 168 184 201 210 213 226 228 229 230 245 255 258 261 266 268 276 280 282 283 284 286 302 317 319 321 328 330 
 49 1 10 23 31 35 37 38 39 40 48 49 62 77 86 104 123 136 143 152 156 164 165 173 188 202 204 206 210 225 229 231 252 257 260 261 262 270 273 286 293 295 302 303 304 305 312 313 320 321 
 46 1 11 30 53 61 65 68 88 94 99 110 111 116 118 125 141 152 153 157 159 160 168 178 186 194 197 201 208 211 214 229 241 247 257 262 264 266 267 274 298 304 307 315 319 329 333 
 50 1 2 5 19 26 41 43 45 46 47 50 53 61 67 68 89 117 121 123 129 131 138 140 147 155 162 173 182 187 192 194 200 212 231 233 236 237 247 257 268 270 286 287 290 298 299 300 315 317 318 
 34 19 27 40 44 50 73 83 87 88 107 119 129 168 193 207 215 218 223 229 234 242 249 259 271 279 282 289 290 293 294 317 319 326 332 
 39 7 18 19 23 39 44 54 57 58 62 68 78 81 86 96 108 113 127 128 140 145 153 166 168 170 188 195 199 228 235 253 257 279 281 282 294 298 304 322 
 44 13 28 30 32 37 47 48 54 56 57 69 76 88 94 99 100 106 110 113 118 122 137 141 162 163 165 172 173 174 195 211 214 228 231 238 256 258 263 267 279 290 318 323 324 
 46 1 12 24 27 30 31 39 44 48 55 93 98 101 114 143 144 149 153 154 158 172 188 196 197 201 203 204 217 219 231 233 242 258 263 272 277 279 297 301 306 308 318 320 323 328 333 
 47 19 33 37 39 40 46 54 55 68 84 92 102 103 106 107 121 140 155 161 162 167 171 178 186 191 206 216 218 220 224 234 239 242 246 247 255 265 267 277 286 288 304 305 306 314 327 333 
 43 10 16 20 22 23 32 37 42 43 46 52 66 81 86 92 96 102 110 111 115 118 131 142 166 179 190 192 203 213 227 229 231 265 268 274 275 279 281 284 295 316 326 332 
 54 12 33 41 43 45 47 50 52 55 57 68 69 72 76 81 86 92 98 105 131 136 137 138 139 147 150 158 164 166 168 169 172 179 201 208 214 218 224 225 228 231 235 245 267 273 281 283 287 294 309 310 317 320 325 
 42 2 3 5 6 7 10 20 30 34 36 42 76 80 87 102 113 117 121 127 145 150 188 191 201 203 209 217 251 265 268 271 272 273 274 278 283 284 285 289 299 301 329 
 46 9 22 39 63 65 73 74 83 85 87 107 112 114 119 120 137 140 142 148 152 160 167 168 170 178 180 188 190 191 197 198 201 228 240 241 250 253 258 262 270 286 291 302 312 313 333 
 41 7 16 32 33 50 56 57 64 66 72 74 76 83 99 102 105 113 123 138 142 148 154 175 180 195 220 226 229 230 239 257 258 261 279 286 289 294 304 305 317 332 
 41 8 10 18 19 23 30 40 43 45 46 51 62 64 79 81 83 89 93 97 103 107 115 117 119 123 133 138 143 158 181 234 250 254 263 268 284 292 295 318 320 324 
 54 5 10 17 22 26 36 37 40 44 58 88 89 95 100 106 111 115 117 118 121 143 162 167 171 182 185 187 190 196 200 201 205 208 223 238 245 249 252 259 280 282 288 292 298 305 307 310 312 314 315 320 324 325 326 
 45 1 13 18 31 34 39 44 48 49 54 61 66 77 80 83 111 114 122 127 137 148 153 166 172 173 175 184 186 195 203 205 233 235 250 251 252 267 273 276 277 278 294 305 308 325 
 40 36 37 42 47 81 85 90 96 99 107 115 118 130 135 139 148 149 172 177 183 192 201 208 214 226 234 238 245 254 256 264 268 269 270 277 285 290 297 321 322 
 42 6 13 21 22 23 28 34 47 51 65 69 73 79 83 96 107 109 113 117 122 141 167 193 198 202 211 213 248 251 252 265 269 271 278 280 295 296 309 310 328 329 331 
 52 2 10 24 28 31 36 61 62 64 77 92 93 106 115 138 144 145 151 154 173 178 179 193 195 198 207 208 221 228 238 242 243 251 256 257 258 266 267 270 274 280 285 286 291 293 294 301 312 316 318 325 328 
 51 1 13 15 24 30 35 37 38 46 49 55 57 71 78 85 97 107 115 119 122 123 126 127 143 153 154 162 171 172 181 193 196 202 210 212 215 221 227 241 249 269 285 286 299 300 306 311 313 320 323 326 
 49 2 11 12 13 17 38 55 60 69 77 81 88 89 92 93 102 113 114 126 129 133 134 138 140 151 169 172 174 181 184 186 189 192 195 196 218 221 225 226 241 245 250 258 272 278 281 307 312 332 
 44 3 10 12 15 20 21 37 46 52 69 79 80 92 98 102 105 106 130 138 151 156 157 172 177 182 189 190 191 205 206 210 231 232 244 248 252 263 265 269 274 304 306 314 325 
 51 20 22 30 34 46 48 51 52 59 60 63 65 67 70 71 79 83 87 90 93 97 98 108 137 141 152 153 157 169 180 195 210 236 238 247 253 264 269 283 285 293 300 305 307 308 310 313 314 323 329 330 
 45 1 2 20 23 45 58 61 64 68 78 81 106 108 111 115 116 118 119 136 137 148 158 159 171 181 185 207 208 220 232 247 250 264 271 274 278 285 288 309 311 312 314 316 323 332 
 44 1 12 16 22 45 55 59 60 68 81 88 100 119 122 127 132 137 138 139 155 156 157 160 166 167 176 189 191 195 204 212 228 236 237 254 260 267 276 301 306 314 317 318 332 
 51 4 7 11 16 22 23 29 34 46 56 58 68 81 87 93 96 102 103 105 108 110 113 126 148 149 152 155 163 167 170 177 193 201 202 204 216 221 226 227 228 229 236 246 249 250 255 256 257 269 302 329 
 41 6 23 25 26 28 35 56 62 65 80 86 89 102 109 128 130 134 150 166 194 195 206 209 211 227 234 239 243 251 253 258 268 272 277 294 303 308 320 324 329 330 
 46 14 21 27 28 29 40 41 43 69 84 86 92 107 121 131 133 134 135 148 152 158 163 175 183 192 194 198 205 216 217 229 243 245 249 250 255 263 271 273 280 288 289 297 303 312 316 
 49 12 15 19 28 29 34 41 42 46 50 87 89 90 102 108 113 115 119 131 133 140 150 154 164 165 168 169 173 179 185 188 202 209 217 222 231 243 251 253 260 286 294 298 313 314 317 328 331 332 
 46 5 10 20 21 30 32 36 38 43 57 62 66 74 79 99 100 102 103 107 129 134 157 159 173 175 181 189 191 193 200 209 215 231 244 255 269 280 281 287 289 291 304 305 309 325 328 
 46 1 7 13 15 39 40 59 60 71 72 79 87 102 103 118 121 123 131 135 136 139 142 169 170 175 179 188 190 199 211 213 215 217 221 232 233 235 236 268 269 282 290 303 316 320 321 
 39 10 23 24 28 36 39 41 57 83 90 97 108 120 123 126 151 152 169 172 173 177 206 210 211 214 216 218 222 227 228 237 248 252 259 267 292 297 307 329 
 47 14 17 18 24 26 29 40 42 56 62 66 84 86 93 95 101 104 107 112 114 123 138 147 161 169 170 188 194 203 208 214 220 226 229 240 248 257 259 269 275 281 285 291 295 298 299 327 
 56 3 10 12 20 23 30 36 42 43 44 47 54 62 78 80 84 86 89 90 96 98 99 114 115 119 132 147 149 163 171 175 193 194 196 201 203 210 221 226 236 245 259 261 270 271 284 286 289 302 303 306 309 310 318 321 331 
 46 1 2 32 48 50 54 61 66 90 98 100 108 115 133 134 140 141 143 163 177 184 196 210 222 223 234 236 247 264 268 269 274 276 286 291 293 296 307 311 313 316 317 320 326 327 328 
 52 2 5 17 18 20 23 30 34 42 43 46 50 56 59 64 73 85 87 92 96 110 111 120 136 156 158 159 172 175 187 189 197 214 218 223 231 234 236 237 246 256 264 271 274 282 291 294 297 305 309 316 328 
 50 4 5 6 22 31 32 48 50 53 64 84 103 107 114 119 121 122 136 138 140 145 152 165 169 172 174 177 195 214 217 218 221 224 228 230 232 236 249 262 265 267 287 298 302 310 312 320 323 328 330 
 46 5 8 10 26 27 34 39 40 43 46 50 51 61 71 89 115 116 132 145 146 148 156 161 175 185 192 206 209 220 223 224 227 232 253 258 267 268 279 282 303 307 310 312 317 323 330 
 47 6 20 23 27 38 41 46 55 63 66 69 73 74 91 92 96 107 116 117 120 121 126 133 156 158 159 164 174 175 180 193 198 201 204 207 224 239 250 253 258 260 262 289 297 302 309 317 
 52 11 20 31 36 40 41 43 44 48 53 62 83 91 93 96 98 99 119 121 124 127 130 131 134 149 157 182 192 195 207 210 216 219 220 222 236 237 249 250 252 262 263 272 274 283 293 298 311 312 319 321 324 
 34 11 15 16 23 27 73 74 77 78 99 104 110 131 136 152 157 164 165 172 185 190 192 214 227 246 247 264 286 287 288 294 295 301 322 
 40 16 23 44 50 54 60 64 65 67 69 70 87 89 103 106 114 115 127 138 140 146 147 162 166 183 196 227 230 233 235 251 256 258 262 266 270 279 300 308 319 
 50 2 7 17 20 21 42 51 52 62 72 75 81 84 88 97 99 116 120 125 134 146 159 161 171 172 187 190 193 197 205 207 212 221 222 246 263 264 267 269 282 285 295 296 308 309 321 322 325 327 328 
 52 13 20 25 30 42 43 49 61 78 79 80 86 87 90 93 95 96 105 112 114 115 118 127 130 131 142 148 151 171 177 182 185 190 193 203 208 212 214 215 221 224 230 233 236 239 241 259 278 279 300 316 327 
 53 8 9 14 31 32 34 36 39 58 59 60 72 103 107 113 115 125 137 138 144 145 150 155 158 160 173 174 183 189 210 212 213 220 234 237 244 246 247 250 252 255 259 261 262 274 282 286 287 294 304 313 315 323 
 48 7 33 36 43 49 50 56 64 65 69 81 82 89 90 95 96 97 103 118 123 127 135 137 141 165 169 181 184 192 195 199 205 213 218 222 228 243 244 256 270 278 293 300 302 309 317 330 331 
 51 2 10 25 30 33 40 46 50 58 62 69 76 79 85 93 98 104 107 113 116 117 119 148 168 173 175 179 180 195 206 208 209 211 214 219 221 232 240 254 260 264 270 274 280 281 282 286 303 304 316 330 
 49 27 31 34 44 49 59 87 92 97 104 111 116 120 122 140 141 145 154 155 158 160 164 165 172 177 187 188 195 197 198 205 207 213 216 222 225 228 231 246 250 265 285 294 295 302 309 322 323 333 
 50 3 15 16 28 33 35 41 45 47 50 51 65 78 107 125 126 131 132 133 134 141 145 155 158 164 171 185 189 193 196 209 212 214 218 228 235 258 259 265 267 273 276 282 286 290 299 300 322 327 330 
 46 10 16 26 41 42 53 54 55 58 59 64 74 76 110 113 124 130 131 132 145 168 190 193 196 208 217 221 222 229 247 254 257 262 266 267 275 281 283 290 294 295 305 314 328 329 330 
 52 6 7 11 30 38 39 42 49 57 61 73 82 92 98 100 121 126 129 132 136 140 155 158 161 165 166 167 170 171 172 177 182 193 196 221 234 240 241 245 250 253 254 264 266 268 280 291 295 303 304 321 328 
 49 7 10 37 54 57 67 71 72 75 80 82 90 93 104 115 119 127 128 139 151 154 157 158 170 181 193 195 196 206 224 228 230 236 241 248 251 254 262 268 271 275 296 298 306 308 312 315 317 320 
 48 1 4 14 15 26 39 41 43 47 49 58 64 72 73 78 83 92 94 101 106 116 130 159 164 166 192 194 195 202 205 243 247 248 258 261 262 267 269 275 281 282 290 297 302 305 318 329 333 
 49 5 26 42 49 57 63 64 70 76 91 95 101 103 108 132 135 146 153 169 170 172 177 182 183 184 190 196 205 208 216 218 220 221 223 226 229 246 255 265 274 286 289 297 298 302 310 313 327 331 
 42 11 12 18 42 52 72 76 77 83 85 97 109 121 136 139 147 153 155 160 179 191 193 208 216 222 224 225 226 228 242 256 278 282 283 285 287 297 299 313 322 323 331 
 39 19 21 23 26 33 43 65 84 86 88 92 94 104 133 149 155 158 164 170 178 200 202 203 223 235 237 238 251 263 265 267 268 269 273 280 282 300 321 330 
 45 2 5 6 21 24 32 60 66 76 82 83 87 93 114 116 119 120 122 123 130 132 137 140 142 156 160 165 169 176 191 211 222 226 245 249 259 267 273 284 287 302 312 320 327 330 
 41 11 12 19 20 22 28 46 60 77 79 102 104 123 125 129 132 135 152 160 161 169 207 217 220 222 224 230 240 246 256 262 276 279 281 285 294 301 302 311 327 329 
 46 6 17 28 33 36 41 50 53 54 79 83 98 110 114 120 121 133 134 135 139 149 162 179 184 186 187 203 210 216 222 225 232 233 235 236 237 238 252 257 280 283 299 300 322 324 326 
 50 8 9 16 26 30 35 48 54 64 69 70 73 81 84 85 92 97 109 113 116 124 128 139 163 176 186 190 203 221 229 230 233 234 242 243 249 251 252 253 268 270 276 277 299 304 319 322 323 326 332 
 45 42 47 56 87 92 95 98 101 107 116 129 130 131 137 141 157 164 165 172 178 183 184 197 215 216 217 222 227 228 229 245 246 248 249 251 266 274 279 282 295 303 312 319 321 323 
 40 9 24 43 46 50 51 61 78 79 95 118 120 122 135 142 146 158 160 168 177 179 180 206 220 226 231 234 246 250 253 265 274 282 285 293 298 308 312 320 333 
 38 7 8 10 11 13 17 36 69 83 99 107 115 118 134 135 166 170 172 179 183 195 209 216 219 234 236 258 267 290 292 295 297 299 303 309 315 321 330 
 50 1 20 22 27 28 41 45 54 65 74 92 105 106 108 116 133 138 143 145 146 153 158 162 179 184 186 187 189 200 201 205 209 210 211 213 219 230 246 277 291 292 304 310 313 318 320 324 326 329 331 
 44 8 23 24 28 34 35 40 41 43 47 54 57 60 63 71 75 83 86 104 112 113 115 122 128 140 175 179 188 196 210 228 232 233 235 240 243 256 260 262 270 275 277 279 291 
 50 2 5 14 17 38 43 51 53 55 67 72 88 93 101 110 114 123 124 125 126 132 151 155 159 165 178 180 183 185 189 192 196 203 205 209 235 251 257 260 275 279 281 284 287 292 312 320 325 327 333 
 40 27 37 53 63 72 73 79 85 93 103 104 113 118 143 144 145 147 168 170 192 193 206 230 234 249 251 252 254 256 263 267 277 283 301 304 313 316 317 322 327 
 59 2 9 15 19 20 23 24 28 32 41 53 55 56 57 80 103 138 145 146 154 156 160 163 164 166 167 170 180 181 182 185 192 194 198 211 214 216 217 222 231 237 246 252 257 264 270 275 276 278 282 288 289 296 302 304 314 323 324 327 
 47 2 11 15 40 51 53 66 69 70 73 75 77 80 88 92 95 97 103 108 144 145 169 172 185 186 190 197 199 206 217 225 230 231 233 256 260 261 269 284 286 289 294 302 306 307 313 325 
 38 15 26 39 41 42 49 57 66 70 77 79 85 109 110 125 144 158 159 160 164 170 188 190 196 200 223 224 226 238 255 256 265 279 285 297 303 306 308 
 48 2 21 22 31 37 46 52 57 58 70 77 79 80 89 91 104 114 126 131 133 149 161 167 181 186 205 215 216 219 220 224 234 237 239 240 242 251 254 282 283 304 313 314 316 319 320 323 328 
 45 1 6 17 48 49 51 57 59 68 82 84 86 90 92 100 106 115 134 136 139 146 149 151 157 162 163 167 172 183 189 220 237 243 252 254 255 263 270 277 281 291 292 302 303 322 
 56 4 15 28 34 50 53 56 58 60 62 68 70 77 79 82 95 98 103 104 108 114 128 133 150 151 152 154 163 173 178 196 200 207 209 211 222 232 235 236 238 249 258 259 271 278 281 282 284 286 289 290 302 311 313 318 329 
 43 1 5 16 31 35 40 47 52 73 76 77 88 92 95 104 120 122 130 134 148 151 165 168 169 172 179 180 184 224 259 265 283 284 289 292 296 304 306 308 309 320 321 329 
 43 2 6 18 30 41 49 55 73 78 85 86 94 117 122 123 133 135 141 148 151 153 154 158 170 171 172 174 195 205 214 216 218 224 232 242 255 266 273 275 284 304 308 311 
 44 1 7 26 37 40 42 46 63 64 76 77 101 104 123 128 132 136 152 157 180 181 201 202 208 212 213 216 234 240 248 252 255 262 263 280 281 289 290 297 304 312 318 327 331 
 50 2 17 26 31 34 42 46 48 51 53 64 73 107 108 109 118 124 146 147 152 160 167 187 193 196 204 211 215 223 236 237 247 248 250 251 252 259 262 275 280 286 301 316 322 323 326 328 329 332 333 
 47 8 12 13 14 15 27 48 49 52 79 86 88 98 101 115 131 143 147 149 156 169 179 185 196 200 214 219 220 225 229 230 239 252 261 263 265 268 270 279 287 291 293 294 303 315 322 324 
 36 4 11 18 31 33 34 36 46 63 71 107 126 129 131 158 177 184 186 191 193 198 203 233 237 246 253 254 255 262 266 290 306 312 317 321 333 
 46 1 16 21 32 47 49 53 61 70 75 78 90 98 108 110 115 117 131 142 151 154 158 173 176 177 178 186 187 192 199 202 212 221 225 241 259 263 293 295 297 308 309 310 326 331 334 
 60 4 20 45 57 60 64 68 70 73 77 79 84 88 91 94 105 111 113 116 120 123 129 130 133 141 142 150 154 155 162 167 173 177 183 189 193 194 199 202 206 211 212 220 224 225 232 245 248 252 257 274 277 280 293 296 300 301 308 315 324 
 48 8 10 15 28 49 52 65 66 73 80 81 114 126 127 132 133 145 149 151 156 159 166 167 168 171 175 181 187 189 192 198 206 215 220 223 227 231 241 249 250 254 256 264 269 279 288 311 320 
 55 1 4 10 15 21 22 27 36 42 46 55 59 64 67 69 76 80 81 84 92 101 106 113 123 130 133 134 137 152 169 172 174 193 199 202 204 208 210 214 225 231 238 242 243 263 264 271 274 291 305 308 311 321 323 329 
 50 9 16 18 19 26 28 36 40 43 45 47 50 53 66 72 83 88 103 111 113 118 122 139 157 162 165 167 199 202 207 209 210 219 223 225 227 232 238 253 260 269 273 276 278 283 296 305 309 315 321 
 50 9 15 16 22 41 53 73 76 79 85 98 101 112 116 126 130 137 141 142 143 175 176 188 189 197 202 205 206 207 212 236 259 262 271 274 276 281 282 288 290 294 295 296 300 301 304 306 312 324 325 
 43 49 59 76 77 81 93 97 99 103 117 127 132 136 138 148 169 180 181 196 214 218 220 224 234 237 246 248 251 252 256 268 272 277 283 285 288 290 295 305 313 314 317 328 
 33 21 26 34 46 47 62 64 67 82 89 98 107 110 114 151 163 179 189 192 194 197 200 205 225 230 250 253 255 271 288 292 320 329 
 41 15 30 33 35 40 42 58 59 62 75 76 80 102 109 119 120 123 126 138 146 154 162 163 172 183 190 198 214 238 241 248 251 254 259 276 279 284 310 322 324 327 
 48 1 11 20 36 39 54 56 62 67 73 74 89 90 91 94 99 110 116 126 133 137 151 152 157 170 180 190 197 199 202 217 237 244 246 249 252 254 261 263 280 281 282 287 288 291 298 304 325 
 41 2 4 6 14 16 22 23 26 34 41 62 67 73 76 108 118 129 135 146 152 154 157 167 173 175 180 184 199 202 237 242 263 269 275 285 289 295 314 322 324 330 
 47 1 4 46 50 54 56 63 76 83 85 87 89 92 98 101 103 104 105 119 130 141 153 154 155 163 167 180 191 193 197 203 204 233 236 239 241 242 247 256 261 290 292 301 303 305 317 326 
 47 1 6 13 23 27 29 30 34 63 69 89 106 109 110 111 112 118 142 159 165 170 172 185 190 197 202 216 222 224 228 242 248 251 253 269 284 286 304 305 307 309 313 314 316 318 328 334 
 48 11 20 32 42 50 57 58 62 63 65 71 79 83 87 91 110 111 122 125 137 139 142 143 153 161 162 176 186 195 202 212 218 224 228 240 241 257 266 268 273 277 284 286 293 297 311 315 319 
