 200 334
 3 3 3 3 3 5 6 6 6 6 9 9 9 12 12 12 12 12 13 15 15 15 17 19 21 21 21 24 25 27 27 27 30 30 30 33 33 33 35 36 36 36 37 39 39 39 42 42 42 45 45 45 45 45 47 48 48 49 51 51 51 54 54 54 54 57 57 60 60 60 61 63 63 66 66 66 68 69 70 72 72 72 75 75 75 77 78 78 78 81 81 83 84 84 85 87 87 90 90 90 90 92 93 93 96 96 96 96 96 99 99 99 101 102 102 102 105 105 105 106 108 109 112 114 114 114 114 117 117 117 118 120 120 122 123 123 123 123 126 126 126 129 129 129 132 132 132 132 134 135 135 135 136 138 139 141 141 142 144 144 144 147 147 147 147 149 150 150 150 152 153 155 156 156 159 162 162 162 162 162 163 165 168 168 168 168 170 171 171 172 174 174 174 175 177 177 177 177 177 180 180 180 183 183 185 186 187 189 189 190 192 192 193 195 195 195 197 198 198 199 201 201 204 204 206 207 207 207 208 210 210 210 212 213 213 213 214 216 216 217 219 219 222 222 222 224 226 228 228 228 228 228 231 231 231 231 232 234 234 236 237 237 239 240 240 240 243 243 243 243 243 245 246 246 249 249 249 249 251 254 255 256 258 258 258 260 261 261 262 264 264 267 267 268 270 270 270 273 273 273 275 276 276 277 279 279 279 281 282 282 282 282 283 285 285 287 288 288 290 291 291 291 291 293 294 294 294 297 297 300 300 300 300 100 
 47 9 10 23 28 29 34 44 50 56 68 84 95 99 103 105 111 117 132 148 160 163 172 176 184 196 201 214 220 223 225 231 238 243 248 255 256 260 264 266 270 272 279 281 297 298 302 323 
 43 17 31 39 45 46 56 62 64 75 76 78 83 88 95 103 105 114 127 136 141 142 156 162 167 171 176 190 202 211 215 226 229 230 233 238 246 256 276 292 295 319 326 334 
 45 13 16 20 21 22 23 26 39 41 47 68 83 90 104 109 124 130 135 150 158 159 162 174 186 188 208 229 235 243 255 256 266 269 277 278 298 299 300 301 302 310 311 321 327 333 
 46 3 17 23 39 43 48 53 56 59 62 82 110 112 114 115 118 120 122 130 131 137 139 140 143 149 162 167 177 194 196 201 214 218 254 261 262 270 286 306 310 314 317 318 320 331 333 
 55 6 7 24 35 41 44 51 52 53 63 68 92 96 107 122 123 127 137 152 154 160 163 166 168 171 172 177 182 183 188 189 204 207 208 212 220 227 234 250 257 261 263 267 268 269 274 275 281 295 300 309 314 315 323 324 
 58 1 8 12 20 26 30 48 63 64 66 78 80 83 84 96 98 105 111 114 116 117 118 123 127 128 135 152 160 166 173 177 183 188 198 200 211 219 237 243 247 256 257 258 283 295 296 299 301 311 312 314 317 318 320 324 327 329 330 
 36 25 34 41 43 52 69 75 80 81 89 91 110 117 131 134 137 139 140 145 146 150 175 210 215 227 235 246 254 267 277 279 282 287 292 309 318 
 49 1 2 4 6 14 19 25 47 51 59 60 72 74 84 88 90 114 121 134 138 139 142 147 150 157 161 173 176 193 203 206 207 211 212 227 235 241 244 246 258 275 284 289 292 299 301 320 327 328 
 42 12 17 30 33 37 43 46 57 80 92 94 117 118 126 128 163 166 191 192 196 199 201 230 233 238 240 244 248 263 264 266 273 283 284 289 291 294 306 309 311 330 333 
 41 10 19 34 42 43 44 57 64 68 72 85 87 94 117 119 142 148 154 163 167 170 176 203 208 210 230 234 236 247 265 269 276 278 288 296 301 303 315 320 323 325 
 61 3 13 18 39 43 51 57 62 63 66 76 78 79 81 83 87 90 95 98 110 114 115 120 136 139 149 155 157 158 159 160 162 165 170 175 183 192 194 195 196 204 205 209 223 224 226 233 243 268 272 273 286 288 290 297 302 306 309 313 330 331 
 44 6 11 25 29 45 51 57 59 64 65 72 74 76 79 88 103 119 135 144 163 176 180 190 196 199 207 208 210 213 214 218 226 245 249 260 268 275 281 295 297 299 308 330 331 
 41 2 6 21 27 28 31 40 50 51 68 73 76 77 80 83 98 107 118 124 128 132 135 137 145 153 161 171 176 210 226 231 234 241 284 286 290 307 310 319 326 330 
 35 1 8 17 32 36 37 43 44 45 51 57 59 68 76 108 110 121 151 154 156 166 171 188 190 192 201 230 231 234 246 256 299 306 320 325 
 53 8 15 18 29 47 50 55 58 69 77 89 92 103 105 119 122 125 128 132 133 137 142 145 151 170 175 177 188 191 196 197 202 209 211 221 222 228 230 235 242 247 254 261 266 267 268 280 287 291 293 308 316 323 
 42 15 16 24 36 50 62 65 77 81 82 83 84 102 111 131 132 137 140 141 143 149 150 162 163 172 173 209 213 221 224 225 229 244 250 267 270 275 297 305 307 309 316 
 44 4 19 23 29 31 48 63 91 98 108 111 117 121 131 134 136 137 143 144 146 149 157 159 170 173 179 190 196 211 214 248 254 260 261 279 284 285 297 307 309 324 325 328 332 
 51 8 10 15 19 28 30 32 37 46 57 59 68 72 73 74 86 88 95 96 100 102 105 108 125 134 136 143 156 183 197 203 205 215 217 221 223 238 240 247 248 249 267 271 277 281 287 293 303 313 314 316 
 36 1 6 10 22 24 28 39 44 49 80 90 100 107 118 132 137 139 149 157 159 170 171 174 229 241 251 252 258 277 280 295 296 303 316 318 330 
 49 15 19 27 32 38 56 58 72 93 95 105 118 125 132 134 143 146 154 160 170 171 172 179 193 194 195 197 202 213 217 220 221 223 224 239 247 252 256 261 263 276 282 283 298 302 315 320 330 332 
 57 3 4 6 11 23 28 33 43 44 50 51 59 63 70 72 76 77 112 122 129 130 138 146 147 154 157 160 168 177 178 181 189 190 192 199 206 214 215 217 218 219 228 234 240 242 247 248 249 250 261 263 281 295 305 306 327 330 
 60 2 3 11 15 23 26 39 47 50 54 61 71 92 93 108 110 118 121 122 125 127 128 139 141 142 153 167 168 173 178 181 183 190 192 205 211 214 218 220 221 224 225 238 241 254 268 274 278 279 280 281 286 287 304 309 310 311 316 323 326 
 43 5 16 19 21 32 47 51 57 62 67 74 75 92 99 104 105 129 132 135 154 155 171 175 176 183 202 211 214 216 223 231 243 253 281 286 292 296 304 305 308 315 325 332 
 47 7 12 17 27 40 55 59 77 85 91 99 113 129 134 145 149 159 164 166 176 187 194 198 211 212 213 214 215 218 233 239 240 241 246 254 256 268 273 298 304 306 320 321 326 328 331 333 
 42 20 29 32 34 45 47 59 62 70 94 98 105 110 117 118 126 127 134 141 143 151 155 178 180 181 182 194 219 223 235 243 245 248 254 274 275 278 280 285 288 290 291 
 47 1 28 39 43 44 62 71 74 83 84 87 92 95 97 112 117 133 135 136 154 164 184 185 194 197 198 203 205 207 233 235 236 240 243 244 245 248 267 273 275 291 301 306 307 309 313 314 
 49 2 7 9 29 30 32 41 44 50 51 58 59 69 74 83 86 89 95 98 100 103 106 114 118 120 127 135 136 140 142 150 152 163 168 171 187 189 192 205 236 241 243 257 270 272 315 317 330 332 
 54 7 10 12 25 26 35 36 38 50 51 68 86 88 91 92 105 107 126 133 142 149 159 162 164 170 174 176 181 183 188 196 200 205 206 214 219 222 233 246 251 260 265 267 269 290 296 298 302 303 309 315 318 319 328 
 44 1 6 9 19 33 34 35 39 46 56 57 111 113 123 134 146 151 162 173 174 178 196 202 218 221 223 225 226 234 240 246 247 254 258 265 269 278 279 281 302 304 325 328 330 
 39 2 3 9 14 28 40 58 62 67 74 77 93 102 125 134 145 160 165 176 187 189 202 210 235 237 255 256 260 272 275 282 299 300 302 303 306 311 324 330 
 48 1 24 27 36 40 51 59 66 69 73 88 90 105 108 110 113 126 127 129 136 152 155 156 158 164 174 182 184 185 190 195 200 201 204 205 214 216 219 220 225 235 242 251 258 292 314 328 331 
 50 1 2 3 11 22 23 25 30 38 39 49 50 51 70 73 108 114 124 129 136 146 155 156 161 162 171 184 187 196 200 218 233 235 240 241 245 250 254 258 260 261 265 269 271 280 284 298 305 307 313 
 54 1 4 8 13 21 33 37 42 52 56 61 65 121 127 131 134 138 145 154 157 159 167 183 187 195 199 207 221 226 229 240 241 246 251 256 260 264 267 274 275 278 279 281 284 285 287 288 290 295 309 313 316 327 328 
 37 2 3 10 16 29 39 52 67 73 75 80 98 113 119 126 136 142 146 150 157 165 170 171 182 208 214 215 218 244 253 255 263 264 275 296 312 321 
 41 7 8 16 18 25 26 42 43 44 66 69 72 93 95 110 113 114 122 151 154 158 171 176 184 189 213 214 220 225 238 245 247 255 267 287 298 299 301 316 320 334 
 43 11 14 26 36 38 48 49 55 58 66 72 73 80 89 95 100 105 117 130 131 135 156 158 188 191 192 194 196 223 232 233 242 243 246 247 258 271 272 284 290 306 316 322 
 46 4 6 8 9 27 28 41 47 52 62 67 71 72 77 102 124 129 138 140 145 149 161 163 166 179 184 185 188 190 198 204 211 221 228 229 237 239 240 263 267 271 283 293 301 307 312 
 50 6 24 34 36 39 46 49 53 58 60 66 75 79 80 96 103 106 117 137 141 151 154 158 161 175 186 192 196 199 200 203 204 209 214 219 225 229 237 241 243 253 275 283 296 302 304 305 310 324 325 
 51 25 28 31 38 43 49 51 53 58 75 76 80 84 89 93 96 112 117 139 141 142 143 152 155 160 166 172 173 174 175 177 178 193 194 200 225 233 235 238 243 247 248 258 266 269 281 283 285 301 320 331 
 50 46 54 58 65 66 69 73 75 88 90 92 94 96 97 98 100 102 105 112 117 118 121 128 134 140 142 145 146 148 162 164 166 167 187 189 206 230 239 243 250 263 265 281 287 294 295 300 313 319 330 
 53 22 30 31 45 79 96 105 116 117 121 122 123 124 127 136 138 144 145 146 147 153 155 157 162 167 168 183 184 185 187 190 191 195 200 202 204 206 214 229 231 240 243 248 249 253 262 264 298 317 326 328 331 333 
 48 1 3 7 22 24 30 48 50 63 66 80 90 103 110 121 124 135 147 150 155 167 168 174 175 177 178 180 183 198 199 201 207 208 216 221 231 232 233 234 265 267 274 277 281 295 296 319 327 
 53 16 18 21 34 37 38 41 43 44 69 79 86 90 92 102 105 107 111 116 124 138 139 142 150 151 155 165 169 187 193 201 203 221 223 233 234 239 244 248 254 270 271 273 276 281 285 290 292 294 314 317 319 322 
 46 1 6 9 11 29 30 39 48 65 85 90 91 100 113 122 128 137 139 142 150 152 155 161 164 173 177 193 205 219 221 223 232 234 239 251 260 267 268 277 296 298 305 316 320 326 330 
 47 1 6 7 8 20 29 30 31 33 36 44 48 50 59 67 75 88 99 108 125 128 135 139 146 150 157 167 173 187 194 213 228 233 235 244 258 273 274 275 276 284 285 292 295 320 331 332 
 47 2 3 30 36 37 40 45 50 51 59 68 93 100 107 111 119 139 142 144 150 153 155 162 169 173 183 184 195 197 213 219 231 240 242 248 254 258 279 280 282 283 284 285 287 304 312 317 
 37 7 40 52 81 93 96 98 99 101 123 134 143 147 149 159 160 161 170 172 175 176 181 191 195 200 210 214 233 245 257 260 264 270 275 277 297 330 
 50 3 6 17 18 22 47 51 52 59 61 62 66 81 93 99 103 106 109 113 117 126 139 151 155 156 164 169 183 193 198 204 225 230 248 256 265 269 271 274 275 287 290 293 295 300 304 308 314 320 328 
 42 14 16 20 31 34 36 38 45 59 63 69 78 82 86 90 95 105 111 123 128 132 135 145 162 172 179 184 185 200 218 233 237 238 243 247 260 262 282 298 309 323 327 
 48 2 11 21 40 45 47 59 63 65 71 80 85 104 107 113 115 124 129 142 160 180 187 193 196 201 204 213 214 224 230 232 243 245 249 255 257 258 260 261 263 272 277 286 294 295 302 313 314 
 47 11 14 16 18 22 39 40 59 77 83 101 102 132 150 151 157 158 174 178 182 184 189 198 201 207 208 209 210 214 217 222 224 225 229 231 234 267 268 278 295 297 309 310 312 314 319 325 
 55 3 6 7 9 16 29 33 50 56 66 69 70 81 87 102 108 122 123 131 133 154 158 169 175 178 181 182 196 197 200 205 209 212 219 224 229 232 242 246 260 261 267 268 277 280 282 283 284 288 293 294 298 307 310 329 
 52 6 13 19 23 25 30 36 42 56 59 63 84 98 103 104 110 118 121 125 126 131 142 145 146 162 167 168 186 192 194 195 208 216 218 220 222 233 235 243 252 254 258 267 275 280 292 305 312 314 318 331 334 
 43 24 28 40 42 46 48 57 67 72 79 84 91 92 93 98 99 118 120 122 123 130 132 133 137 149 158 160 166 196 212 226 227 230 250 252 256 258 268 278 283 304 314 325 
 50 6 14 25 26 38 45 50 55 62 64 66 73 80 83 86 87 90 95 100 117 121 126 132 135 137 145 152 162 171 174 181 183 193 196 201 217 218 227 256 264 267 278 280 288 294 296 301 321 325 330 
 44 1 3 16 17 28 39 54 59 60 63 80 82 131 139 140 144 151 160 166 168 173 195 199 202 219 221 226 227 238 248 249 258 267 269 273 277 279 282 290 293 301 303 324 328 
 38 11 15 18 23 26 31 36 45 61 69 77 80 113 115 117 119 133 134 149 163 168 180 183 188 195 201 203 208 211 225 226 229 234 244 259 286 297 322 
 40 9 11 13 33 34 36 44 50 53 76 81 84 113 116 121 122 124 128 144 146 159 161 184 207 218 219 223 229 233 243 251 259 261 270 271 275 278 289 318 327 
 47 7 15 18 22 23 38 40 43 49 54 62 63 71 77 81 84 87 90 93 94 96 102 113 118 144 177 179 194 203 215 225 228 237 242 244 245 253 261 283 292 297 298 304 320 328 332 334 
 61 5 6 10 24 25 28 30 33 36 38 41 44 47 49 52 54 61 80 83 85 89 90 93 95 99 101 105 106 118 122 132 133 137 139 146 154 157 159 162 172 185 188 195 200 214 217 225 232 239 241 243 262 263 265 267 272 283 311 325 328 329 
 51 5 12 13 16 18 23 38 47 48 55 57 58 72 73 76 80 85 97 100 102 110 111 120 130 131 142 149 167 174 184 191 200 206 209 210 244 248 254 260 264 266 267 268 275 304 308 319 325 329 330 332 
 40 16 17 24 33 38 39 47 57 58 62 66 69 110 137 145 150 154 157 163 189 201 202 206 224 226 228 237 248 249 261 270 273 285 299 301 302 309 321 329 333 
 54 2 12 20 24 31 32 49 53 60 64 78 87 98 111 113 118 119 123 133 142 147 152 156 166 171 177 178 191 192 193 197 208 221 224 236 238 254 255 260 262 273 274 277 281 283 295 299 308 311 313 321 323 324 333 
 41 14 30 59 61 63 64 65 72 79 90 100 109 121 126 142 145 156 159 162 171 177 178 188 201 220 227 230 253 257 258 263 272 273 280 293 299 306 316 322 330 331 
 61 3 8 15 21 26 39 40 45 55 58 59 61 80 86 110 120 123 124 128 132 135 145 146 149 150 155 157 158 162 163 165 168 173 184 186 188 192 194 196 200 205 211 213 216 217 229 233 246 247 260 265 272 273 282 283 288 289 293 294 295 310 
 42 2 12 24 37 38 53 74 76 83 84 85 93 96 99 100 114 118 150 152 164 170 173 177 179 181 183 197 200 206 207 215 217 224 225 254 260 269 277 299 317 322 329 
 49 14 18 20 22 25 28 33 34 35 48 52 65 79 83 89 93 97 101 105 107 121 122 125 126 151 164 172 181 190 197 202 203 204 211 224 226 236 249 250 253 254 255 260 274 275 286 287 299 313 
 48 12 18 27 48 52 62 68 69 72 73 81 84 91 92 97 125 129 133 136 137 153 166 168 174 182 184 191 201 205 213 218 225 238 241 245 253 258 265 270 282 301 303 305 308 314 318 326 331 
 54 4 7 11 13 14 16 18 25 31 38 39 44 55 69 77 83 87 93 119 124 128 133 140 151 163 173 175 177 189 200 201 202 203 205 209 213 223 232 233 235 238 244 262 263 265 267 272 273 290 297 326 327 331 333 
 56 1 14 17 19 29 33 36 40 49 63 76 81 93 98 100 117 145 146 158 159 160 165 171 172 178 182 191 202 210 219 221 239 240 241 245 255 257 283 285 287 289 292 294 298 300 303 304 307 311 314 319 324 327 329 330 331 
 48 4 14 15 19 28 33 43 47 50 52 53 60 61 62 63 71 74 92 98 102 111 117 118 134 140 145 163 176 183 190 191 201 206 236 238 250 259 262 267 271 276 279 281 284 294 304 311 317 
 42 14 35 41 52 53 62 70 82 98 106 107 114 115 128 129 133 135 148 168 178 187 190 192 198 208 215 226 227 228 230 234 247 248 249 263 271 290 295 308 320 323 325 
 52 1 6 10 12 21 23 24 25 34 36 45 47 56 62 72 80 83 95 99 101 120 128 139 143 145 148 152 162 176 177 179 181 183 193 197 208 210 218 220 226 227 230 231 236 258 275 281 284 297 304 324 330 
 49 12 18 23 30 35 38 54 55 62 75 81 88 91 98 101 108 110 122 123 129 132 145 147 155 168 170 172 177 178 180 194 200 201 208 210 219 228 232 236 239 248 253 272 274 279 289 292 302 304 
 52 4 9 12 14 21 24 27 39 49 59 60 61 67 68 76 84 87 94 98 104 106 123 128 131 133 149 153 161 169 174 176 184 189 206 225 234 241 244 247 250 257 259 264 269 272 282 294 303 305 312 326 334 
 45 18 33 35 46 50 54 61 62 79 87 102 106 111 134 140 143 146 147 148 150 156 159 162 166 172 183 184 187 191 203 213 216 217 229 231 253 266 267 275 287 292 305 312 317 322 
 43 1 9 12 27 36 38 43 60 92 95 99 106 112 116 129 134 137 146 150 151 179 182 187 190 197 203 220 221 223 263 269 271 272 275 280 281 294 295 303 307 310 328 333 
 53 26 36 41 43 46 48 65 70 82 83 87 90 104 111 118 121 143 148 163 175 177 192 200 202 205 215 217 220 221 222 223 224 230 234 237 244 254 259 260 261 263 271 273 279 281 288 294 295 296 306 312 324 333 
 48 3 4 11 15 19 32 39 42 74 75 76 81 87 94 95 106 113 117 139 143 145 153 155 179 181 187 188 204 209 218 222 230 240 254 257 272 273 279 286 300 304 305 308 311 312 313 318 329 
 35 2 15 33 46 50 51 55 56 61 62 72 80 83 85 86 90 97 109 115 139 143 159 162 176 189 194 200 213 224 247 253 260 278 281 309 
 49 3 12 23 31 33 40 48 59 60 64 65 68 78 84 96 105 114 117 122 124 126 137 147 151 152 153 156 159 164 167 172 196 199 200 205 206 209 210 237 246 256 260 267 268 295 306 319 324 329 
 58 1 6 8 14 15 21 24 33 35 39 44 47 56 59 60 62 74 76 92 98 99 102 114 131 133 138 145 149 150 159 161 168 176 185 189 196 204 205 230 233 236 238 240 241 243 244 245 255 258 264 268 270 289 290 292 318 325 333 
 46 1 6 11 12 29 31 33 34 45 62 64 65 72 74 80 83 86 91 99 101 105 110 119 124 126 128 133 138 181 196 206 214 217 221 235 239 242 248 262 268 279 285 294 309 315 325 
 48 13 23 32 45 48 59 68 75 77 87 88 92 96 108 114 125 130 151 156 166 172 178 180 185 203 206 208 225 244 246 247 252 255 259 262 266 269 276 293 294 298 305 309 311 313 319 320 333 
 50 6 8 15 21 24 40 41 43 56 62 64 78 81 86 89 90 97 99 102 105 111 115 123 132 161 163 164 165 166 186 196 205 219 225 232 246 250 266 267 272 291 292 296 305 311 317 321 323 331 332 
 46 1 9 14 23 29 33 39 51 56 59 66 68 74 78 83 92 99 105 111 131 132 134 141 147 149 153 157 163 166 167 180 182 204 208 214 220 222 223 226 227 238 247 264 271 282 286 
 44 12 26 29 35 43 50 55 58 63 64 66 78 95 97 106 119 123 132 141 145 178 186 188 192 194 217 220 222 242 252 253 259 261 269 270 276 277 278 285 293 304 311 313 317 
 47 20 24 37 45 63 75 77 86 90 98 100 113 114 122 125 134 146 151 161 163 176 183 184 187 191 192 193 202 203 204 218 226 247 250 253 257 259 268 281 283 285 289 301 312 314 318 320 
 52 20 25 26 36 38 39 47 48 55 69 70 76 82 84 87 101 109 119 121 138 143 154 160 161 178 182 185 186 194 201 202 215 222 243 245 248 251 252 255 270 272 276 281 282 284 286 294 295 303 317 321 322 
 40 16 24 38 45 51 53 56 61 64 66 68 70 74 82 83 91 93 94 100 111 123 130 134 159 168 169 179 193 197 237 241 247 257 262 269 285 293 305 314 333 
 43 2 11 14 25 38 42 51 54 80 98 110 135 139 145 158 160 162 170 171 172 174 177 182 185 188 190 198 204 214 222 231 232 234 239 245 270 278 279 298 315 318 320 332 
 61 11 16 28 29 36 42 44 46 52 62 63 65 68 86 87 94 95 96 104 109 111 114 120 123 124 126 137 147 152 164 166 177 182 197 208 214 216 226 243 244 245 249 253 256 267 275 278 280 285 286 287 289 295 298 306 309 310 314 329 330 331 
 40 19 40 48 52 60 64 65 89 110 124 137 139 149 162 173 174 184 188 189 192 195 197 210 229 237 238 239 240 257 261 267 283 286 298 301 306 311 312 315 319 
 39 3 9 15 20 28 52 58 99 101 120 124 161 163 171 176 184 186 190 206 209 211 217 226 239 244 246 248 267 270 277 284 285 286 293 298 299 311 320 326 
 46 1 2 6 14 15 17 22 35 39 43 48 56 59 60 64 69 87 90 93 96 97 101 107 114 128 136 149 162 163 173 177 181 202 207 219 221 234 259 260 266 267 283 290 297 307 308 
 40 11 17 18 25 40 49 51 52 91 98 100 103 124 136 140 168 169 172 182 195 196 203 208 228 231 234 255 257 263 267 275 276 281 282 284 287 300 310 330 331 
 52 2 4 7 27 29 38 39 40 44 47 53 71 72 74 75 76 84 87 89 91 98 103 113 125 126 127 141 147 162 167 170 185 191 192 195 211 212 227 238 247 250 261 290 293 297 302 304 316 322 330 332 333 
 48 4 28 36 46 47 58 61 63 72 73 74 85 93 94 96 105 110 115 121 129 138 143 145 148 157 163 176 177 188 193 205 215 219 224 225 236 244 253 267 272 292 299 308 309 319 322 324 332 
 44 10 15 19 24 50 51 55 60 68 81 84 85 89 91 101 116 134 136 140 144 145 151 156 176 183 204 211 212 214 227 228 231 235 253 255 257 267 272 280 294 301 315 319 321 
 49 6 7 8 17 22 59 61 66 92 104 131 133 135 140 141 148 150 151 156 162 163 171 177 185 189 196 198 201 211 220 225 226 232 257 260 261 268 270 276 282 286 290 293 294 313 315 316 321 325 
 31 3 11 26 48 58 66 72 88 102 103 104 147 163 165 171 180 186 210 218 223 227 245 265 268 269 280 286 287 314 317 331 
 47 2 14 24 33 40 41 51 55 60 68 72 76 83 86 88 96 98 106 117 129 138 140 147 164 170 179 186 190 194 198 221 237 238 243 265 277 280 288 299 301 304 305 307 316 319 321 330 
 41 5 7 15 17 21 26 35 37 46 59 77 91 140 150 162 173 174 177 192 211 212 219 225 228 232 241 242 245 251 253 267 271 275 279 280 291 293 301 314 331 332 
 56 3 23 24 31 42 50 52 60 62 63 69 74 75 76 78 84 90 96 99 112 113 116 117 139 147 149 152 154 157 162 163 176 179 183 184 196 198 200 203 204 224 225 234 237 241 244 251 260 266 273 276 278 281 284 288 313 
 49 3 4 7 8 10 19 20 23 41 43 49 77 85 105 107 111 112 113 129 133 136 144 157 166 167 176 186 191 197 199 205 208 214 248 249 250 253 255 258 267 280 292 296 298 308 312 314 316 330 
 41 7 17 23 31 40 41 43 45 58 64 70 80 93 112 113 114 123 160 162 163 165 167 175 176 180 191 205 214 235 240 247 248 264 267 281 290 304 310 313 318 319 
 45 1 2 7 23 26 29 30 37 47 49 51 56 62 71 78 79 83 100 101 121 132 135 136 139 142 148 151 155 159 173 180 191 193 195 203 210 215 221 239 246 254 262 265 320 331 
 50 3 5 30 44 49 56 63 66 75 77 81 82 83 86 97 99 100 104 113 122 140 142 153 162 167 172 173 186 188 206 212 215 222 243 258 264 275 277 282 298 299 301 302 304 308 315 321 325 328 331 
 38 1 29 40 47 83 96 99 102 119 120 128 130 131 147 149 155 172 173 177 195 197 204 236 243 245 246 251 291 292 293 296 303 311 312 314 320 323 325 
 52 12 21 27 30 33 34 40 45 49 55 59 79 83 91 92 96 99 114 119 120 123 130 132 141 152 157 165 169 174 180 190 193 220 229 235 242 246 248 254 264 265 272 274 275 281 290 303 312 318 320 324 332 
 53 4 7 9 14 20 23 24 25 40 55 64 68 78 83 90 91 97 107 114 120 121 122 123 124 129 130 155 156 157 165 166 167 173 180 181 200 203 204 214 232 238 240 247 254 261 276 283 287 302 314 315 316 322 
 47 2 6 18 20 28 39 48 50 70 104 110 115 119 125 126 130 135 136 145 149 153 159 164 165 177 183 205 207 209 220 245 249 256 263 270 273 277 288 293 294 296 306 309 311 313 317 332 
 46 1 4 5 8 15 39 41 45 51 57 68 69 74 76 99 104 110 117 124 132 140 147 155 156 162 166 170 181 182 183 185 200 208 244 249 255 261 262 280 285 291 292 293 299 301 317 
 45 1 3 5 14 24 36 40 41 54 60 63 64 73 74 78 85 98 107 113 115 126 134 143 148 154 195 205 217 225 230 236 243 244 254 260 262 268 279 280 287 289 296 300 305 306 
 49 1 6 7 11 13 26 34 35 36 64 71 75 77 81 86 87 88 93 106 110 111 122 143 154 159 172 191 203 207 208 221 228 238 248 250 253 276 278 287 289 294 298 299 306 307 313 314 315 320 
 41 15 22 44 45 48 60 63 70 75 76 78 87 92 115 117 120 134 141 151 156 168 183 188 190 196 198 212 222 223 226 237 238 245 259 275 277 285 287 320 325 332 
 46 2 18 21 22 33 34 36 37 41 44 65 66 75 85 90 92 125 131 144 146 150 151 161 178 179 181 182 187 191 197 210 214 220 224 247 275 276 280 294 298 299 303 307 308 315 324 
 35 5 17 34 46 50 55 58 60 68 69 72 105 107 118 124 128 139 166 195 197 222 230 233 234 240 251 258 261 284 289 292 312 314 324 332 
 45 1 2 11 29 33 44 54 65 68 78 89 99 100 101 103 104 110 158 159 161 163 164 186 190 197 203 219 221 231 237 243 244 247 249 250 257 264 272 279 295 301 304 325 329 331 
 42 1 10 14 15 16 21 27 39 48 59 62 64 70 80 101 103 112 124 131 142 160 170 175 189 201 203 213 218 221 227 229 249 259 262 269 271 282 293 298 310 318 326 
 57 16 17 18 20 25 32 33 34 40 50 75 79 86 88 90 92 97 118 120 121 125 129 134 141 143 145 151 155 156 179 183 185 195 196 198 201 204 205 207 209 223 238 247 249 253 273 282 292 298 301 307 309 310 316 319 321 333 
 58 1 2 11 14 17 19 29 46 50 55 57 58 64 66 72 83 85 87 91 94 104 107 116 127 130 132 133 134 145 148 151 158 169 171 194 207 211 213 215 218 220 226 227 235 237 241 242 247 251 253 255 265 266 283 305 306 331 332 
 46 4 8 20 28 32 48 52 53 62 71 85 98 103 106 110 135 138 156 175 179 188 192 202 206 209 210 214 215 217 229 230 233 236 248 273 274 281 283 295 304 309 311 313 317 322 328 
 45 3 8 15 30 35 36 40 42 50 59 64 69 72 76 82 116 120 127 131 132 136 144 149 150 152 153 176 183 191 193 206 215 221 226 228 236 237 248 259 273 276 279 289 291 314 
 50 2 4 6 19 21 30 39 55 58 63 71 74 79 80 115 120 131 139 146 165 176 185 194 195 200 201 203 204 220 222 226 231 235 243 246 264 272 276 279 280 283 293 296 305 310 314 316 327 328 333 
 45 3 5 9 20 22 40 57 64 70 73 74 75 80 95 104 118 130 133 134 136 145 159 164 167 189 197 201 207 210 212 214 218 219 221 225 227 259 262 264 274 296 309 321 322 330 
 45 33 34 35 39 40 44 51 56 57 64 67 94 96 98 101 104 111 112 121 124 134 142 144 145 146 170 171 175 188 195 198 208 217 221 230 234 236 240 249 283 298 299 301 302 330 
 53 4 12 24 30 42 44 47 51 58 63 68 71 77 84 87 92 94 96 101 106 108 115 117 130 133 135 142 150 153 159 186 188 191 194 199 205 207 216 222 235 240 261 262 263 268 271 272 274 277 290 291 325 331 
 37 4 11 36 45 59 64 86 100 113 121 133 148 150 154 155 160 162 169 186 188 203 211 212 223 260 263 272 273 286 287 309 310 312 319 321 326 329 
 42 6 15 19 33 47 59 72 75 79 94 102 114 115 116 118 119 138 144 148 151 165 182 184 188 212 215 219 223 226 236 255 256 272 281 282 284 293 295 297 317 319 322 
 43 1 6 30 37 39 41 53 65 83 86 106 118 120 129 134 136 140 155 167 175 178 187 193 194 196 199 200 202 215 224 228 234 238 239 242 244 273 278 298 300 320 323 329 
 44 17 23 48 52 76 77 81 90 94 100 103 106 109 124 131 141 150 151 153 159 164 185 186 189 201 204 211 227 239 248 250 253 260 269 287 296 299 300 302 310 319 323 331 332 
 43 17 28 31 52 56 60 62 70 77 88 91 98 110 113 117 124 133 143 162 168 169 175 178 181 184 195 207 217 230 237 241 253 275 285 300 302 303 306 313 318 322 327 332 
 43 7 11 29 33 47 56 61 66 74 81 96 102 125 139 141 149 157 159 164 166 175 183 185 189 193 196 215 223 239 241 251 272 279 281 289 306 308 309 310 313 315 320 331 
 43 7 30 40 53 56 63 72 73 84 92 93 95 104 107 108 123 128 134 154 160 170 175 178 181 187 195 198 202 220 231 232 236 237 240 252 253 266 267 268 290 308 316 328 
 40 4 7 23 26 34 35 67 68 78 79 94 96 99 121 122 125 129 136 138 162 166 177 183 192 203 214 229 233 236 241 253 255 282 285 287 288 305 308 310 330 
 44 1 36 51 52 53 63 64 66 83 94 95 96 101 102 114 128 130 135 142 153 155 173 176 177 183 193 195 200 214 231 232 234 235 239 241 252 253 276 289 291 292 300 306 333 
 39 7 8 23 34 37 39 40 50 57 62 66 67 78 94 105 106 113 117 122 146 151 155 164 169 176 188 190 202 208 219 224 228 251 253 271 282 293 298 321 
 48 5 11 29 39 52 60 61 66 67 69 79 86 91 95 100 125 129 145 149 150 155 156 160 162 163 172 180 181 185 196 209 229 230 237 247 259 261 270 280 281 292 300 303 304 310 316 324 329 
 41 5 6 10 15 19 31 52 56 60 66 69 73 90 106 110 147 148 152 158 181 182 183 187 189 195 199 200 228 233 246 272 279 285 300 305 315 320 321 322 331 333 
 52 5 13 15 25 26 27 29 34 38 47 50 57 58 74 81 84 90 107 111 139 146 147 150 154 155 159 164 177 183 186 200 203 211 221 222 226 237 248 249 250 254 268 269 300 308 312 313 316 317 319 323 324 
 38 12 20 23 49 57 68 87 109 112 116 124 125 126 129 143 161 169 177 186 187 188 191 197 200 210 215 228 236 239 240 241 244 251 256 257 279 283 324 
 42 5 6 13 19 30 49 54 55 64 65 83 87 88 91 113 118 125 131 133 142 151 152 153 157 158 167 168 179 183 200 248 260 261 267 275 276 291 292 307 309 320 330 
 38 2 24 25 27 38 42 53 62 70 79 83 93 99 122 123 125 130 137 156 157 179 208 215 229 230 234 235 250 259 263 276 282 288 290 295 297 313 324 
 49 13 14 16 18 27 30 41 64 75 92 95 116 117 123 126 128 129 149 150 158 160 163 168 188 191 201 202 206 212 217 226 227 233 234 237 244 248 253 264 265 267 268 277 285 288 292 316 320 329 
 60 5 6 16 20 22 31 43 44 45 46 47 50 52 62 73 74 87 95 102 103 106 108 112 116 131 132 147 157 168 179 181 183 184 186 187 188 195 197 208 211 216 219 224 234 240 243 248 259 271 274 282 290 292 293 294 305 317 319 328 332 
 46 9 17 18 25 32 52 53 65 68 83 87 88 93 100 103 106 107 120 124 130 142 146 152 154 156 161 167 169 180 181 189 194 207 212 222 232 246 247 257 284 285 291 301 305 321 332 
 48 4 6 20 23 25 30 44 45 50 51 60 68 74 79 98 99 102 110 112 114 115 131 135 139 143 152 158 166 176 184 194 218 233 238 243 247 249 250 273 284 288 293 295 310 314 315 321 324 
 57 6 11 16 23 25 42 44 51 55 65 68 71 72 73 80 97 107 121 126 128 132 135 141 143 152 158 159 164 169 176 178 183 206 207 209 216 218 224 229 231 239 243 260 263 270 272 278 279 286 290 298 308 309 311 319 330 332 
 42 13 19 20 21 31 34 51 64 74 86 96 101 135 136 141 149 153 156 161 163 164 168 202 205 206 213 216 227 228 236 237 252 267 271 274 278 280 282 283 320 321 332 
 50 14 16 36 37 39 50 52 54 61 62 66 76 79 97 100 103 122 143 145 162 166 167 169 171 184 185 189 190 193 200 213 222 225 226 232 248 249 260 269 288 292 305 309 310 313 320 321 324 326 328 
 45 5 7 12 24 28 33 34 66 67 72 80 81 83 90 95 103 108 114 119 136 154 162 163 184 187 201 224 226 227 236 238 246 261 264 268 269 272 275 286 306 319 324 328 329 330 
 45 1 2 8 12 18 26 38 41 48 52 68 69 75 80 85 87 103 111 114 121 128 129 134 139 150 155 158 169 177 192 202 204 230 233 238 245 250 253 265 268 275 284 302 317 319 
 48 10 13 20 24 25 35 47 72 75 77 80 91 95 107 115 128 132 141 143 144 145 147 149 163 165 171 173 180 181 184 214 216 222 224 227 237 239 243 244 266 271 273 280 288 289 303 308 333 
 48 8 13 22 29 38 43 51 76 85 111 112 113 117 128 132 150 151 154 158 162 166 167 171 172 192 202 221 226 230 231 252 254 255 259 260 264 265 268 269 279 286 295 300 302 308 309 320 332 
 51 4 9 24 26 37 38 45 46 50 67 73 92 96 98 100 101 104 112 131 133 139 141 143 145 146 158 167 176 179 185 189 195 211 215 223 226 227 234 238 247 258 265 275 296 301 303 305 308 311 327 328 
 48 1 5 14 21 23 24 25 30 42 43 44 50 71 78 87 89 90 95 103 107 115 121 129 136 142 148 156 161 165 189 212 233 243 250 253 256 259 263 264 275 284 287 299 307 311 316 324 332 
 46 7 14 16 20 38 44 51 53 55 60 68 74 105 109 112 116 123 126 129 130 142 145 155 170 171 176 182 183 200 204 215 217 219 233 253 265 269 277 280 283 289 295 308 309 321 325 
 45 2 8 21 28 30 33 45 46 59 67 74 75 77 80 85 88 91 103 105 110 113 140 142 145 150 151 152 170 172 175 177 189 201 202 208 230 231 234 256 280 289 294 297 308 333 
 47 8 19 20 27 28 30 36 40 54 66 68 77 78 90 92 109 118 142 149 151 158 163 174 191 195 203 209 222 234 236 238 239 241 249 253 259 270 274 275 276 291 298 312 314 328 329 331 
 46 4 9 31 37 53 55 61 62 65 66 77 84 85 90 103 112 113 139 152 169 174 176 182 185 190 198 200 217 220 221 231 240 243 246 253 258 265 285 288 295 299 300 308 309 310 317 
 47 7 12 14 25 34 56 66 87 105 119 123 125 129 130 139 146 147 153 154 155 156 157 164 165 168 169 170 191 192 196 214 220 222 230 246 254 259 267 283 298 299 302 317 322 326 328 329 
 45 3 10 14 42 48 62 65 67 75 92 101 120 121 126 130 134 135 137 144 155 159 160 172 176 185 202 214 219 237 251 269 274 276 286 291 292 298 301 313 317 321 323 325 330 331 
 52 10 15 20 21 40 44 46 50 55 56 57 63 64 72 77 78 90 97 102 112 115 121 138 144 145 146 164 166 185 187 198 199 206 215 226 230 236 246 249 251 265 270 273 274 275 276 297 299 305 308 310 329 
 47 16 20 31 37 44 55 73 85 86 94 97 107 115 124 125 128 139 140 154 170 175 178 195 201 204 216 217 219 220 223 226 233 234 238 245 250 251 255 264 266 267 269 301 302 324 328 332 
 40 2 14 15 18 21 24 25 39 46 53 62 63 68 88 90 96 118 121 130 132 137 144 149 150 156 176 193 209 212 213 234 235 239 241 249 295 296 307 332 333 
 41 21 28 33 35 37 39 44 47 49 51 56 58 60 74 95 108 112 115 121 137 156 157 158 172 180 186 198 200 208 209 231 238 250 254 255 258 264 268 273 290 317 
 47 1 14 48 62 75 79 93 99 102 105 106 110 114 115 120 129 139 142 144 151 158 160 176 181 194 195 197 200 208 216 217 223 232 233 244 263 267 269 270 280 302 305 308 313 315 320 330 
 57 16 17 22 26 37 44 66 76 80 84 90 98 99 105 108 110 115 148 151 157 160 168 170 171 172 179 183 189 206 211 214 220 229 231 236 239 244 247 249 253 263 266 271 275 277 283 290 295 296 299 302 305 308 309 312 326 331 
 44 8 24 34 60 63 67 72 79 84 93 95 96 108 114 134 139 142 144 146 154 157 158 160 176 183 193 195 197 202 209 217 218 248 273 276 284 286 290 291 301 312 317 326 330 
 45 1 5 28 36 37 39 43 55 69 83 84 85 92 102 104 126 130 159 162 163 165 181 186 188 196 200 203 204 214 216 218 226 233 238 247 249 251 254 257 282 283 288 305 315 332 
 51 9 19 24 25 27 51 58 67 75 76 77 86 90 94 98 99 108 113 122 125 127 134 135 140 143 146 152 154 156 160 171 182 193 196 216 223 225 229 230 231 242 251 264 266 283 284 286 294 296 314 334 
 57 2 5 6 11 21 31 36 37 39 45 49 58 68 71 76 78 85 88 103 104 105 115 118 120 123 129 134 135 142 146 149 155 156 157 176 190 191 211 223 224 225 228 233 235 249 257 264 266 269 279 292 301 302 317 319 320 331 
 52 3 11 14 22 37 38 47 57 68 74 75 79 103 107 110 113 117 124 125 126 130 131 132 133 135 138 140 146 150 151 156 176 179 181 182 192 195 218 219 229 237 245 265 268 269 281 296 303 306 311 322 331 
 53 4 8 24 28 29 36 46 48 62 68 71 77 90 98 99 110 117 124 127 139 150 160 167 177 183 191 197 202 207 209 212 213 214 221 226 231 234 245 247 251 257 262 274 275 284 296 297 306 308 311 325 327 328 
 38 22 24 26 31 34 36 41 44 62 63 75 78 84 102 113 117 153 154 162 177 185 189 191 194 205 218 223 231 233 260 273 279 290 308 311 322 326 330 
 51 11 13 14 19 29 33 35 63 72 74 76 79 81 93 105 106 114 121 124 129 144 150 153 162 187 188 200 208 214 215 218 219 221 227 232 242 246 248 253 259 261 264 272 279 302 303 306 313 315 328 331 
 51 1 3 12 17 18 26 29 36 37 38 41 43 54 55 56 59 69 71 77 78 97 101 102 105 106 107 116 117 123 152 154 165 166 183 201 204 207 215 221 233 250 252 255 258 269 280 287 292 303 310 318 
 47 1 11 15 26 28 34 37 44 47 48 54 56 80 86 92 103 105 108 109 113 123 171 183 185 188 189 195 207 217 222 226 227 230 233 239 242 255 258 275 291 295 299 300 310 316 323 331 
 34 1 4 12 14 26 35 39 50 58 64 71 86 93 102 104 118 122 124 128 157 178 194 196 206 219 229 240 254 260 265 283 300 315 320 
 53 1 6 36 40 53 64 75 79 80 97 101 108 113 135 138 142 153 160 162 164 170 178 179 182 183 185 191 195 206 210 213 228 230 234 258 262 263 264 267 269 271 272 273 275 276 282 285 292 302 310 314 320 330 
 42 5 7 14 22 24 42 46 58 65 78 118 127 132 134 142 146 149 159 167 168 183 193 215 217 227 236 245 251 255 256 258 261 270 273 275 280 282 292 317 325 326 329 
 49 2 6 14 23 33 37 50 54 55 60 71 77 81 82 83 86 91 94 96 112 117 125 134 136 174 184 192 205 206 207 208 223 224 225 228 235 254 261 265 277 286 287 291 300 305 316 319 324 326 
 42 14 17 20 31 41 47 48 49 54 57 58 77 82 96 124 128 139 145 150 176 178 182 183 191 195 196 198 201 211 221 223 233 248 262 265 266 267 268 312 315 328 330 
 53 7 12 15 25 33 40 45 50 52 56 68 74 78 83 88 89 99 102 105 113 114 124 145 150 157 158 159 167 172 173 176 183 191 206 216 242 251 253 256 271 276 278 281 286 289 290 292 297 298 303 317 328 333 
 42 7 14 20 25 26 50 53 58 59 64 82 91 113 123 124 145 168 176 190 201 202 204 205 207 219 222 235 241 244 247 250 256 263 268 270 271 283 284 294 304 311 319 
 48 3 7 15 31 39 43 46 56 80 82 85 88 94 106 111 114 123 124 125 132 133 156 170 182 189 195 203 205 211 213 220 228 235 236 240 243 245 248 273 277 280 286 290 297 309 326 332 333 
 54 2 7 17 23 25 30 40 41 42 45 50 63 66 109 111 112 117 118 122 123 124 125 132 135 140 159 161 164 172 176 180 197 198 201 206 209 215 216 218 222 223 225 231 241 242 258 268 275 279 280 319 321 328 332 
 47 5 9 27 31 35 36 49 61 80 93 98 105 108 111 131 145 152 159 162 166 168 185 189 193 199 201 207 215 230 239 244 248 250 252 257 267 268 271 287 297 305 307 308 314 326 327 331 
 46 25 29 33 53 57 63 70 71 86 111 114 119 129 134 139 140 151 157 162 168 170 176 187 199 209 217 219 228 229 231 234 243 247 248 249 258 263 276 284 290 296 298 304 319 320 330 
 44 17 40 41 42 50 59 62 75 76 78 83 86 88 92 103 106 117 123 128 152 166 167 173 181 182 183 188 192 207 208 216 225 237 243 258 260 263 290 302 305 307 308 309 313 
 53 4 5 10 20 45 49 65 81 82 83 84 87 93 98 100 103 105 111 115 118 126 135 136 140 141 145 150 156 160 163 170 179 192 200 207 209 211 218 225 229 230 236 242 261 266 269 270 275 281 282 295 325 328 
 42 3 9 14 19 22 33 45 46 47 53 57 58 77 81 82 84 110 117 136 162 180 197 202 212 213 223 232 241 242 249 254 255 257 268 272 280 286 296 300 309 314 318 
 55 8 20 21 25 29 37 42 44 45 50 57 62 65 69 72 77 84 86 88 91 99 115 125 132 140 145 149 156 179 182 191 192 198 199 202 205 213 230 233 246 247 249 257 259 267 270 282 291 293 301 302 305 320 322 325 
 41 2 6 15 16 20 27 30 37 63 68 70 76 83 89 127 131 139 154 162 170 172 178 185 191 207 215 216 221 226 227 238 239 240 272 273 276 280 298 301 313 317 
 51 14 20 28 29 36 41 47 60 67 68 71 75 79 80 85 92 96 114 117 126 142 143 150 157 167 171 187 199 200 210 217 225 234 235 239 248 267 276 280 281 283 292 293 302 309 310 316 318 320 325 326 
 47 1 9 10 13 20 31 32 39 41 57 68 74 75 84 85 87 92 93 107 120 124 140 146 148 149 154 165 167 173 177 183 213 219 223 225 227 234 248 259 266 267 272 307 310 319 329 333 
 41 6 16 42 44 46 58 73 77 78 81 84 90 91 95 97 101 120 127 134 144 145 161 174 179 184 193 194 199 201 211 215 220 232 248 263 270 282 306 310 321 329 
 51 2 30 33 36 46 51 59 71 74 90 94 96 124 129 132 136 164 165 172 180 182 192 197 198 207 208 212 214 227 233 241 246 253 261 262 268 270 273 276 277 278 285 286 288 291 295 301 303 326 329 331 
 52 1 8 9 12 14 21 27 31 37 42 47 54 74 80 81 86 87 89 90 91 96 114 117 121 125 127 128 131 147 152 153 170 174 185 187 194 201 207 217 218 220 230 231 249 261 264 274 296 307 318 323 330 
