 300 1000
 3 3 3 3 3 3 3 3 3 4 6 6 6 6 6 6 6 6 6 6 9 9 9 9 9 9 9 9 9 9 9 9 9 9 10 12 12 12 12 12 12 12 12 12 12 12 14 15 15 15 15 16 18 18 18 18 18 18 18 18 18 18 19 21 21 21 21 21 21 21 21 21 23 24 24 24 24 24 24 24 24 27 27 27 27 27 27 27 27 27 27 27 27 27 29 30 30 30 30 30 30 30 30 30 30 32 33 33 33 33 33 33 33 33 33 33 36 36 36 36 36 36 36 36 37 39 39 39 39 39 39 39 39 39 39 41 42 42 42 42 42 42 42 42 45 45 45 45 45 45 45 45 45 45 45 47 48 48 48 48 48 48 48 48 48 48 48 48 48 48 48 51 51 51 51 51 51 51 51 51 51 51 51 52 54 54 54 54 54 54 54 54 54 57 57 57 57 57 57 57 57 57 57 58 60 60 60 60 60 60 60 60 60 60 62 63 63 63 63 63 63 63 63 63 63 65 66 66 66 66 66 66 66 69 69 69 69 69 69 69 69 70 72 72 72 72 72 72 72 72 72 72 74 75 75 75 75 75 75 75 75 75 78 78 78 78 78 78 78 78 78 78 78 78 78 81 81 81 81 81 81 81 81 81 83 84 84 84 84 84 84 84 84 84 84 84 87 87 87 87 87 87 87 87 87 87 89 90 90 90 90 90 90 90 90 93 93 93 93 93 93 93 93 93 93 93 93 93 96 96 96 96 96 96 96 97 99 99 99 99 99 99 99 99 99 101 102 102 102 102 102 102 102 103 105 105 105 105 105 105 105 105 105 106 108 108 108 108 108 108 108 108 108 110 111 111 111 111 111 111 114 114 114 114 114 114 114 114 114 114 115 117 117 117 117 117 117 117 117 117 117 117 117 120 120 120 120 120 120 120 120 122 123 123 123 123 123 125 126 126 126 126 126 126 126 126 126 126 127 129 129 129 129 129 129 129 129 129 129 129 129 130 132 132 132 132 132 132 132 132 132 132 134 135 135 135 135 135 135 135 135 136 138 138 138 138 138 138 138 138 138 138 141 141 141 141 141 141 141 141 141 143 144 144 144 144 144 144 144 144 146 147 147 147 147 147 147 147 148 150 150 150 150 150 150 150 150 151 153 153 153 153 153 153 153 153 153 153 156 156 156 156 156 156 156 156 156 158 159 159 159 159 159 159 159 159 159 159 161 162 162 162 162 162 162 162 162 162 162 162 165 165 165 165 165 165 165 165 165 167 168 168 168 168 168 168 168 168 168 168 169 171 171 171 171 171 171 171 171 171 171 171 173 174 174 174 174 174 174 176 177 177 177 177 177 177 177 177 177 177 177 177 177 177 180 180 180 180 180 180 180 180 181 183 183 183 183 183 183 183 183 183 184 186 186 186 186 186 186 186 186 186 187 189 189 189 189 189 189 189 189 190 192 192 192 192 192 192 192 193 195 195 195 195 195 195 195 195 197 198 198 198 198 198 198 198 199 201 201 201 201 201 201 201 201 201 204 204 204 204 204 204 204 204 204 204 204 207 207 207 207 207 207 207 207 210 210 210 210 210 210 210 210 210 210 210 210 210 213 213 213 213 213 213 213 213 213 213 213 214 216 216 216 216 216 216 217 219 219 219 219 219 219 219 220 222 222 222 222 222 222 222 222 222 225 225 225 225 225 225 225 225 225 225 225 225 227 228 228 228 228 228 228 228 228 230 231 231 231 231 231 231 231 231 233 234 234 234 234 234 234 234 234 234 235 237 237 237 237 237 237 237 237 237 237 240 240 240 240 240 240 240 240 240 242 243 243 243 243 243 243 243 243 243 246 246 246 246 246 246 246 246 247 249 249 249 249 249 249 249 250 252 252 252 252 252 252 252 252 254 255 255 255 255 255 255 255 255 255 258 258 258 258 258 258 258 258 258 258 258 258 261 261 261 261 261 261 261 261 261 261 262 264 264 264 264 264 264 264 264 264 264 264 266 267 267 267 267 267 267 267 267 269 270 270 270 270 270 270 270 270 272 273 273 273 273 273 273 273 273 273 273 273 273 273 276 276 276 276 276 276 276 276 276 278 279 279 279 279 279 279 279 279 279 279 281 282 282 282 282 282 282 282 282 282 285 285 285 285 285 285 285 285 288 288 288 288 288 288 288 288 288 290 291 291 291 291 291 291 291 291 294 294 294 294 294 294 294 294 294 295 297 297 297 297 297 297 297 297 297 300 300 300 300 300 300 300 300 300 300 
 67 1 47 55 92 97 101 113 136 138 156 203 206 213 217 218 220 227 244 256 275 302 309 318 371 393 402 408 422 434 439 446 478 502 520 521 533 539 540 581 597 605 607 612 625 645 654 668 676 736 775 800 836 843 857 879 890 892 912 924 926 930 940 949 973 977 984 995 
 48 8 40 48 64 71 147 169 174 193 208 211 235 286 288 309 365 371 382 397 406 438 442 468 476 485 492 541 562 608 627 644 650 667 671 704 710 720 721 733 745 746 765 782 890 904 907 936 983 
 59 37 55 67 85 87 119 122 128 172 186 208 259 268 310 318 321 323 360 369 385 405 408 433 439 442 451 491 492 511 540 542 552 565 582 594 598 634 639 656 663 668 689 709 710 737 785 852 855 879 908 913 918 922 923 936 962 970 977 981 
 61 6 56 76 110 118 120 125 142 158 175 176 209 235 244 253 256 270 285 288 300 308 316 319 325 333 340 370 393 450 470 476 485 488 550 560 564 592 632 671 677 685 699 759 766 780 781 783 814 816 832 842 850 888 897 907 911 936 945 974 975 980 
 58 1 13 19 70 82 96 118 121 145 157 188 207 226 237 246 252 255 268 282 289 312 340 343 353 355 356 357 362 366 376 386 436 441 444 464 477 551 572 595 607 638 683 704 719 773 788 796 873 882 887 889 895 901 916 919 954 959 963 
 53 3 40 67 74 103 111 126 139 172 186 200 230 242 244 245 256 261 312 330 352 362 375 441 450 464 486 500 521 555 570 578 587 597 606 620 680 706 736 740 754 760 775 789 800 837 846 855 887 893 926 932 952 991 
 53 10 13 36 40 120 126 127 145 146 158 159 195 198 214 250 263 285 299 306 314 316 339 346 360 367 376 379 395 408 429 433 436 437 463 482 493 514 555 601 620 658 679 682 738 752 774 842 845 846 878 954 964 986 
 64 1 43 62 70 75 102 121 149 157 215 238 254 263 291 299 300 317 331 339 344 345 348 406 407 413 427 461 466 486 501 518 532 545 551 595 607 608 612 613 624 658 674 681 689 696 699 701 714 719 723 734 735 738 853 874 875 877 881 918 926 936 940 954 976 
 55 34 58 113 117 133 136 141 178 189 223 237 275 280 281 308 317 327 329 342 348 366 380 388 397 399 417 419 429 430 433 467 478 489 502 505 545 557 572 590 608 652 655 692 723 752 759 789 817 824 878 959 963 973 995 999 
 73 11 16 22 32 56 66 73 76 84 95 111 114 142 148 175 200 216 225 253 257 258 265 283 287 297 320 324 329 330 340 354 358 363 371 372 387 397 409 416 433 456 460 463 473 477 481 507 510 511 541 549 577 593 611 613 639 692 696 705 727 738 771 791 825 833 852 853 854 908 913 938 987 991 
 54 22 26 55 63 68 159 184 194 209 214 228 238 256 280 285 307 310 313 322 336 359 365 377 394 491 502 529 539 562 592 605 619 653 671 702 713 722 728 730 745 776 780 788 809 811 817 843 880 903 918 938 962 972 973 
 56 4 12 59 74 97 143 147 176 186 194 202 228 241 289 291 301 302 317 360 364 384 406 414 429 431 432 458 500 508 541 558 586 594 620 625 650 665 688 698 719 779 798 839 856 862 888 889 899 918 920 939 942 964 965 978 983 
 70 22 25 67 73 77 80 100 103 108 141 154 156 157 167 185 197 205 210 218 288 302 306 356 368 373 382 399 404 412 475 510 519 558 572 574 576 580 591 605 610 626 647 651 669 679 696 697 725 729 738 747 766 770 805 807 817 818 839 855 862 873 878 886 911 957 958 960 965 974 976 
 54 38 39 40 108 125 149 158 178 205 252 267 296 311 316 341 376 408 421 463 465 480 483 530 536 570 572 594 618 670 678 696 706 721 729 747 758 760 785 791 838 865 879 895 900 904 915 928 934 946 954 959 974 985 986 
 54 64 65 89 101 107 109 132 140 147 170 188 191 210 230 242 245 260 279 288 317 329 355 368 405 428 459 464 466 510 511 535 556 562 593 609 617 686 694 699 706 722 728 740 784 804 823 827 845 869 926 947 950 968 1000 
 50 1 8 35 67 106 112 124 225 226 234 253 260 276 291 339 398 404 417 438 482 521 527 528 543 549 553 554 559 571 596 600 639 648 650 655 670 687 696 727 758 811 828 834 837 840 878 905 909 939 946 
 63 22 25 48 50 97 98 139 145 156 157 161 201 215 230 239 290 309 314 356 371 382 383 384 392 413 443 444 481 483 488 494 496 525 530 562 583 596 598 618 623 633 635 637 644 656 669 711 715 723 740 741 810 833 840 872 886 904 912 925 960 972 983 994 
 54 3 5 37 47 64 69 71 86 172 186 249 297 300 322 327 334 346 385 419 442 462 473 486 487 510 531 581 586 606 623 667 677 691 701 720 726 731 741 745 777 787 799 811 837 869 871 912 922 926 948 958 964 995 996 
 62 12 21 48 92 101 102 107 133 216 218 222 242 244 254 255 259 278 337 347 354 396 401 424 444 454 463 466 473 476 483 509 510 519 522 528 529 530 531 551 575 617 635 654 688 703 723 728 729 732 768 777 824 841 843 845 847 848 862 889 895 943 991 
 72 13 31 35 37 39 47 62 66 77 87 91 98 119 142 145 172 182 189 190 195 237 239 247 263 264 270 282 306 363 364 412 418 424 432 434 443 453 458 468 483 489 494 514 539 551 566 572 581 599 618 621 689 725 740 754 767 769 778 780 820 821 823 827 829 868 885 889 894 901 904 920 932 
 55 11 33 64 65 170 172 177 180 185 194 205 208 212 227 234 247 269 276 309 317 397 440 460 463 473 513 536 560 587 630 646 652 657 679 685 701 702 709 745 763 768 776 824 841 849 851 896 899 906 926 940 948 959 966 994 
 59 16 36 45 73 95 112 129 138 139 147 150 174 192 210 245 287 297 300 326 346 347 349 355 371 375 377 420 477 479 490 529 560 566 569 573 580 587 593 603 618 621 628 648 662 721 728 745 759 760 786 803 877 886 902 905 915 923 976 997 
 60 2 59 64 65 66 92 121 125 137 173 184 206 208 209 213 228 235 256 267 278 294 300 320 331 341 345 347 419 432 478 479 481 492 495 500 502 524 533 563 566 569 578 614 697 710 752 758 776 786 803 819 853 869 897 920 948 951 954 965 985 
 64 33 47 50 67 68 106 138 140 147 152 157 179 217 257 266 290 299 308 363 368 384 385 435 437 440 455 492 495 499 533 540 575 624 628 634 639 651 661 678 681 685 721 735 758 760 775 778 788 802 818 819 832 857 876 881 909 917 921 924 926 934 943 984 993 
 59 15 23 28 29 54 55 64 88 96 100 121 150 216 236 246 254 264 278 292 299 300 304 327 350 353 359 399 444 459 470 495 496 500 509 528 553 589 617 624 648 653 655 656 659 660 668 675 691 697 731 808 818 879 886 913 916 948 949 973 
 53 13 33 54 70 93 96 101 110 123 186 198 216 217 221 251 288 290 316 320 374 425 430 432 447 452 487 493 504 520 526 532 572 585 592 605 609 622 663 665 676 677 679 745 799 802 891 928 929 937 938 978 983 984 
 51 11 23 49 64 73 198 199 214 248 262 263 270 280 288 329 330 337 399 405 416 468 480 520 529 535 562 565 577 626 632 651 668 682 701 713 737 739 753 768 799 800 817 844 846 856 860 895 905 929 960 993 
 62 50 51 60 65 87 98 109 112 150 182 215 238 248 259 296 304 330 331 357 362 372 373 392 401 404 422 435 446 454 467 542 557 585 589 609 624 671 716 742 750 760 769 770 798 805 815 816 826 853 876 892 893 898 901 912 917 928 939 955 967 968 982 
 51 1 18 35 46 108 122 134 138 190 204 211 245 246 263 280 282 404 420 433 448 460 471 483 497 508 519 523 542 572 606 625 647 673 681 701 702 703 715 738 745 750 768 772 796 841 842 874 882 927 946 954 
 69 15 28 32 49 56 69 82 87 101 110 123 127 166 173 185 196 202 219 226 227 242 251 266 285 336 340 346 393 419 422 437 467 484 493 494 507 513 519 528 547 567 575 583 588 595 611 613 644 677 700 709 712 729 749 750 759 787 805 845 875 878 895 930 932 946 969 974 987 989 
 47 5 29 36 53 55 101 108 166 178 221 231 243 299 354 366 413 415 425 433 450 484 491 508 512 514 549 551 565 574 586 612 617 628 677 740 751 779 782 811 842 864 874 877 880 910 921 948 
 57 6 11 12 25 76 93 117 125 148 187 191 204 213 219 256 278 285 287 339 340 347 357 364 368 384 456 469 494 503 511 519 600 605 615 619 622 626 627 643 714 715 720 730 734 768 790 804 813 835 843 858 908 916 919 938 981 985 
 55 10 18 22 42 69 90 110 126 137 185 186 194 195 206 219 248 267 268 290 295 308 347 351 359 360 368 407 418 440 443 480 527 529 565 644 648 649 659 682 696 697 700 715 737 740 754 816 836 840 874 938 946 960 968 982 
 60 8 36 37 57 59 84 98 104 129 154 173 176 179 198 210 222 248 249 270 308 311 313 329 333 352 358 378 443 454 474 509 515 548 553 556 591 626 642 655 686 727 728 797 808 810 815 816 832 835 848 852 878 893 910 917 926 951 957 991 992 
 67 1 9 11 14 50 66 74 78 79 134 140 147 149 201 209 262 278 294 295 324 337 338 344 351 354 359 406 420 421 425 475 476 486 493 545 600 608 629 654 658 665 697 698 700 707 713 714 725 740 747 749 769 775 776 789 790 835 856 863 898 910 936 942 946 963 970 984 
 44 109 113 114 132 216 243 312 372 381 384 385 395 418 420 422 427 487 535 537 554 578 595 602 605 626 692 700 705 739 760 791 826 858 867 881 900 910 917 928 933 938 954 983 986 
 53 4 6 11 73 117 123 141 175 183 186 194 196 205 212 242 246 345 365 375 391 413 433 439 469 470 479 484 515 539 580 621 657 702 720 732 741 744 755 776 791 792 808 824 856 867 873 907 920 921 929 954 956 985 
 59 5 36 53 58 92 156 160 216 220 224 238 252 257 264 266 278 280 324 337 354 404 407 430 433 443 522 538 540 572 573 583 584 616 634 635 654 666 678 681 699 701 722 745 751 752 758 787 811 824 853 865 873 880 897 959 965 966 973 991 
 61 36 40 48 53 60 72 78 96 148 184 205 216 247 265 294 300 301 304 315 319 321 322 325 357 376 381 420 431 456 457 467 484 553 554 585 591 592 596 615 661 667 669 695 703 743 766 771 819 826 853 869 883 912 920 937 970 976 995 996 998 1000 
 62 9 29 32 38 57 71 73 86 156 158 160 166 169 213 216 277 286 289 300 319 347 348 369 387 408 417 432 436 459 463 465 466 489 509 512 556 557 590 612 656 661 693 696 697 704 706 746 751 752 766 773 796 811 852 873 874 913 916 946 959 974 980 
 58 1 54 55 56 70 141 158 178 182 218 220 228 239 244 268 319 350 359 368 379 384 387 404 461 472 508 519 531 564 589 606 615 625 628 646 647 648 656 666 678 687 697 716 725 732 754 808 816 837 865 867 880 881 894 905 975 989 998 
 60 29 39 137 191 219 234 235 240 248 249 253 254 284 288 308 326 348 351 366 384 388 398 430 461 464 469 491 503 507 513 520 541 554 586 590 593 605 606 644 666 668 699 732 759 783 793 794 803 817 836 844 888 929 930 947 948 951 978 979 992 
 55 52 56 76 77 82 89 126 137 157 162 222 246 282 301 329 338 344 352 364 366 368 370 394 423 431 438 450 502 504 552 554 556 598 651 657 659 674 690 697 728 741 752 769 807 825 832 860 883 904 920 928 929 936 947 964 
 59 19 40 43 60 65 100 117 157 158 166 174 175 217 237 239 255 259 276 287 310 328 351 355 363 365 384 392 425 455 483 509 516 554 557 581 614 650 682 691 702 710 730 747 749 760 823 828 831 852 865 886 896 911 926 944 946 983 986 996 
 59 19 45 67 78 82 98 108 112 123 126 140 152 156 161 165 166 174 182 197 216 220 254 270 308 311 346 376 382 404 416 431 457 491 501 503 547 551 575 595 597 604 629 631 635 697 722 728 736 779 837 848 879 883 904 905 925 927 947 955 
 60 49 52 59 140 151 165 181 189 197 201 210 234 248 276 297 302 308 313 332 349 380 460 493 512 515 539 541 552 554 582 585 609 616 620 624 680 711 736 739 758 769 786 788 806 809 821 825 831 837 838 839 853 884 903 914 940 954 963 983 997 
 54 39 52 61 98 137 142 146 171 194 195 206 224 236 254 255 270 277 320 367 371 372 382 396 416 437 467 469 473 550 562 575 586 621 634 642 678 704 708 746 749 750 779 782 790 811 846 853 865 885 907 922 934 955 983 
 56 63 65 125 150 195 196 204 215 221 229 230 257 258 269 284 295 304 340 356 361 383 387 396 401 418 419 444 482 502 541 571 573 575 579 605 677 684 690 699 730 773 788 811 830 858 860 867 907 910 929 938 943 947 964 965 988 
 64 13 28 61 103 106 126 142 153 161 207 218 244 267 269 297 300 318 320 327 329 331 332 337 355 367 370 374 377 409 430 432 454 462 465 473 475 508 509 533 534 578 583 593 614 624 625 653 664 691 746 760 799 807 820 837 855 878 884 900 917 948 964 978 983 
 66 3 14 37 47 56 72 82 84 101 112 120 126 146 150 153 188 223 254 255 259 262 279 286 315 318 337 350 369 370 388 395 462 463 467 475 484 509 521 528 542 560 606 651 661 665 677 723 732 735 748 759 762 781 786 798 800 806 814 819 878 888 910 912 929 946 960 
 57 43 45 72 82 89 100 104 146 150 179 208 218 243 273 310 311 329 344 349 350 395 400 412 415 425 430 501 509 513 517 530 532 539 575 596 617 621 624 625 630 672 684 710 716 751 761 763 770 779 851 854 888 890 893 895 928 965 
 57 22 26 36 54 60 62 73 78 88 117 127 132 142 147 157 186 229 246 264 265 288 293 310 312 345 377 382 385 392 406 441 453 466 471 539 580 583 610 611 643 651 668 721 733 781 785 790 797 835 852 888 927 937 948 958 964 979 
 62 30 49 56 57 107 108 115 137 148 163 167 191 194 205 206 210 215 224 236 239 255 257 276 279 284 295 336 342 343 360 364 371 393 400 404 421 430 458 471 509 583 600 631 635 642 659 662 674 752 772 790 795 817 896 902 914 925 939 941 950 957 993 
 63 1 13 30 36 60 66 70 86 121 178 187 229 230 240 254 265 283 290 319 357 358 398 421 430 454 464 482 484 513 519 528 529 530 542 553 560 562 587 588 591 594 606 644 662 692 722 729 745 750 766 768 785 790 803 819 826 870 890 895 906 947 969 976 
 67 4 26 45 47 57 66 68 80 82 95 96 115 128 145 147 171 173 179 185 189 236 276 294 302 316 347 358 405 413 421 423 441 444 474 488 490 500 510 544 554 579 584 586 591 617 620 629 639 646 690 727 738 766 779 805 815 835 842 865 885 891 895 922 937 970 976 982 
 55 16 43 47 48 54 82 130 146 165 191 200 223 231 243 266 277 289 330 333 347 376 383 394 409 419 474 481 484 498 561 605 619 637 639 679 700 713 719 726 733 767 787 798 805 817 824 827 845 865 868 903 916 922 954 955 
 53 69 70 82 92 107 121 126 206 231 298 321 377 382 400 413 417 419 436 437 458 465 523 525 528 536 537 545 551 552 555 583 588 589 594 625 631 663 717 721 730 735 739 748 757 769 785 818 833 850 878 931 982 992 
 68 21 26 48 53 58 65 74 85 103 105 113 118 193 217 224 237 281 285 286 292 302 319 329 331 332 339 352 364 395 398 407 413 432 457 466 494 500 501 523 531 541 551 557 584 603 634 635 696 729 735 758 763 774 777 786 806 807 811 823 840 842 844 871 890 902 909 944 974 
 67 12 18 25 54 64 68 90 194 198 250 286 329 340 342 364 377 420 427 429 444 449 453 454 456 479 484 485 542 552 554 564 566 612 618 623 626 636 648 661 667 678 688 693 700 715 722 748 756 773 780 788 817 833 856 865 873 889 890 912 943 948 954 958 968 973 991 1000 
 59 24 53 72 82 85 122 157 162 164 175 189 190 209 216 234 237 247 248 261 276 280 293 320 329 355 382 393 410 418 440 448 459 522 528 572 577 579 602 614 644 688 709 745 751 753 776 807 825 834 847 855 868 906 908 909 912 952 963 968 
 60 4 14 18 26 66 96 118 131 200 213 227 239 242 251 277 288 309 318 330 331 392 405 420 438 450 497 503 510 521 531 545 555 569 606 627 661 668 703 709 738 741 770 776 788 801 802 807 825 850 863 868 874 891 897 903 907 915 972 977 996 
 62 1 2 38 42 50 68 74 89 90 109 121 140 145 146 176 189 201 221 223 235 321 329 355 378 394 404 407 414 427 428 431 444 468 471 483 539 540 541 553 560 590 597 610 626 644 680 689 704 711 720 724 754 800 823 857 887 905 916 926 972 984 991 
 48 5 27 59 118 129 130 141 156 160 196 230 247 254 267 302 303 329 411 416 444 487 528 546 552 595 607 611 615 619 644 645 682 714 738 748 759 785 839 862 864 877 937 940 947 978 983 985 986 
 58 45 112 124 132 153 165 201 209 221 228 236 237 248 279 299 314 317 326 336 339 357 374 379 422 431 437 439 477 485 565 584 594 610 616 628 648 666 670 733 758 766 787 811 828 854 920 928 929 941 946 947 948 951 964 966 984 996 999 
 68 74 76 79 85 102 125 148 167 217 222 224 232 249 284 316 322 325 328 342 346 360 368 394 406 463 475 499 517 538 557 559 571 573 592 596 625 626 636 640 655 663 687 707 713 723 739 761 799 843 862 866 878 893 898 907 927 937 942 945 959 961 962 964 969 982 996 997 998 
 66 36 41 85 96 108 132 137 160 162 165 173 187 189 228 235 242 253 263 265 266 292 297 316 350 357 363 367 402 462 507 526 528 554 555 565 594 596 616 619 636 637 653 667 671 675 690 697 727 729 734 762 780 804 805 812 815 863 897 909 930 936 943 958 979 993 999 
 68 11 40 65 75 82 88 91 99 111 123 131 158 161 163 172 195 238 246 282 292 352 358 364 368 399 405 420 434 464 469 502 503 569 596 603 629 634 645 653 662 664 680 681 704 707 714 727 737 758 761 767 784 796 800 810 824 833 850 852 869 873 878 898 918 949 965 987 994 
 53 43 47 51 78 88 99 103 130 154 185 208 227 234 240 286 293 298 307 329 349 375 398 435 438 503 514 573 614 638 651 662 680 700 734 735 739 746 767 793 797 800 803 816 824 827 831 833 850 906 910 920 936 981 
 58 12 36 53 74 136 171 184 206 208 255 265 276 279 286 289 291 310 339 345 363 381 388 414 455 465 477 563 571 577 595 614 617 624 627 638 641 651 678 700 701 710 752 758 769 786 805 807 821 829 831 863 870 908 917 920 987 991 993 
 52 36 50 79 108 138 160 195 211 251 263 337 348 387 408 445 447 463 465 487 500 501 505 508 526 534 556 592 597 629 644 652 667 680 698 725 737 769 779 793 796 797 810 816 818 833 852 897 898 922 926 932 983 
 62 35 58 75 94 95 108 147 163 174 185 193 194 202 217 234 270 274 316 336 337 339 347 348 367 381 386 398 404 428 443 454 459 473 489 491 502 519 520 524 542 557 559 624 625 654 659 677 689 693 724 736 740 749 753 833 873 875 884 896 921 972 998 
 73 12 26 39 42 66 77 81 84 109 112 138 141 145 154 155 199 205 218 235 248 256 272 278 286 296 301 311 317 351 355 361 362 376 394 405 473 483 499 502 554 567 574 576 590 595 609 613 636 649 661 667 682 691 726 729 730 766 817 831 840 847 852 853 855 860 880 885 891 908 956 985 991 997 
 53 7 8 35 38 39 52 66 72 106 125 137 141 185 215 235 243 256 272 286 287 303 379 425 437 452 560 568 572 605 615 619 633 639 644 660 681 709 720 731 739 791 820 824 829 838 862 894 930 937 939 946 954 963 
 55 1 5 10 23 40 41 53 60 86 110 118 136 161 179 187 190 195 209 219 221 243 285 286 308 366 415 434 460 496 498 521 530 616 634 636 655 661 663 664 672 673 683 696 716 750 793 850 853 892 896 898 918 920 947 956 
 67 24 39 49 56 67 73 81 89 91 128 174 187 189 194 204 221 227 246 266 283 286 317 320 324 330 337 348 363 395 427 430 441 463 485 487 514 526 539 552 570 578 584 593 605 612 627 640 654 657 672 689 695 696 706 768 771 779 824 829 834 842 854 872 926 967 968 979 
 53 3 10 34 84 125 151 157 158 161 185 186 188 196 207 226 251 292 294 301 350 400 411 419 421 488 496 529 530 535 583 591 594 623 678 689 691 705 714 715 718 721 724 784 793 806 815 819 846 876 882 888 926 951 
 64 13 82 86 116 119 156 174 178 180 186 191 233 257 264 277 285 294 317 353 357 381 387 388 397 400 409 414 420 441 442 462 474 480 503 507 511 523 529 540 577 594 598 605 614 624 650 652 699 719 745 756 768 785 826 850 851 866 882 925 954 955 961 963 991 
 60 7 26 36 59 66 74 78 84 109 154 162 164 177 184 190 195 208 229 236 253 281 293 307 346 362 365 381 385 410 509 510 541 544 555 573 616 642 711 716 724 735 743 776 790 808 809 850 863 885 891 894 898 904 927 938 943 948 963 986 997 
 67 21 48 50 64 78 83 85 103 107 127 129 130 148 169 170 184 190 213 228 249 250 269 298 335 347 348 391 406 412 418 433 435 502 514 535 552 553 560 565 571 577 590 624 654 656 658 677 686 699 709 712 724 726 733 777 792 800 809 820 852 875 893 902 922 927 941 958 
 49 8 24 35 53 104 107 110 117 126 187 219 256 265 273 304 321 331 375 384 395 408 412 424 430 442 495 560 583 591 600 601 635 641 642 666 688 711 721 745 786 795 803 808 816 890 910 963 976 994 
 54 5 10 25 49 68 86 97 119 153 166 264 320 329 362 379 397 414 421 443 445 449 482 506 529 535 541 545 561 562 571 594 606 608 617 631 653 655 657 671 722 733 759 764 810 814 827 894 896 906 916 928 963 993 997 
 64 1 11 21 25 36 38 92 98 109 160 162 189 206 216 238 244 287 292 317 324 344 361 382 385 386 393 397 405 420 430 516 530 561 583 596 620 647 675 686 699 710 712 730 742 766 784 800 818 820 862 864 869 904 926 931 936 956 961 963 967 972 975 991 993 
 59 1 18 84 88 96 108 146 176 180 227 237 238 257 280 310 319 337 338 341 349 357 370 376 401 433 448 454 473 483 516 522 534 542 557 561 614 633 640 647 653 666 679 689 697 701 748 781 789 791 804 836 843 852 854 874 905 937 950 963 
 70 27 47 57 60 86 91 98 99 102 121 132 156 200 211 221 235 245 254 255 264 340 341 349 358 367 368 381 391 395 406 418 419 430 431 465 467 468 475 476 483 485 495 516 520 538 562 569 579 586 606 636 650 655 677 694 768 808 824 825 835 841 847 850 854 858 887 908 936 959 985 
 61 12 76 79 137 148 157 186 194 207 209 210 215 223 226 229 258 287 309 320 375 385 400 414 424 453 459 463 491 494 509 513 529 541 552 566 585 590 592 603 615 624 635 637 643 650 662 670 697 707 731 739 780 786 805 806 808 809 862 894 898 935 
 67 21 35 55 75 97 107 151 160 185 215 243 262 286 308 312 336 363 365 382 396 403 429 453 455 460 478 480 494 509 521 540 551 554 556 568 580 606 610 635 636 643 651 679 703 722 734 747 758 767 769 782 785 787 788 802 808 833 870 875 877 903 928 944 952 958 972 982 
 61 3 29 32 43 53 65 76 82 84 95 106 119 122 132 133 166 184 224 318 331 340 341 344 346 349 372 383 391 393 436 442 455 473 487 523 542 554 560 572 587 617 635 644 677 717 745 768 775 794 828 842 846 847 855 874 881 937 948 967 975 981 
 61 15 28 36 47 71 72 76 86 143 152 173 175 176 184 188 196 213 217 218 225 248 315 322 330 350 358 383 404 424 432 436 529 539 558 574 582 619 634 635 638 666 682 690 708 714 729 734 779 793 806 813 825 845 873 896 923 927 948 963 981 982 
 63 2 5 21 32 47 54 82 103 128 139 146 184 188 190 200 205 229 230 232 245 248 274 285 287 291 313 347 371 389 391 397 405 410 444 462 483 498 499 504 529 563 567 571 586 594 601 607 618 646 654 670 715 751 768 775 786 848 880 883 907 983 994 1000 
 54 11 18 21 40 66 83 89 90 110 141 150 153 172 211 212 237 264 300 307 329 346 361 389 405 464 482 483 497 511 551 565 567 575 609 610 646 674 712 743 749 757 788 818 827 832 844 886 890 901 909 919 920 947 964 
 51 51 60 69 76 117 154 209 235 263 307 321 333 338 358 365 370 372 379 394 407 410 434 485 505 524 528 529 573 598 605 616 620 625 626 668 691 702 709 730 734 769 778 830 836 841 850 887 912 926 962 974 
 49 1 5 19 21 38 43 61 87 110 128 152 227 233 277 303 322 349 356 397 443 451 467 484 501 509 540 551 584 595 599 608 616 669 709 758 760 767 773 779 797 802 807 904 906 925 945 946 984 991 
 52 5 9 12 25 75 108 111 159 167 182 194 203 227 247 263 265 286 313 325 346 349 353 357 382 395 425 434 463 495 510 532 546 548 556 576 583 587 592 631 675 714 728 730 765 770 785 801 848 854 893 967 982 
 65 9 17 25 44 51 80 121 140 143 145 146 153 159 173 177 183 212 215 218 254 259 287 316 350 369 373 385 386 415 444 446 463 467 473 492 512 514 524 529 595 607 643 650 659 689 727 729 733 740 765 766 769 782 785 787 815 832 836 841 851 856 861 875 947 985 
 64 37 48 55 60 62 65 67 84 85 108 109 139 147 161 166 172 215 243 267 299 326 338 340 390 419 429 476 499 504 521 524 546 548 575 577 578 579 598 635 642 660 663 680 689 690 694 699 705 729 747 771 776 815 826 841 847 861 870 876 908 944 972 976 982 
 55 19 20 21 49 88 119 137 152 156 159 185 197 207 242 269 336 396 428 429 431 458 523 529 531 553 591 605 607 609 624 630 636 659 669 732 766 770 778 786 796 798 802 804 808 844 850 857 902 903 917 941 952 964 981 994 
 62 1 4 45 80 83 89 111 142 146 152 164 205 222 226 255 261 277 283 317 346 383 386 388 389 391 424 426 430 436 463 483 493 510 551 559 562 578 581 583 616 623 647 660 667 693 696 738 769 775 802 835 844 873 879 885 904 927 949 966 970 993 997 
 61 20 114 124 126 147 180 195 225 230 238 249 277 319 348 366 370 410 421 422 431 443 446 494 518 519 525 529 535 551 553 569 572 595 601 602 623 635 641 672 677 695 698 699 713 731 780 783 789 845 850 862 881 883 889 908 926 951 965 976 991 1000 
 54 11 24 73 87 100 198 228 244 249 287 320 327 332 346 369 376 377 379 389 404 417 423 430 434 436 440 451 478 532 545 563 575 634 662 713 715 728 741 786 803 809 820 841 857 863 905 921 935 946 957 962 981 997 999 
 66 24 33 59 73 85 91 104 115 133 156 157 181 191 219 245 290 326 331 338 344 375 397 414 415 418 429 441 454 481 500 520 534 575 577 587 591 615 618 633 643 679 698 709 710 712 713 716 719 721 736 745 747 796 797 799 813 854 881 886 893 937 938 946 975 981 985 
 62 13 27 30 38 44 53 64 80 85 117 122 136 147 177 190 222 226 232 234 276 289 293 298 299 301 362 366 368 374 387 404 435 445 459 480 493 508 566 597 610 647 656 658 662 663 664 668 669 697 703 709 724 736 787 789 808 898 930 944 957 982 984 
 47 14 20 38 53 75 82 99 100 115 122 146 163 187 194 230 258 264 284 287 309 366 407 426 438 515 545 552 566 594 605 612 619 623 661 678 693 703 759 764 790 798 799 886 894 949 989 999 
 63 6 41 46 51 60 68 84 85 120 127 163 165 173 188 236 258 271 272 278 287 316 325 331 359 367 390 392 444 482 488 496 543 544 551 603 617 619 644 650 653 660 681 697 700 709 710 718 735 742 773 774 778 787 792 824 857 938 953 954 958 963 964 991 
 57 5 8 19 31 82 83 120 138 169 178 179 185 197 209 247 257 283 317 318 329 342 361 368 377 419 437 445 448 483 515 537 562 618 622 632 650 663 674 709 717 742 782 790 807 815 827 836 842 861 871 897 902 903 917 960 990 993 
 61 13 49 54 70 96 98 119 126 138 156 162 195 203 215 218 226 279 291 314 323 356 382 387 409 422 431 455 456 461 483 548 577 585 600 604 609 661 691 703 715 716 720 728 759 767 778 804 833 846 851 856 862 874 877 903 939 951 954 967 984 994 
 50 32 77 83 88 105 167 178 217 248 282 308 318 328 359 380 382 445 446 449 450 456 458 470 473 474 496 510 559 561 598 626 682 706 741 759 768 778 787 807 816 842 861 873 876 896 928 936 950 972 992 
 55 21 96 151 254 258 285 288 292 296 308 322 327 334 349 361 384 435 494 509 513 539 561 579 594 600 611 626 655 664 683 694 700 701 730 737 745 748 769 770 800 806 813 825 831 863 874 895 916 918 925 929 932 938 992 993 
 63 17 29 31 64 74 103 122 126 131 136 138 150 227 228 259 264 277 280 310 333 334 369 405 439 457 470 476 485 499 515 523 533 571 577 618 626 634 641 653 657 659 662 681 693 713 731 746 751 767 770 788 823 833 850 860 895 914 918 951 963 964 966 999 
 72 8 24 48 50 54 55 77 111 120 158 190 191 194 219 243 244 261 304 309 318 321 346 348 387 402 420 430 457 458 549 556 572 576 577 578 590 595 637 646 671 701 703 707 736 742 758 766 769 771 785 816 817 824 841 843 849 853 862 864 866 872 873 874 882 886 892 907 922 943 955 974 992 
 60 18 39 57 86 109 115 128 166 179 200 228 229 255 295 307 317 342 355 369 390 391 392 399 415 430 451 466 486 497 509 517 540 553 560 563 572 606 608 657 660 700 703 710 738 747 775 779 803 816 831 850 881 885 903 908 948 952 968 982 984 
 62 1 2 6 18 24 41 43 47 66 75 83 110 146 148 161 176 194 201 207 227 229 255 258 260 276 287 303 344 348 370 382 392 449 489 522 537 555 606 624 632 633 638 651 657 659 663 704 737 745 747 760 762 772 778 786 830 856 896 912 937 946 972 
 64 16 21 40 56 65 80 111 121 131 147 174 183 197 205 206 208 211 251 260 277 278 307 332 337 352 353 379 390 391 393 423 473 477 485 513 567 572 585 593 601 622 627 634 658 681 688 690 722 740 750 770 789 816 859 865 873 886 906 928 929 930 940 973 1000 
 67 3 14 24 42 49 78 82 88 106 120 130 134 137 146 175 199 235 241 243 255 258 259 260 278 299 312 339 372 378 386 394 397 406 413 423 430 440 461 492 495 514 519 526 591 595 604 618 646 696 712 750 768 777 778 821 835 844 851 871 887 899 902 926 946 947 979 982 
 60 11 45 50 95 98 105 146 156 187 211 223 227 234 235 264 266 276 297 339 351 370 381 389 418 421 431 443 483 506 521 576 586 604 607 608 611 669 691 692 703 721 732 805 809 819 823 856 863 876 880 885 891 894 905 921 936 968 974 976 993 
 58 17 22 37 38 110 140 172 177 196 228 238 279 281 293 298 306 354 381 385 386 414 426 446 449 494 499 520 554 592 617 627 633 634 650 654 677 680 710 725 733 743 744 745 800 836 844 864 865 885 893 903 905 908 909 927 933 953 981 
 52 2 28 40 58 69 75 78 85 96 129 159 188 195 212 219 227 259 271 290 307 312 353 370 415 419 422 429 463 485 493 528 529 561 573 590 670 673 681 709 729 742 792 818 820 822 833 834 888 889 940 956 965 
 62 14 23 42 43 91 97 100 147 157 166 176 230 250 251 256 258 266 270 279 292 303 308 312 337 342 343 354 370 379 383 394 427 428 469 493 510 530 593 639 642 655 677 688 690 692 702 721 722 731 759 761 797 815 817 830 841 864 866 880 886 957 984 
 53 3 10 37 63 67 68 69 74 87 117 119 138 145 159 201 206 208 231 236 237 263 292 386 404 421 451 453 466 473 506 584 588 598 607 617 651 669 682 724 730 746 771 794 809 826 832 851 926 938 939 977 992 994 
 50 1 61 66 76 140 145 157 160 161 165 180 185 219 243 324 349 351 352 380 385 392 394 434 436 474 496 497 501 506 509 547 561 583 625 644 698 717 727 777 840 843 844 866 877 916 925 931 940 965 983 
 52 4 8 22 23 29 55 97 106 109 113 164 173 221 229 231 238 311 332 334 338 352 359 366 376 420 499 500 503 524 576 595 614 653 664 668 669 677 726 739 750 797 807 816 819 828 842 875 900 915 916 920 992 
 54 52 84 125 132 175 181 189 230 267 268 287 314 332 341 359 366 399 420 426 476 497 520 530 572 580 594 598 600 615 634 685 701 714 730 739 749 763 773 778 781 787 789 809 825 851 868 896 910 918 942 948 960 990 993 
 56 13 41 44 55 61 76 82 126 147 160 163 167 175 187 188 217 219 276 280 358 370 381 391 393 399 431 450 473 492 514 521 543 555 564 595 616 641 674 689 725 755 772 781 790 806 824 826 867 872 886 926 927 960 966 977 985 
 48 28 67 82 136 138 150 155 159 185 188 193 220 234 331 338 339 367 388 395 396 431 433 475 477 484 501 531 546 553 557 640 651 704 711 749 762 796 810 831 832 834 851 854 866 928 949 957 968 
 66 6 22 30 34 36 49 54 65 66 83 128 150 159 160 178 189 210 241 246 259 274 276 283 286 287 300 310 333 350 365 369 381 383 392 430 431 442 492 504 508 533 535 574 636 637 639 649 660 664 670 679 728 749 774 799 845 857 897 917 927 930 942 945 954 974 982 
 40 3 7 48 77 85 205 209 216 220 277 287 305 318 338 392 393 404 414 462 470 474 513 543 590 604 644 650 655 667 724 781 793 811 826 884 906 917 919 947 992 
 57 10 23 50 51 66 84 113 119 121 139 140 151 172 196 208 253 255 277 285 291 308 317 335 350 379 386 412 429 444 455 457 519 547 554 561 592 608 645 654 665 677 686 688 691 711 736 765 796 798 836 888 894 943 967 973 974 993 
 65 2 4 12 22 24 26 39 60 94 95 98 148 151 166 172 173 179 180 181 197 198 223 224 225 244 251 259 276 283 321 339 383 408 412 424 438 442 472 482 493 495 503 566 582 598 653 654 678 708 709 729 736 745 752 761 767 775 796 797 837 853 897 915 925 959 
 47 13 82 97 106 142 147 149 159 178 186 200 201 203 209 312 319 341 369 373 467 470 473 509 553 583 605 612 615 619 656 662 674 681 689 709 714 747 757 788 796 827 852 882 885 917 927 940 
 55 7 13 23 27 41 86 137 149 174 185 205 206 233 250 297 316 338 339 347 367 368 375 378 392 465 495 503 519 520 526 544 555 575 576 634 640 677 720 723 725 728 758 799 806 820 844 859 860 919 923 927 972 977 981 984 
 68 22 24 39 41 50 59 63 75 83 94 99 136 145 149 162 176 187 189 197 207 215 216 253 277 292 322 329 334 339 341 350 381 401 413 439 443 464 468 477 540 570 592 593 595 597 598 602 614 615 626 643 673 697 716 731 769 782 791 823 836 848 904 905 916 950 953 954 967 
 50 10 13 61 87 100 108 111 146 147 219 220 260 287 301 312 316 404 465 476 480 497 555 558 586 594 605 629 634 636 640 658 680 685 712 717 718 737 760 778 795 816 841 873 877 885 894 904 914 917 994 
 64 68 78 83 90 126 130 133 139 145 149 159 160 187 199 211 215 216 244 257 275 280 298 314 347 365 399 402 413 433 447 454 455 460 466 468 496 521 530 567 569 577 580 585 593 599 608 609 634 635 696 704 769 801 803 805 873 896 904 916 926 938 947 973 985 
 55 10 11 80 84 113 115 136 149 152 239 281 283 295 305 310 313 322 381 416 421 422 462 479 484 498 508 525 536 561 569 580 598 608 610 616 628 639 662 678 689 698 709 717 757 767 780 794 822 826 887 919 947 950 957 976 
 66 6 13 36 58 79 96 119 126 147 162 166 168 170 196 216 245 257 278 281 285 295 297 317 318 332 351 355 363 377 404 482 494 500 512 531 535 539 542 551 571 572 573 592 611 615 621 676 679 710 721 723 735 739 741 755 761 766 770 787 814 854 857 894 947 954 978 
 62 11 17 26 72 95 106 110 120 123 137 146 172 178 216 244 265 270 277 280 300 319 337 348 368 378 388 394 414 474 489 516 534 539 541 572 592 606 616 618 627 628 634 702 730 742 746 805 810 842 852 855 869 884 901 904 925 945 967 982 986 992 1000 
 57 1 16 27 65 74 75 77 95 102 121 139 164 172 173 174 234 243 244 249 256 280 302 316 330 352 353 379 381 396 407 492 495 497 531 544 562 584 585 591 637 660 686 692 706 724 766 767 775 794 797 835 911 937 948 950 964 996 
 58 6 11 18 40 48 51 54 55 118 136 179 194 199 219 235 240 263 290 294 330 331 342 347 351 360 394 422 459 474 530 536 565 573 585 596 605 630 634 665 672 690 729 739 748 757 770 821 823 876 894 897 906 908 916 939 941 974 992 
 62 13 14 24 31 38 82 106 113 116 136 139 175 176 204 260 289 292 305 331 332 350 367 392 404 405 422 430 432 443 447 453 494 504 519 528 561 584 608 618 624 634 646 652 689 700 710 771 778 816 817 832 835 840 851 860 874 919 942 968 975 980 999 
 53 1 11 22 71 73 122 127 160 175 186 210 220 223 235 256 291 297 299 307 318 361 368 374 394 396 411 422 448 459 534 536 547 552 586 588 598 615 628 629 645 659 670 697 710 735 767 770 779 801 815 875 917 928 
 61 1 32 44 60 83 109 110 152 186 191 198 200 204 254 263 264 268 291 310 316 327 340 361 375 386 390 394 404 418 420 445 447 465 473 491 549 553 572 578 615 616 623 638 643 669 673 685 697 700 704 738 747 777 792 815 817 873 875 895 929 937 
 66 7 8 11 35 36 42 52 61 65 69 96 106 114 129 139 143 196 207 217 218 231 248 260 267 271 273 287 296 319 340 348 354 357 359 369 375 389 420 421 432 487 492 503 511 528 543 544 549 550 576 590 599 620 691 722 745 750 855 856 873 874 884 911 931 969 972 
 58 42 70 81 84 97 108 119 124 140 145 146 147 165 170 211 239 240 245 264 269 288 292 293 298 347 365 375 400 453 456 509 522 539 546 553 573 617 634 662 684 691 712 723 754 775 838 839 858 859 883 885 896 905 916 933 969 973 974 
 49 16 32 48 52 68 78 110 113 114 138 171 182 194 195 207 217 290 297 323 362 382 393 395 407 410 422 470 488 501 540 543 596 622 645 657 662 663 669 711 718 728 807 811 827 856 876 903 973 988 
 69 21 30 48 53 57 79 86 92 108 126 130 132 134 158 172 181 185 195 227 230 245 247 251 254 276 292 301 316 318 325 336 342 359 387 400 405 456 463 493 543 544 550 591 593 609 638 661 665 670 680 691 721 743 758 770 796 816 821 838 850 862 874 879 900 919 948 956 966 991 
 52 53 79 127 160 210 226 235 247 271 308 310 338 356 364 394 396 433 443 464 488 493 500 508 524 552 556 581 590 611 613 628 643 652 737 767 797 807 815 827 833 847 853 869 873 918 923 955 966 969 978 980 988 
 74 30 39 57 77 78 82 95 120 131 136 153 174 194 198 208 209 219 273 279 284 286 295 326 329 330 369 401 493 511 531 539 540 549 583 589 592 625 651 668 686 698 708 720 724 730 756 762 776 777 781 785 806 824 825 828 834 836 841 846 859 863 893 898 913 917 919 935 967 968 977 986 991 992 993 
 63 17 21 25 30 37 77 83 91 95 107 114 131 154 165 179 182 215 249 253 257 271 281 323 335 341 348 373 403 420 430 438 470 471 503 516 536 565 654 664 672 689 692 696 715 724 734 736 740 746 757 772 775 785 787 806 810 854 892 895 909 939 966 976 
 59 31 56 82 108 141 157 164 193 204 220 234 248 252 284 294 311 323 329 371 379 407 414 462 471 484 495 502 548 562 590 592 593 600 613 626 627 633 637 702 711 719 720 722 789 796 804 807 815 819 864 874 894 926 931 939 942 977 991 998 
 61 12 34 36 42 51 75 76 126 180 198 204 207 208 210 217 228 232 278 315 384 391 399 405 417 422 425 426 435 444 498 500 511 523 535 547 596 599 615 621 624 635 647 658 668 704 732 740 742 745 760 808 818 842 846 884 893 917 931 932 981 985 
 64 23 25 48 77 93 117 136 141 158 176 204 208 228 237 259 269 277 293 300 312 313 348 355 382 406 416 454 456 465 475 484 512 546 558 575 586 591 652 659 662 688 697 698 702 710 712 721 723 745 768 787 788 791 816 825 840 841 873 881 885 905 925 956 992 
 65 2 14 36 37 88 113 129 137 158 172 173 184 212 236 242 244 289 333 338 357 358 374 396 402 413 443 453 500 511 514 529 533 534 535 555 578 595 620 630 661 673 684 694 731 733 736 746 751 755 772 776 784 792 804 822 885 888 933 934 947 961 963 984 994 999 
 60 21 37 41 59 67 117 157 174 196 197 223 238 244 248 285 299 340 355 374 407 423 463 475 482 521 523 524 532 546 563 564 574 639 649 650 677 693 725 733 755 756 770 792 795 802 806 808 812 831 841 848 857 873 916 921 948 957 963 967 971 
 60 1 13 24 54 55 99 101 163 164 176 184 233 256 258 286 317 338 343 348 381 385 412 418 426 435 442 444 485 492 495 496 506 544 560 588 598 618 619 623 635 641 642 664 696 697 736 741 757 797 815 829 845 849 871 873 902 908 937 969 976 
 65 24 26 41 44 74 77 85 89 95 97 107 111 130 139 145 158 162 166 190 200 226 307 315 339 340 357 381 386 413 426 432 444 464 474 544 568 573 582 584 627 634 652 654 660 664 666 667 670 685 699 705 709 722 767 815 826 836 855 864 882 885 897 900 956 966 
 78 5 7 12 19 51 53 58 62 63 74 75 93 97 107 117 127 135 149 150 164 180 185 195 207 239 246 278 297 329 334 336 340 356 366 374 375 384 386 402 403 429 467 475 491 539 551 552 556 560 573 574 588 624 636 651 673 678 700 722 723 724 751 761 771 776 817 827 836 851 852 888 906 913 927 929 932 993 998 
 54 6 29 32 38 74 82 89 90 114 123 143 195 205 225 242 256 264 276 285 290 298 313 316 330 341 348 368 383 416 430 434 449 451 475 520 533 540 553 563 605 643 664 683 698 705 757 811 814 902 929 933 941 972 984 
 62 2 46 83 90 126 135 197 199 216 220 266 268 306 358 383 385 435 440 464 466 477 499 502 515 532 542 544 557 576 592 605 606 614 626 634 642 651 654 669 683 689 694 696 703 710 721 724 761 774 793 815 866 870 871 884 902 908 942 958 965 986 998 
 53 15 67 106 107 117 141 144 151 225 234 266 290 329 347 372 374 377 381 385 423 443 446 450 462 478 497 507 530 534 574 599 600 607 615 620 646 693 710 737 742 748 757 768 798 807 844 880 886 891 906 910 918 991 
 64 38 56 75 129 150 164 173 198 263 264 289 297 300 320 334 346 379 394 402 419 420 421 454 475 476 507 519 533 551 573 584 591 599 600 607 613 655 664 668 673 684 710 718 740 741 751 759 777 782 786 796 807 825 831 847 863 879 897 916 919 928 942 963 965 
 66 3 36 41 77 82 114 116 124 125 127 129 134 156 179 200 204 271 330 331 380 398 404 406 408 485 487 491 509 517 519 520 568 573 574 585 591 608 609 613 621 625 644 651 660 661 669 687 701 716 723 735 736 745 758 788 796 801 815 854 875 909 935 952 965 972 987 
 58 2 28 35 39 52 58 61 68 169 188 219 227 240 245 250 258 266 279 280 281 291 294 343 368 444 452 453 521 527 540 552 561 581 585 588 598 636 652 659 671 690 696 713 734 742 746 761 780 816 834 835 858 893 904 916 926 960 991 
 51 14 29 39 45 52 59 76 97 105 107 109 161 187 247 282 288 311 313 328 334 343 365 415 425 442 474 507 511 537 542 555 564 587 610 634 644 651 693 709 720 723 725 747 806 823 916 938 948 953 954 986 
 50 29 35 38 53 63 65 78 100 128 176 179 196 197 198 210 226 228 250 310 325 327 347 424 445 457 464 474 479 525 533 539 543 548 553 579 594 605 608 609 730 737 776 798 846 879 887 899 900 939 955 
 55 5 12 38 49 52 102 117 125 131 136 145 163 166 191 205 266 308 317 350 371 384 396 432 441 473 474 537 564 580 596 609 611 636 651 672 688 699 707 713 721 761 796 820 823 825 849 850 864 873 936 941 946 957 983 991 
 61 8 14 19 31 82 91 106 110 124 146 157 162 184 217 263 267 284 285 296 297 298 308 309 311 344 399 406 431 453 466 475 476 482 483 484 541 549 553 558 570 571 572 601 605 613 627 639 643 651 688 706 731 787 843 846 853 905 907 931 966 998 
 76 2 28 48 53 68 73 149 167 185 196 208 209 221 247 254 257 272 276 298 305 331 339 356 391 409 412 414 419 429 457 485 488 493 500 501 510 530 541 543 578 581 590 629 632 652 669 689 706 720 736 737 759 766 772 793 796 798 801 824 845 847 866 887 900 904 921 926 935 939 944 957 958 965 967 973 993 
 70 16 56 61 88 105 118 129 148 160 176 190 205 226 254 263 269 278 287 291 374 378 410 419 434 456 462 474 495 499 521 534 551 571 583 587 617 627 636 638 644 647 651 662 665 670 682 688 690 696 721 723 737 744 767 781 786 796 799 806 815 860 868 872 891 903 920 963 966 977 999 
 47 6 19 28 59 116 152 158 168 194 198 235 243 287 345 349 356 374 381 393 419 432 501 542 552 645 658 664 675 689 762 763 785 797 798 800 817 832 865 875 876 946 949 954 965 972 984 990 
 64 16 24 37 40 63 71 117 126 133 136 140 145 146 161 173 195 231 234 271 277 292 298 302 308 318 355 382 393 413 431 466 477 496 505 513 524 530 571 578 584 601 604 609 634 660 688 717 725 729 775 832 837 850 869 887 919 924 937 950 972 973 975 982 985 
 64 12 36 52 58 75 86 99 106 107 108 118 125 156 183 186 203 215 227 236 238 247 255 279 284 287 312 321 331 344 356 367 420 451 473 510 525 546 547 567 613 616 635 638 649 677 705 716 728 795 805 806 810 812 858 873 886 896 897 903 946 967 974 982 985 
 56 10 25 35 50 64 65 69 83 115 120 172 190 217 224 233 262 270 296 298 303 307 309 340 356 379 381 405 430 455 500 511 521 556 623 628 637 643 647 650 694 705 709 729 761 767 777 780 832 847 861 892 893 919 961 963 983 
 51 15 59 64 127 134 152 170 174 240 241 304 312 315 331 345 410 430 485 515 531 549 554 573 577 579 598 619 636 660 667 679 684 688 696 723 753 762 793 804 814 832 834 856 862 874 880 906 931 936 956 957 
 63 10 13 15 29 31 36 49 79 107 113 126 129 177 199 229 231 269 297 313 340 377 420 431 460 498 530 532 551 587 635 643 653 673 679 684 696 699 716 721 730 736 739 752 760 774 812 815 816 828 831 834 838 844 858 864 885 891 906 940 964 967 983 986 
 59 1 2 40 44 65 98 152 185 198 254 310 323 343 348 353 356 365 376 414 421 450 478 485 530 532 576 591 606 622 629 643 651 670 672 674 701 715 766 768 786 796 837 846 863 867 876 882 885 890 901 902 903 904 906 918 922 925 937 982 
 63 28 35 53 54 90 92 96 98 118 130 131 139 145 160 229 276 278 279 288 334 337 348 349 351 374 469 488 506 523 561 563 585 586 590 592 601 620 631 643 691 696 698 699 720 728 736 751 765 792 817 830 850 864 874 894 940 943 969 970 982 983 995 996 
 67 36 44 50 52 54 56 77 84 99 112 116 148 172 196 206 218 235 245 250 285 287 291 293 303 330 365 378 401 429 443 467 475 488 517 526 602 603 617 620 626 636 655 699 722 726 745 749 762 765 792 810 816 822 845 860 866 880 886 913 918 931 938 939 940 954 974 994 
 57 21 22 55 62 127 147 244 255 256 285 332 349 355 380 398 404 406 419 437 441 446 448 462 465 492 520 527 569 571 595 606 635 643 680 696 699 701 724 727 735 758 775 780 824 845 863 875 888 903 927 951 961 966 973 975 996 998 
 53 4 15 54 64 74 109 123 142 158 168 182 194 198 215 249 255 263 335 343 352 409 479 492 498 500 528 539 546 558 564 605 610 617 628 629 634 644 673 685 717 722 731 749 768 796 874 901 908 912 926 933 949 963 
 63 14 25 41 46 111 120 126 137 155 185 203 205 208 229 246 263 304 316 325 330 346 367 373 374 386 393 405 434 447 453 466 494 514 547 581 586 591 599 623 640 659 673 679 705 742 743 751 757 775 780 783 785 830 837 843 868 873 878 938 964 975 995 996 
 57 15 20 24 48 58 75 97 138 149 167 177 194 198 217 244 273 297 362 392 400 409 418 440 449 455 464 465 482 498 512 518 527 534 537 543 607 661 708 709 724 726 735 737 754 758 788 789 827 833 843 864 888 909 914 947 948 954 
 64 27 74 112 163 172 175 187 188 211 217 220 228 247 255 273 286 291 295 299 316 337 342 350 359 360 384 398 404 407 408 426 508 522 531 552 562 567 611 623 668 673 680 700 704 738 744 745 748 779 789 806 807 808 828 832 840 841 862 890 913 921 939 943 995 
 57 37 76 158 159 183 216 253 257 276 281 292 307 384 412 435 446 447 475 496 545 548 551 566 568 584 592 606 615 643 645 647 651 672 677 700 711 715 721 759 788 815 819 848 873 893 898 902 924 925 928 929 940 954 955 957 965 966 
 55 15 49 64 67 73 80 88 94 102 174 192 229 272 291 297 309 363 364 383 400 413 414 425 428 437 464 483 503 521 553 573 580 608 616 619 624 637 644 656 668 758 769 770 786 803 816 864 866 896 905 911 927 954 988 989 
 45 4 41 50 99 106 120 156 157 195 224 236 239 269 296 312 316 324 330 394 465 466 478 515 519 552 601 633 636 675 683 688 689 692 701 702 727 784 791 803 833 852 912 971 975 1000 
 53 47 73 90 96 115 133 136 162 172 174 186 208 213 236 243 254 279 282 331 347 349 355 365 366 400 425 426 431 454 455 457 464 512 529 564 587 597 635 642 657 706 743 786 797 798 813 823 840 852 858 880 912 917 
 57 21 38 40 42 58 75 97 117 147 160 172 188 197 228 236 240 247 255 260 273 316 320 323 347 350 380 393 422 454 456 466 467 521 564 573 599 605 613 640 660 661 674 707 731 749 777 797 812 819 827 841 845 846 868 907 925 936 
 60 22 37 39 40 137 142 150 169 178 206 245 262 263 280 288 299 336 354 356 358 388 398 404 447 465 478 487 492 496 499 506 537 541 555 583 594 623 631 635 640 652 685 688 713 721 746 757 799 809 812 824 843 872 886 899 903 913 929 930 956 
 55 2 33 48 55 73 76 81 113 119 176 198 206 298 350 351 376 423 445 449 508 509 516 525 534 564 599 602 637 645 672 677 679 685 688 710 730 749 772 786 789 796 800 801 806 809 862 880 892 897 917 920 937 948 966 992 
 61 11 20 21 25 33 48 113 145 224 225 228 234 250 256 289 330 337 338 342 356 382 385 394 396 439 444 454 466 473 485 509 517 528 540 562 573 585 605 633 682 726 772 787 815 821 851 856 872 876 885 893 905 907 918 937 942 962 967 975 982 994 
 51 9 14 41 52 67 80 87 97 109 128 142 157 167 181 184 286 312 321 322 358 371 432 468 510 534 554 557 570 575 584 609 660 668 688 701 714 767 799 801 808 832 834 841 857 877 880 889 898 936 945 958 
 54 2 5 43 52 71 74 75 95 103 104 119 139 141 175 210 219 229 241 243 278 300 337 338 355 383 396 399 404 421 448 489 509 522 531 547 551 572 605 655 671 676 711 746 791 824 828 853 882 904 955 958 966 974 996 
 48 1 36 54 67 86 92 113 122 145 164 169 172 212 256 257 265 304 311 322 362 392 405 409 415 424 467 475 531 560 561 571 575 577 618 654 660 712 739 754 785 864 870 922 928 930 933 979 991 
 63 7 42 64 86 94 100 103 106 111 117 136 142 161 172 180 199 205 234 244 255 264 270 282 297 320 341 411 418 428 505 531 562 575 591 607 615 617 625 656 659 664 680 757 775 783 784 797 802 808 826 840 856 865 868 872 874 899 933 934 946 962 973 994 
 55 11 13 21 83 104 125 148 177 212 219 240 287 298 314 342 344 376 381 388 390 392 419 453 461 465 492 544 560 562 583 584 599 610 611 616 630 633 642 653 671 698 708 709 736 739 781 805 807 845 857 917 929 941 946 958 
 59 6 16 17 49 86 89 91 108 112 120 144 154 158 190 237 244 277 283 316 331 339 342 387 392 393 411 412 432 438 444 468 476 477 509 522 524 540 542 543 560 576 583 591 660 661 697 710 722 728 760 761 784 798 863 899 906 912 925 934 
 55 19 41 77 83 87 153 180 196 236 264 276 286 299 300 307 330 338 340 349 382 418 458 462 475 498 524 525 536 545 562 575 582 595 598 633 651 655 663 668 675 712 722 727 752 767 770 779 790 806 808 839 847 893 911 925 
 53 24 31 138 148 156 163 177 195 216 219 222 231 294 309 318 330 335 354 417 418 430 433 471 479 492 519 542 555 561 570 571 586 605 619 620 656 678 708 711 728 756 786 798 801 852 862 885 907 908 911 930 961 971 
 55 1 3 7 14 16 23 53 61 64 68 81 91 101 124 148 151 176 217 234 253 376 393 398 407 491 492 523 535 559 561 574 586 590 605 634 649 674 685 712 714 720 748 782 800 833 855 877 900 908 936 941 954 975 979 995 
 65 2 23 29 39 52 57 63 88 95 106 151 158 168 185 186 198 204 207 216 250 254 257 283 288 298 308 317 366 367 376 395 411 443 455 461 466 476 486 515 520 528 540 569 623 624 645 651 698 704 710 718 721 753 795 797 824 855 864 866 867 873 921 972 984 987 
 47 14 47 58 83 101 121 136 141 143 199 218 271 281 303 342 344 416 439 443 473 476 482 498 501 511 516 551 617 631 633 636 638 642 652 698 746 769 819 835 854 889 902 905 929 941 948 990 
 77 18 22 72 75 82 87 104 112 121 123 143 154 159 160 163 168 194 212 218 222 227 229 232 253 267 281 289 306 309 346 369 371 378 432 448 477 485 487 497 507 511 519 531 540 566 568 574 576 588 594 600 601 615 619 640 646 669 701 740 759 778 788 799 821 822 824 828 845 850 893 916 928 934 966 981 984 990 
 52 68 69 76 100 115 156 179 188 190 194 198 243 246 268 279 387 405 420 473 511 525 550 585 646 648 651 653 671 681 683 684 688 689 696 703 709 711 782 794 839 843 862 867 876 884 889 903 910 928 947 949 975 
 63 34 36 37 68 99 125 128 130 148 186 202 206 218 223 229 244 247 249 255 265 300 301 314 317 324 353 381 393 396 412 437 438 445 450 452 463 479 482 501 552 563 566 604 637 646 652 667 678 680 684 690 727 762 776 793 819 838 840 937 944 952 982 997 
 72 1 12 35 66 74 79 82 83 108 110 112 118 127 177 218 228 263 266 272 282 286 298 323 326 352 354 370 382 383 396 443 445 454 467 468 470 473 484 501 528 534 538 542 552 564 569 587 614 634 644 648 651 670 690 707 708 736 743 759 772 786 791 841 851 852 863 882 896 931 980 984 992 
 65 38 49 58 66 69 74 89 119 120 127 144 174 205 207 232 249 251 267 271 285 288 305 328 329 334 347 378 388 455 491 492 500 510 527 529 540 542 553 560 565 573 592 599 609 610 635 655 668 711 721 756 763 802 806 821 832 840 850 872 876 924 941 974 982 995 
 49 8 11 35 71 78 107 111 127 128 150 184 220 222 241 243 270 291 318 333 370 371 376 386 394 421 423 442 458 463 573 606 667 668 670 672 679 712 745 750 758 778 808 817 834 859 916 919 935 946 
 60 2 5 12 16 108 127 137 139 165 173 189 190 199 229 233 243 279 285 301 308 310 315 316 323 375 397 415 416 432 468 483 593 596 607 614 626 634 639 643 646 649 679 715 744 767 776 796 806 818 829 843 905 917 931 932 942 960 964 986 988 
 58 2 3 21 25 74 76 87 106 119 142 177 200 205 206 208 219 250 251 301 325 346 355 408 413 439 444 446 460 494 510 528 540 544 567 594 634 678 681 688 695 712 720 734 748 786 798 815 816 821 830 832 851 871 902 916 940 983 992 
 56 15 42 48 51 82 118 119 199 234 267 294 309 311 313 333 337 357 383 395 416 434 436 442 448 457 486 529 550 551 587 594 607 631 632 641 695 697 712 738 747 748 751 775 797 806 807 813 829 844 858 865 899 905 907 964 991 
 48 6 12 16 20 46 64 70 97 101 127 138 151 158 163 180 183 199 298 299 301 307 361 375 396 404 508 549 559 566 594 625 643 645 662 683 710 742 761 775 791 813 826 857 872 884 890 946 994 
 57 13 26 104 126 128 130 168 175 197 200 212 218 227 245 265 300 318 408 443 453 466 476 484 491 504 512 513 518 519 533 541 554 561 566 580 630 669 678 683 691 725 732 740 762 771 784 794 799 893 901 931 964 966 973 985 990 991 
 65 24 27 49 51 57 59 81 103 106 107 126 161 175 216 225 236 243 281 290 307 341 384 425 484 504 505 520 549 550 564 584 626 640 643 653 654 660 671 688 702 712 725 726 736 737 747 764 776 790 791 803 842 851 872 889 894 944 948 955 968 974 976 977 981 988 
 53 23 27 37 58 63 118 136 141 155 211 220 245 254 270 276 279 298 318 320 355 366 393 406 435 490 502 509 531 551 575 592 614 617 634 652 711 713 724 738 757 768 797 813 823 825 835 895 921 938 960 975 987 993 
 63 4 15 30 39 40 49 53 62 89 121 142 193 196 205 210 211 245 255 258 261 280 305 337 346 380 390 392 405 454 457 469 478 509 525 528 529 592 597 624 625 629 630 643 647 653 656 663 699 702 719 728 765 769 808 884 895 902 903 936 972 973 989 993 
 56 3 12 44 47 60 76 79 87 88 107 120 127 156 159 163 172 204 258 305 309 313 316 326 347 351 463 464 473 490 533 565 579 593 618 630 675 678 683 690 699 789 796 805 812 834 867 877 884 886 915 922 935 977 982 985 991 
 59 10 53 73 82 93 125 223 232 234 265 307 337 344 375 394 395 400 402 404 411 412 430 431 442 449 466 480 501 519 522 534 535 545 546 557 578 586 599 601 614 617 640 645 666 670 682 695 727 740 766 771 782 832 856 865 903 921 939 980 
 60 1 14 28 82 120 131 146 157 196 202 204 227 243 258 273 277 310 311 317 372 423 429 440 449 485 490 548 552 574 589 597 601 602 613 615 636 642 643 652 677 709 726 736 737 767 769 810 830 854 867 875 884 903 915 932 936 940 955 965 983 
 57 3 14 37 42 45 109 111 126 138 140 156 159 171 202 226 231 253 255 323 329 368 386 395 409 424 425 431 456 463 522 543 568 573 596 626 628 642 648 655 659 681 712 713 717 750 767 803 813 815 833 868 874 903 938 940 942 955 
 59 2 9 32 51 55 62 63 74 91 107 108 138 218 244 329 332 381 383 400 406 407 411 418 430 440 463 465 473 474 476 496 497 501 514 521 531 555 560 609 617 624 625 626 630 633 659 684 688 728 736 744 755 780 789 798 812 820 941 951 
 64 12 38 41 49 64 90 98 99 100 107 112 168 177 182 185 193 205 207 209 224 230 246 247 253 260 281 293 298 301 319 405 419 429 432 446 458 462 490 512 521 533 551 595 623 633 668 679 682 688 690 721 738 752 768 784 823 834 835 837 841 916 939 945 954 
 51 1 82 100 108 120 124 160 165 186 187 200 201 220 238 300 323 329 335 348 362 366 377 388 393 404 419 435 437 445 465 519 521 556 561 563 576 597 610 616 621 671 672 701 737 739 801 843 849 877 946 949 
 44 86 121 128 153 174 214 217 221 227 240 250 259 285 324 361 389 408 442 443 502 511 519 543 561 564 572 599 622 665 678 705 738 741 758 798 886 889 902 903 909 922 926 971 979 
 57 26 37 47 66 83 123 148 163 177 197 210 226 239 267 286 288 290 296 317 342 397 414 415 417 418 445 474 486 491 546 551 563 583 584 600 612 624 635 638 644 679 688 711 720 736 743 750 758 762 782 823 825 923 964 987 997 998 
 65 21 65 69 72 87 110 163 194 223 240 253 265 310 320 322 329 336 338 355 365 389 395 454 463 474 479 480 488 492 522 556 563 570 576 591 593 628 637 646 651 671 691 699 707 724 743 777 786 798 808 813 860 875 902 905 922 923 933 951 955 965 972 976 988 995 
 66 15 22 40 50 54 66 82 95 114 131 137 205 216 250 260 268 289 290 320 334 357 367 383 404 422 435 443 483 486 513 516 545 551 553 567 596 606 624 631 635 646 651 665 672 678 703 721 730 746 757 794 796 802 819 821 825 832 882 887 891 892 917 928 959 992 995 
 64 5 23 37 70 87 89 90 96 100 107 108 126 130 137 149 157 192 195 217 257 267 272 283 290 299 311 321 338 348 357 366 368 431 432 457 469 474 483 502 512 519 533 538 568 579 614 656 658 713 735 740 750 809 810 824 851 852 869 882 911 958 963 972 994 
 72 6 44 69 71 86 90 97 115 117 136 156 167 181 199 206 220 227 235 269 299 303 307 344 347 349 355 357 382 407 419 430 463 465 482 486 505 508 522 529 532 537 539 545 547 577 579 607 608 612 623 627 630 637 647 670 708 723 737 766 780 786 791 801 806 814 896 899 916 936 943 995 998 
 50 1 2 23 43 65 83 98 109 112 125 131 173 184 226 253 265 330 342 354 381 392 405 422 446 453 471 491 493 507 517 563 591 611 614 625 627 668 676 698 710 747 750 757 767 776 820 844 877 917 982 
 56 11 15 17 36 39 56 66 87 116 137 139 141 192 194 234 256 259 266 286 326 347 361 366 387 418 424 456 457 458 461 472 473 475 484 491 500 512 526 535 645 653 742 760 768 772 779 787 788 807 824 828 906 920 991 996 997 
 68 2 9 37 59 64 85 106 107 161 168 170 179 235 268 288 302 325 331 337 342 361 364 365 394 455 456 457 458 461 464 513 520 532 542 546 584 585 607 643 648 663 668 669 670 674 705 746 759 778 781 796 834 843 850 854 866 867 876 893 898 903 923 949 950 954 959 974 978 
 67 10 42 86 87 106 107 115 123 204 205 207 212 228 243 246 286 303 323 337 341 352 375 378 383 401 404 445 469 500 502 506 529 539 546 567 584 592 593 597 614 623 634 657 688 694 713 741 777 788 802 835 851 858 875 876 890 903 910 932 936 939 943 963 975 982 995 997 
 55 17 35 53 86 99 101 108 117 127 166 167 197 201 207 238 291 312 321 326 384 410 413 472 490 493 497 529 533 538 540 550 572 574 618 619 633 683 692 714 732 738 741 753 760 799 811 824 865 875 887 910 915 918 933 993 
 63 28 49 58 67 129 131 132 134 145 153 163 189 214 246 264 274 281 295 301 302 345 346 357 374 376 378 421 428 430 433 435 483 484 500 504 518 532 558 560 598 643 645 649 656 678 702 722 737 748 754 789 797 798 848 874 878 919 941 947 949 953 983 984 
 56 41 50 53 55 59 71 85 101 109 120 129 139 146 171 185 223 228 250 289 294 302 341 343 360 401 413 433 434 520 527 532 554 558 562 581 608 616 635 638 641 659 685 738 743 763 770 783 807 811 899 912 944 962 972 978 1000 
 58 47 64 112 151 164 170 188 192 206 215 217 222 224 238 245 252 267 303 357 383 385 392 403 409 443 464 502 522 540 553 569 574 579 595 613 626 627 637 658 675 689 722 735 748 751 761 781 796 812 825 832 843 900 907 936 968 988 998 
 56 14 23 26 36 37 56 67 126 149 156 172 191 195 196 211 221 236 246 264 271 283 337 349 350 368 420 423 450 493 497 511 519 543 548 563 604 607 666 673 703 717 748 761 792 809 818 835 857 862 889 890 895 905 913 943 954 
 61 14 16 23 27 37 62 70 83 87 93 118 148 160 161 168 197 212 215 226 232 294 313 317 318 330 347 356 381 386 389 408 467 484 491 512 513 519 532 533 561 562 586 628 638 644 661 663 668 675 680 711 737 745 805 815 842 846 906 927 955 964 
 70 27 64 77 79 83 105 116 136 160 173 185 196 214 218 242 243 251 256 291 302 304 346 351 356 365 396 403 413 443 445 464 467 470 509 520 528 554 572 579 591 630 660 673 714 723 743 746 760 764 766 768 777 786 798 808 823 826 828 841 855 873 877 878 879 909 925 938 943 963 965 
 66 4 11 67 92 96 97 111 118 143 147 162 165 173 181 187 204 254 264 276 287 288 289 297 365 382 385 393 395 396 403 423 424 434 456 463 465 477 510 539 547 560 565 580 618 651 657 697 698 743 749 777 783 792 801 829 842 857 872 875 911 914 918 937 952 977 995 
 50 2 4 15 41 54 56 78 90 126 132 147 151 164 173 190 289 299 319 331 335 355 416 419 438 484 541 547 586 593 600 625 663 677 688 745 764 777 790 812 818 820 832 834 875 879 916 944 962 980 998 
 71 7 13 14 16 23 73 83 86 91 95 99 138 145 151 159 160 167 176 188 194 195 202 205 209 220 221 239 240 245 246 269 276 277 278 297 333 365 369 406 423 475 491 524 572 578 585 590 593 610 662 665 718 727 748 763 783 797 798 799 818 859 887 896 913 916 930 938 942 951 964 997 
 59 6 7 23 38 54 84 102 107 130 145 195 216 234 236 241 244 247 255 263 311 338 341 343 359 405 407 413 443 445 447 483 512 546 560 609 620 632 666 678 709 725 727 751 753 757 786 808 818 845 855 860 878 908 941 956 963 981 984 987 
 71 8 38 53 85 86 97 98 122 124 133 138 145 157 158 178 185 195 201 239 242 249 260 299 326 332 350 399 448 460 469 484 488 491 504 506 517 530 558 560 593 614 624 628 635 642 663 677 698 707 711 727 751 766 770 771 814 832 862 873 893 897 907 917 918 925 952 959 964 971 979 991 
 50 5 15 33 54 94 106 118 140 197 238 269 289 296 301 308 318 333 394 459 472 482 484 494 495 499 501 504 512 551 573 584 602 613 618 621 623 627 657 660 674 683 722 756 758 778 805 815 885 909 977 
 60 35 36 37 57 84 92 109 111 119 125 155 159 162 200 208 215 253 267 277 302 347 353 356 372 374 382 393 478 506 521 522 547 564 568 592 627 628 634 640 645 676 678 689 699 701 717 770 771 778 801 821 859 875 888 895 939 960 984 985 989 
 57 21 40 51 56 84 90 93 96 118 121 125 137 162 188 189 191 206 282 297 309 317 320 327 349 354 381 387 430 444 451 463 473 562 563 571 577 591 606 621 629 643 665 672 697 709 712 718 724 754 778 854 904 921 923 969 975 992 
 59 3 17 25 73 85 88 115 124 129 158 199 206 210 216 218 219 222 236 239 243 276 297 299 314 356 362 377 431 433 448 502 520 524 532 541 544 568 591 595 597 633 643 652 704 707 721 728 743 757 789 794 824 844 866 870 918 955 979 992 
 64 5 11 39 64 84 97 99 117 137 151 152 186 194 218 226 255 284 289 301 318 329 338 362 371 378 392 432 465 469 470 486 514 516 524 528 563 576 583 584 592 597 615 637 642 654 697 703 713 749 806 815 816 818 855 857 858 862 884 891 895 927 937 965 983 
 64 2 11 37 45 48 67 96 100 114 117 118 130 141 152 167 199 207 221 222 249 268 269 275 307 341 367 388 395 405 414 431 455 458 477 480 509 525 548 560 568 602 630 686 691 704 706 722 738 747 767 779 804 810 833 842 852 863 867 918 933 962 965 972 975 
 57 27 31 36 44 54 129 175 177 181 199 226 248 253 265 298 318 329 333 338 358 369 405 429 435 455 486 496 523 567 592 637 638 670 671 675 729 736 738 765 769 793 807 818 832 842 844 863 876 887 895 906 916 920 941 952 989 993 
 53 36 60 64 100 104 109 126 161 205 206 213 231 270 276 299 365 414 418 451 457 467 493 541 556 563 567 593 597 613 614 615 618 636 645 650 658 664 703 747 759 764 870 876 879 893 895 899 904 938 941 946 949 995 
 69 1 2 17 39 41 44 63 71 74 75 91 117 146 148 164 173 187 207 219 254 266 317 337 343 358 380 395 407 435 463 474 479 486 487 489 519 520 523 542 543 549 569 609 610 623 624 632 642 654 656 669 705 712 735 754 755 798 802 810 836 841 846 852 863 879 894 911 961 996 
 64 79 80 99 148 162 192 198 215 227 237 243 244 268 278 280 286 291 298 314 330 332 347 452 459 464 468 469 490 491 530 546 550 564 570 577 599 625 629 635 643 680 684 697 700 702 706 725 727 728 748 761 763 777 826 834 886 887 894 910 925 936 971 972 991 
 62 3 10 13 66 83 84 107 109 150 151 201 222 228 256 261 280 288 319 335 355 366 367 376 392 395 398 401 437 456 464 468 474 481 482 501 564 606 633 642 645 649 660 667 671 672 681 711 731 745 759 794 801 807 830 836 862 887 893 908 935 956 970 
 67 9 23 24 26 53 74 96 100 102 111 117 161 162 163 199 216 245 246 266 278 336 347 352 360 370 381 397 398 405 406 422 443 542 544 561 574 581 588 590 614 622 648 674 682 697 725 736 745 766 785 787 833 836 853 867 873 885 889 914 930 937 966 973 981 992 994 999 
 61 19 21 30 39 92 94 101 102 128 148 187 196 197 205 220 235 249 294 338 343 359 375 377 437 455 474 495 532 537 545 552 561 563 603 616 627 634 644 671 682 688 734 748 762 766 767 771 819 826 850 853 866 888 889 895 904 907 958 973 978 987 
 47 12 47 52 84 208 221 229 248 258 268 269 278 316 324 339 384 396 421 443 455 461 463 476 552 569 610 635 656 664 665 681 690 701 737 738 766 771 795 825 850 851 862 875 949 959 963 991 
 65 3 38 56 63 65 85 104 110 117 118 129 163 182 202 205 223 241 246 261 268 287 289 299 306 308 309 315 350 404 416 421 425 433 458 474 483 522 554 646 663 664 677 728 747 754 771 781 812 835 840 843 859 881 887 890 894 901 902 906 909 917 931 953 960 992 
 57 11 16 44 57 59 73 78 82 85 87 118 140 161 181 197 199 201 207 237 252 263 293 299 341 343 352 376 377 381 443 444 447 457 482 486 489 498 503 510 520 544 574 605 620 625 678 777 786 796 822 868 883 893 914 937 957 958 
 56 52 68 119 126 131 145 149 155 158 188 195 196 235 257 263 286 297 320 330 331 337 340 346 355 394 436 474 482 515 519 530 602 603 607 608 655 656 659 700 702 718 727 731 733 740 746 757 760 797 815 836 864 869 949 955 961 
 57 2 6 22 58 63 70 73 74 76 156 167 206 262 276 285 306 375 387 419 434 452 471 508 536 539 578 596 599 601 616 625 649 652 657 665 669 671 672 679 692 723 749 766 768 791 793 797 798 808 825 877 885 892 897 941 961 988 
 52 1 9 21 52 95 109 116 128 204 220 223 255 319 343 358 400 438 445 474 489 495 522 531 541 555 559 624 637 660 693 696 698 744 757 773 780 805 812 826 827 850 852 865 878 900 902 906 946 950 960 977 987 
 54 3 70 143 185 206 217 220 237 240 253 265 332 333 348 365 380 384 387 390 392 404 405 415 447 473 486 493 600 601 607 608 620 651 668 698 709 711 716 720 721 747 750 752 787 809 876 904 939 956 967 982 983 986 993 
 64 12 34 70 75 92 128 137 145 150 157 158 217 245 253 289 306 308 349 365 375 377 404 431 472 491 494 539 553 572 600 605 613 622 625 626 629 638 644 649 681 693 723 732 741 753 762 780 790 801 804 806 815 822 859 867 884 909 919 925 933 964 976 982 991 
 61 3 21 37 50 74 79 80 84 91 97 126 146 159 186 191 197 211 216 222 226 236 238 246 253 262 305 319 323 329 332 399 409 417 422 439 486 494 540 558 579 585 590 592 594 605 606 659 660 661 671 673 753 776 868 894 905 952 964 969 992 996 
 69 17 23 26 40 58 64 69 77 129 133 141 144 148 150 152 165 186 201 216 244 253 285 311 365 367 377 408 416 427 436 453 463 491 492 494 522 528 536 543 548 565 585 591 594 605 625 669 677 694 696 712 713 730 737 805 824 849 850 852 911 918 919 927 930 946 956 987 996 998 
 57 13 54 55 57 61 95 96 106 139 140 156 157 183 186 216 252 258 287 288 315 319 341 347 360 376 378 382 384 403 424 434 439 476 478 479 497 552 555 559 592 597 608 621 652 655 671 748 752 753 758 763 776 807 902 914 957 982 
 57 22 30 36 41 47 49 51 53 57 67 89 98 107 112 155 168 215 255 265 266 313 319 356 365 392 422 434 460 469 472 479 503 506 508 529 563 574 575 581 582 637 700 711 728 759 767 796 810 823 890 892 904 925 940 945 978 989 
 68 6 12 49 66 80 85 127 131 154 183 213 234 243 247 250 273 279 290 295 311 334 343 350 375 399 402 419 423 430 452 454 465 527 534 536 560 564 568 591 607 609 626 630 640 641 652 655 660 663 670 692 696 697 706 721 732 737 741 769 782 824 850 863 874 881 911 927 997 
 52 26 27 31 33 69 81 90 107 122 129 149 153 210 246 253 263 271 286 324 349 366 397 398 454 469 472 476 483 529 530 533 538 559 624 657 683 707 724 727 739 764 768 786 787 832 865 885 897 932 972 982 983 
 52 28 53 55 93 173 192 226 236 254 264 293 304 309 348 351 382 383 398 412 414 443 444 505 520 552 566 593 601 609 614 618 624 625 673 687 711 729 740 746 780 818 820 822 872 884 925 936 945 946 970 973 992 
 45 4 47 53 82 105 131 139 140 146 164 194 209 254 378 392 430 444 456 462 473 477 492 494 501 515 518 533 553 558 587 591 624 625 636 677 698 719 729 834 842 864 868 916 931 987 
 59 35 39 40 42 43 53 57 66 78 88 102 133 145 158 159 169 175 187 191 194 219 221 234 252 261 269 271 288 290 325 328 329 346 348 366 367 369 416 453 464 537 570 597 638 670 680 697 722 778 783 803 805 865 867 883 888 950 955 958 
 56 3 12 53 82 83 149 155 157 172 178 209 216 234 245 247 265 270 282 289 300 301 316 339 356 373 418 462 483 485 513 559 562 568 579 581 614 652 653 690 705 724 741 744 789 792 806 837 840 851 884 891 906 914 919 926 997 
 57 1 55 75 143 159 188 203 218 243 245 249 260 268 281 286 292 293 298 316 325 331 341 396 399 403 406 432 468 477 482 489 496 502 534 553 556 566 578 636 652 659 670 709 772 773 775 777 833 870 879 884 885 891 907 973 974 996 
 67 17 24 39 57 74 118 123 130 146 148 149 151 165 192 194 231 237 260 265 280 282 285 286 305 311 316 319 320 324 340 364 367 386 394 397 426 454 486 501 522 530 558 577 601 618 634 645 678 679 702 705 721 738 746 773 792 801 842 872 873 875 888 913 924 928 963 964 
 66 4 11 27 32 68 102 110 142 145 162 196 218 242 262 263 293 330 353 356 366 375 389 407 438 442 452 478 485 492 501 511 532 570 581 590 614 620 629 652 653 662 689 701 710 719 721 729 730 737 742 770 790 799 800 831 851 871 885 887 903 923 925 939 944 949 986 
 74 1 5 7 33 36 54 84 104 128 149 159 165 172 186 199 206 209 258 261 266 272 323 349 358 360 389 397 418 421 433 440 448 481 486 496 532 551 554 576 591 597 619 654 661 696 700 714 722 735 741 750 753 757 764 766 783 786 825 841 850 875 876 881 897 907 922 946 947 950 954 979 988 995 999 
 70 18 22 26 28 55 84 95 96 106 110 119 120 127 138 181 187 259 285 309 310 321 324 366 373 404 423 433 478 483 493 503 538 540 541 551 557 575 585 615 619 627 628 635 642 652 653 667 700 704 709 718 732 756 761 787 799 800 818 829 837 851 855 875 892 894 942 950 956 972 994 
 75 16 22 25 37 48 55 60 76 83 91 107 111 127 132 136 156 158 159 168 192 195 202 218 235 249 274 275 305 313 331 332 340 360 382 391 393 404 424 446 447 464 481 503 528 539 576 596 653 684 696 698 713 729 748 782 783 801 805 816 825 834 843 853 854 887 903 918 926 927 930 939 949 953 957 972 
 42 52 84 145 146 148 209 214 218 222 231 267 303 310 321 395 415 420 436 448 514 530 539 567 572 578 594 605 607 638 651 667 683 698 738 758 795 804 819 898 942 950 961 
 52 1 12 27 65 68 89 98 111 120 176 220 235 240 248 263 266 288 336 350 351 362 401 408 415 423 430 432 457 487 510 514 556 565 595 623 630 645 666 672 690 721 737 741 840 855 864 874 896 929 964 994 999 
 61 12 42 57 62 88 107 126 145 157 161 173 179 201 227 230 246 253 264 285 293 297 317 319 400 417 419 443 444 464 502 536 553 555 556 582 584 619 632 698 723 728 737 749 763 789 803 805 817 826 827 840 843 859 874 878 893 937 941 982 986 987 
 56 4 14 23 53 64 66 101 105 114 157 158 177 195 205 257 264 266 324 401 410 424 434 439 455 465 468 473 477 485 511 513 523 542 543 561 574 585 632 639 643 652 660 666 728 752 757 762 788 806 840 851 866 902 909 942 986 
 61 17 31 38 39 99 140 149 169 187 227 230 234 243 250 252 274 285 321 322 341 375 389 411 419 423 449 459 461 462 474 487 514 522 523 525 528 583 635 672 688 691 700 710 726 736 787 789 792 817 842 845 855 861 886 908 909 926 937 940 947 965 
 51 3 25 52 53 54 57 74 118 121 157 173 188 214 217 241 309 321 367 409 479 482 501 508 510 516 519 542 552 557 567 591 623 636 657 673 699 715 720 731 781 788 800 805 829 850 886 903 921 956 980 995 
 52 7 13 28 114 118 153 169 243 267 295 297 309 388 406 412 419 446 459 460 462 463 479 499 507 529 543 559 563 568 588 590 602 612 616 620 662 669 726 742 746 767 768 791 795 839 845 874 875 911 920 973 991 
 61 12 17 122 155 210 217 218 231 233 257 264 276 277 278 290 309 318 319 321 361 368 413 435 443 445 449 456 471 496 500 504 510 515 517 521 552 576 582 596 599 615 643 688 696 710 714 723 729 753 768 776 777 802 840 851 854 893 919 937 946 956 
 53 15 37 52 58 106 108 119 122 136 140 161 175 234 241 330 406 407 420 421 458 466 472 535 541 545 557 562 574 586 588 600 605 616 624 645 646 651 711 715 722 776 783 802 809 841 859 863 872 914 938 955 959 992 
 63 1 63 64 65 93 118 187 198 203 217 256 265 297 307 310 322 333 359 366 390 398 399 415 417 421 436 451 472 484 485 494 519 524 538 539 578 580 582 606 619 668 674 678 702 739 757 780 822 834 847 872 877 893 904 910 927 934 950 955 956 957 987 994 
 56 4 7 21 46 63 79 88 89 118 122 135 143 161 232 289 292 323 330 332 337 377 381 397 402 406 427 447 486 511 520 544 584 608 659 698 699 735 739 757 761 763 764 797 800 810 822 834 838 842 850 907 923 927 959 963 985 
 69 25 31 48 53 75 76 78 85 96 114 117 146 155 185 189 206 220 237 239 245 247 249 254 267 297 339 343 357 372 387 412 436 445 450 499 513 528 530 574 614 650 653 658 668 677 690 696 705 727 745 751 779 796 815 817 872 876 916 934 942 943 946 948 954 955 958 970 973 994 
 58 2 14 85 122 137 138 143 154 158 172 183 197 207 232 244 264 266 317 324 333 338 343 349 367 378 383 391 392 395 412 415 418 434 443 464 483 540 541 555 593 616 638 645 661 679 736 755 782 792 797 805 840 851 895 905 917 944 975 
 70 1 18 38 46 47 48 77 127 134 136 157 159 194 212 215 221 242 244 263 265 274 286 294 356 384 386 388 393 437 455 461 487 506 512 519 525 540 544 558 565 580 591 631 644 647 660 667 669 703 704 718 747 760 767 807 809 847 853 879 883 884 887 894 921 946 947 956 985 988 993 
 50 11 15 17 29 43 93 98 147 168 211 215 219 292 298 300 305 322 329 355 364 369 432 454 455 459 488 489 505 525 526 607 614 639 693 742 746 776 793 797 816 834 839 846 848 854 896 927 965 986 993 
 58 38 61 84 88 102 107 110 117 128 130 180 189 191 215 243 254 258 298 330 335 338 365 385 391 438 442 443 447 473 492 501 509 512 534 585 606 637 666 677 690 699 712 733 745 787 790 820 827 878 879 898 910 928 947 966 968 972 985 
 54 4 22 46 65 75 83 87 117 135 139 167 170 196 234 240 257 261 263 305 311 312 364 389 415 447 475 512 513 530 552 561 603 606 616 646 650 654 669 695 717 738 764 810 824 859 863 873 880 888 928 931 956 965 989 
 41 15 27 30 69 117 136 246 256 259 265 276 345 358 365 373 398 440 462 471 481 495 500 512 521 576 582 590 659 660 690 718 747 766 772 778 817 877 932 938 949 978 
 57 16 22 30 61 68 75 87 116 144 145 174 192 200 243 245 247 256 257 268 277 290 314 341 361 374 412 419 423 480 482 485 493 496 504 528 545 548 565 602 614 622 631 644 654 665 669 745 758 791 799 806 809 820 844 907 919 954 
 65 4 51 67 81 85 103 109 113 118 128 145 154 174 195 213 232 255 263 268 279 282 308 332 347 356 361 375 397 418 445 471 495 505 512 541 561 562 587 596 624 638 678 680 710 716 745 749 750 775 781 788 799 805 809 824 829 848 853 874 876 911 920 938 951 972 
