 300 1000
 3 3 3 3 3 3 3 3 3 3 6 6 6 6 6 6 6 6 6 6 8 9 9 9 9 9 9 9 12 12 12 12 12 12 12 12 15 15 15 15 15 15 15 16 18 18 18 18 18 18 18 18 21 21 21 21 21 21 21 21 21 21 22 24 24 24 24 24 24 24 24 27 27 27 27 27 27 27 27 27 27 29 30 30 30 30 30 30 30 33 33 33 33 33 33 33 33 33 33 34 36 36 36 36 36 36 36 36 36 38 39 39 39 39 39 39 39 39 39 39 39 39 40 42 42 42 42 42 42 42 43 45 45 45 45 45 45 45 45 45 45 45 48 48 48 48 48 48 48 48 48 48 48 49 51 51 51 51 51 51 51 51 51 51 54 54 54 54 54 54 54 54 54 54 57 57 57 57 57 57 57 57 58 60 60 60 60 60 60 60 60 60 60 61 63 63 63 63 63 63 63 63 63 63 64 66 66 66 66 66 66 66 66 66 66 66 66 66 67 69 69 69 69 69 69 69 69 69 69 70 72 72 72 72 72 72 72 72 72 72 72 72 74 75 75 75 75 75 75 75 75 75 77 78 78 78 78 78 78 78 78 78 79 81 81 81 81 81 81 81 81 81 84 84 84 84 84 84 84 84 84 84 84 84 87 87 87 87 87 87 87 87 90 90 90 90 90 90 90 90 92 93 93 93 93 93 93 95 96 96 96 96 96 96 96 96 96 96 96 96 99 99 99 99 99 99 99 99 99 99 99 99 99 99 100 102 102 102 102 102 102 102 102 102 103 105 105 105 105 105 105 105 105 105 105 105 108 108 108 108 108 108 108 108 108 110 111 111 111 111 111 111 111 111 111 114 114 114 114 114 114 114 114 114 114 114 116 117 117 117 117 117 117 117 117 120 120 120 120 120 120 120 121 123 123 123 123 123 123 123 123 123 123 125 126 126 126 126 126 126 126 126 129 129 129 129 129 129 129 129 129 129 129 132 132 132 132 132 132 132 132 132 132 132 133 135 135 135 135 135 135 135 135 137 138 138 138 138 138 138 138 138 138 141 141 141 141 141 141 141 141 141 143 144 144 144 144 144 144 144 144 145 147 147 147 147 147 147 147 147 147 150 150 150 150 150 150 150 150 150 150 151 153 153 153 153 153 153 153 153 155 156 156 156 156 156 156 156 159 159 159 159 159 159 159 159 159 161 162 162 162 162 162 162 162 162 162 164 165 165 165 165 165 165 165 165 165 167 168 168 168 168 168 168 168 168 169 171 171 171 171 171 171 171 171 171 171 171 174 174 174 174 174 174 174 174 174 175 177 177 177 177 177 177 177 177 177 180 180 180 180 180 180 180 180 180 180 180 183 183 183 183 183 183 183 183 183 183 185 186 186 186 186 186 186 186 186 189 189 189 189 189 189 189 189 189 189 189 189 191 192 192 192 192 192 192 192 192 194 195 195 195 195 195 195 195 195 198 198 198 198 198 198 198 198 198 198 201 201 201 201 201 201 201 201 201 201 203 204 204 204 204 204 204 204 204 207 207 207 207 207 207 207 207 208 210 210 210 210 210 210 210 210 210 210 210 210 210 213 213 213 213 213 213 213 213 213 213 213 216 216 216 216 216 216 216 216 216 219 219 219 219 219 219 219 219 219 220 222 222 222 222 222 222 222 222 222 222 222 222 222 222 224 225 225 225 225 225 225 225 226 228 228 228 228 228 228 228 228 228 228 229 231 231 231 231 231 231 231 231 231 231 234 234 234 234 234 234 234 234 236 237 237 237 237 237 237 237 237 237 237 239 240 240 240 240 240 240 240 240 240 240 243 243 243 243 243 243 243 243 243 243 243 243 244 246 246 246 246 246 246 246 246 246 246 249 249 249 249 249 249 249 249 250 252 252 252 252 252 252 252 252 253 255 255 255 255 255 255 255 255 255 255 255 257 258 258 258 258 258 258 258 258 261 261 261 261 261 261 261 261 261 264 264 264 264 264 264 264 264 264 267 267 267 267 267 267 267 267 267 267 270 270 270 270 270 270 270 273 273 273 273 273 273 273 273 273 273 273 274 276 276 276 276 276 276 276 278 279 279 279 279 279 279 279 279 279 279 281 282 282 282 282 282 282 282 282 282 283 285 285 285 285 285 285 285 285 285 285 285 288 288 288 288 288 288 288 288 288 291 291 291 291 291 291 291 291 291 292 294 294 294 294 294 294 294 294 294 294 295 297 297 297 297 297 297 297 297 297 297 297 297 299 300 300 300 300 300 300 300 
 58 1 54 65 68 104 116 126 135 152 184 221 229 245 289 293 294 299 300 308 318 342 348 391 411 414 455 458 468 519 524 528 535 540 547 575 583 584 610 640 661 663 669 689 693 701 710 800 810 834 835 847 851 865 884 887 951 956 996 
 66 39 47 91 103 112 134 148 157 158 160 176 184 200 221 244 261 273 304 311 316 317 318 346 367 392 401 407 409 415 441 466 484 516 538 549 565 580 608 614 632 639 645 670 677 722 727 753 785 786 798 817 819 832 846 852 856 867 885 893 915 920 925 954 962 981 988 
 66 4 20 42 45 91 94 136 139 148 160 177 183 205 242 256 257 261 265 266 285 303 320 352 357 358 412 435 444 451 466 476 480 487 517 541 559 570 573 579 588 589 626 635 648 651 657 661 690 691 710 718 773 816 849 877 886 904 923 935 937 957 968 970 974 985 995 
 47 23 51 75 91 109 110 187 215 223 230 249 251 274 321 325 346 411 414 425 448 449 470 482 515 521 531 591 610 652 670 686 688 710 720 737 753 762 763 779 785 792 802 831 935 951 954 980 
 59 37 42 83 103 106 132 137 159 167 168 179 207 232 248 298 314 349 358 368 370 372 401 408 427 447 451 476 480 482 490 538 539 552 589 591 599 612 627 636 640 677 681 703 705 710 732 751 753 782 825 893 901 924 949 953 962 965 967 969 
 58 2 41 49 95 126 156 157 165 172 191 207 212 222 258 275 285 293 303 315 321 337 339 347 357 359 363 373 380 410 436 499 510 521 526 597 599 603 632 675 719 720 726 744 796 816 823 830 863 864 873 885 892 924 944 945 956 980 990 
 58 23 44 54 62 116 132 133 156 166 195 206 223 247 273 277 292 294 302 314 331 338 351 380 382 392 396 399 404 405 409 417 428 478 482 493 513 522 589 609 641 650 683 737 748 761 814 829 844 911 927 932 934 942 950 957 960 993 996 
 54 23 46 85 104 111 147 150 175 178 207 232 239 279 285 286 287 300 303 306 351 368 393 409 424 481 500 513 532 539 561 593 617 624 635 637 649 663 721 749 782 785 791 808 817 830 838 878 895 900 932 939 970 976 991 
 51 13 31 39 53 56 72 85 158 166 175 184 195 196 231 246 261 296 308 321 345 346 356 366 379 387 401 406 416 420 438 451 473 476 478 479 512 528 532 562 594 645 663 706 724 733 783 799 815 885 887 922 
 64 9 23 44 79 99 112 118 149 166 189 206 254 288 301 308 329 338 339 358 377 380 386 389 395 449 450 455 471 504 508 532 540 568 572 585 588 641 651 652 657 658 668 669 706 722 729 732 744 746 756 762 767 772 774 781 894 913 915 919 962 971 980 985 993 
 51 6 37 81 105 150 155 173 180 183 223 224 269 277 320 328 331 347 364 367 381 389 405 422 431 441 462 465 473 476 515 517 524 541 544 555 584 604 609 630 652 689 694 739 767 798 806 835 857 864 922 998 
 72 22 54 58 64 78 95 111 113 115 125 143 147 162 187 191 211 250 263 271 296 297 301 310 324 333 336 360 367 368 372 381 396 400 412 419 429 441 451 460 475 476 495 501 512 519 522 527 546 551 552 586 591 623 633 656 658 681 739 743 749 770 783 818 840 873 875 893 896 900 949 953 983 
 51 64 75 94 101 115 196 230 243 253 258 266 278 303 321 328 345 349 352 361 375 376 408 414 418 436 529 541 569 588 601 631 648 661 690 714 736 755 764 775 792 816 820 836 851 857 858 885 925 951 962 982 
 57 4 17 24 43 55 105 111 136 186 192 222 231 232 241 265 267 282 327 329 350 353 358 401 402 403 426 449 457 473 474 484 499 547 549 590 605 623 634 664 669 686 708 729 733 762 820 836 880 896 911 933 934 948 961 962 983 987 
 70 10 27 28 34 35 64 75 103 111 117 129 145 146 150 180 202 205 206 214 231 235 244 250 264 325 345 352 404 407 422 424 440 446 456 514 551 558 597 609 618 621 622 625 640 648 655 669 686 695 713 730 733 743 769 773 783 794 808 816 846 855 859 866 880 901 911 918 923 931 956 
 52 2 5 21 75 84 85 156 175 196 197 225 244 292 312 335 342 351 357 390 417 450 467 502 513 525 529 580 584 609 640 663 713 729 731 749 763 773 794 803 808 826 840 879 903 923 942 948 959 972 978 982 998 
 54 1 2 3 34 35 102 113 135 145 149 155 170 186 188 217 223 238 249 279 285 286 299 313 325 367 397 407 447 472 503 504 506 551 552 575 596 601 633 653 727 740 744 764 765 785 824 850 863 867 888 915 970 984 997 
 55 3 4 19 21 24 45 50 82 103 143 149 171 264 271 273 293 299 323 329 379 439 446 462 486 528 561 575 578 582 592 597 600 607 618 643 644 681 692 696 698 712 728 730 773 805 851 870 878 882 884 922 946 952 973 993 
 61 64 75 91 96 136 145 179 184 194 206 209 240 254 270 280 338 355 357 404 412 424 425 426 434 435 455 484 485 525 526 529 533 541 574 580 610 618 636 644 658 662 677 678 680 688 703 711 754 758 766 776 786 847 874 882 918 921 931 942 957 969 
 51 4 41 46 48 72 91 102 118 120 126 207 232 290 336 339 365 371 385 387 427 454 482 511 519 524 532 551 571 626 634 649 658 710 719 736 745 762 770 778 783 786 827 838 852 878 915 917 957 965 970 994 
 63 42 55 64 91 130 149 154 173 254 256 263 268 285 286 299 301 303 326 378 388 396 438 441 468 492 503 505 511 512 519 521 548 550 557 561 569 570 571 578 579 588 622 654 679 691 729 747 764 766 773 778 805 818 865 883 885 887 889 897 911 933 934 989 
 77 8 36 54 69 74 81 83 91 99 113 116 135 137 138 159 191 195 208 227 231 236 237 278 280 297 302 304 308 315 331 356 401 403 454 464 468 474 483 484 491 492 498 515 529 536 539 563 588 589 606 618 626 642 662 665 732 768 776 799 804 807 820 828 861 864 868 869 878 914 926 930 934 940 950 951 963 976 
 55 7 33 53 80 102 103 207 216 217 224 232 243 244 248 251 265 274 297 313 322 346 367 441 480 500 503 511 553 584 599 637 673 688 693 695 720 726 736 746 752 783 805 812 818 866 882 891 899 934 937 943 970 985 994 998 
 58 18 34 60 72 80 123 144 150 167 178 184 190 211 240 249 286 323 335 339 374 387 388 396 397 412 418 424 465 522 523 537 569 599 606 616 619 625 633 637 646 662 666 671 696 704 763 766 792 806 807 826 842 913 931 940 952 959 968 
 61 2 11 35 45 97 102 110 113 114 130 162 175 184 220 230 248 252 255 258 265 275 298 312 326 339 341 370 377 383 388 391 464 475 516 523 527 534 539 549 551 564 573 606 610 616 624 659 743 753 798 805 816 826 842 860 896 916 945 962 991 994 
 63 23 80 90 96 106 143 177 180 184 199 206 226 256 295 310 328 338 347 411 416 427 437 479 481 485 495 531 534 549 573 579 621 669 672 677 681 686 702 722 730 738 763 781 794 807 825 828 831 841 859 860 874 904 915 923 953 954 955 964 968 970 978 989 
 60 1 33 35 38 43 58 73 77 102 103 133 134 147 162 190 254 276 294 295 309 325 338 339 340 344 364 391 394 408 440 492 507 510 541 542 549 558 578 592 629 654 668 694 696 699 700 701 711 717 730 735 777 848 858 915 931 958 960 994 996 
 52 1 18 55 71 92 116 141 144 149 157 164 220 246 254 256 267 291 326 328 357 360 415 469 475 483 487 491 534 538 545 559 567 572 609 620 632 648 652 666 704 707 718 720 729 792 839 840 936 963 973 981 983 
 49 30 53 73 93 102 110 246 247 262 289 306 308 315 326 328 366 376 377 441 446 460 507 527 559 569 575 605 610 613 661 676 699 710 724 746 756 776 782 790 804 848 866 887 888 896 907 933 952 973 
 59 33 41 94 97 107 113 134 145 161 190 227 253 278 289 298 343 353 367 369 399 409 413 422 435 443 446 466 477 487 493 506 591 604 620 629 652 669 713 758 779 797 806 808 810 836 855 856 865 868 896 921 930 937 950 957 961 963 984 994 
 50 45 61 81 82 145 163 174 178 236 251 253 287 295 308 328 331 446 465 476 497 501 517 519 542 556 558 571 580 618 649 661 693 716 722 736 746 747 758 783 793 796 805 813 844 883 884 919 927 972 982 
 67 24 31 57 70 77 93 95 115 131 135 148 157 171 176 213 220 232 233 240 258 264 265 285 292 310 321 376 381 387 435 454 467 479 506 530 538 540 546 557 561 578 586 607 619 622 628 641 656 658 688 729 735 752 755 774 785 786 796 827 855 887 919 922 942 967 974 993 
 50 7 43 48 68 82 90 103 145 148 213 225 267 279 293 347 396 405 455 458 469 476 499 528 530 548 554 560 588 589 597 607 612 634 653 656 657 672 719 784 796 819 851 884 902 919 922 925 947 964 995 
 59 12 24 47 53 63 66 114 130 155 165 175 187 234 238 252 253 258 298 321 323 324 325 379 380 388 399 403 416 426 496 507 540 552 553 558 644 648 650 661 664 666 670 687 756 757 762 775 780 804 837 850 854 876 885 897 953 957 960 985 
 57 5 6 7 25 32 53 61 64 87 115 128 158 175 184 220 231 243 245 255 258 288 312 338 342 348 388 392 402 407 408 450 464 481 483 518 525 569 577 612 688 696 697 699 724 730 743 745 758 774 784 791 865 877 882 911 982 993 
 60 12 24 25 50 72 83 96 105 124 125 145 151 167 202 221 225 235 249 268 289 290 315 347 350 352 367 383 393 400 419 483 494 514 555 559 584 592 596 639 669 685 692 726 764 770 845 856 857 865 873 876 890 899 923 938 947 953 970 991 997 
 65 11 43 45 51 54 56 94 111 113 118 119 182 184 188 189 250 258 300 326 341 342 372 377 378 386 393 396 400 449 465 467 469 514 521 533 538 594 643 651 673 694 706 707 733 744 745 750 756 757 768 784 785 794 807 816 818 835 837 876 903 912 947 969 982 988 
 46 1 8 23 24 28 152 157 163 181 263 285 348 413 423 426 427 437 464 465 466 470 524 575 585 593 624 641 645 648 669 738 745 748 784 797 832 868 897 906 916 938 955 961 972 977 985 
 52 8 31 43 47 54 110 155 164 180 212 228 231 232 233 245 251 284 294 391 404 424 434 455 476 480 508 509 523 530 555 579 625 665 695 746 771 777 778 789 800 817 833 838 847 864 896 905 918 952 963 964 973 
 55 48 83 90 105 139 194 208 254 259 262 278 292 296 309 311 326 327 373 377 396 446 450 473 475 483 562 578 589 609 611 620 629 659 677 678 691 708 719 722 745 746 765 789 793 799 803 829 858 865 894 910 913 925 945 996 
 55 82 85 90 92 106 117 122 133 187 230 244 254 288 304 339 341 350 353 356 361 362 369 370 399 417 423 465 484 495 498 515 528 592 600 631 632 634 640 650 702 709 710 742 747 788 811 816 860 868 894 915 928 957 965 981 
 65 1 19 25 26 51 68 79 84 96 109 111 126 194 196 197 204 213 252 263 322 324 327 339 369 388 389 408 430 450 462 475 478 504 505 506 512 524 548 553 559 602 604 630 657 702 703 730 739 740 743 748 789 793 798 814 816 834 852 893 911 920 949 951 982 996 
 58 14 26 44 92 95 101 118 180 207 224 227 264 266 267 280 294 314 369 391 400 416 420 426 429 446 508 517 548 557 580 603 638 649 651 669 672 692 693 696 703 707 727 731 743 758 769 771 798 856 864 877 903 906 916 925 933 940 952 
 62 14 21 22 32 36 77 85 186 238 257 273 274 281 289 290 293 294 334 337 347 374 389 392 415 426 430 439 473 501 508 512 529 542 546 554 560 581 593 630 632 633 648 649 689 708 711 744 770 806 823 833 834 841 866 886 888 924 973 974 983 991 995 
 58 6 16 30 95 100 115 117 128 132 175 186 198 206 260 287 331 349 366 378 386 393 403 405 410 416 436 458 467 486 499 543 545 551 590 593 602 636 686 699 703 716 734 743 764 777 798 807 846 866 874 907 928 941 963 966 969 972 984 
 64 17 21 29 37 40 61 85 87 103 106 147 165 195 206 211 212 213 256 277 280 302 304 322 324 359 365 392 396 401 404 426 434 469 495 529 548 556 559 593 604 626 658 659 660 686 724 736 737 753 775 788 795 797 864 870 873 899 903 921 934 956 970 977 993 
 62 31 38 62 80 104 127 131 137 145 150 165 171 188 199 201 205 209 211 213 218 223 235 254 266 294 315 348 351 387 417 425 446 460 467 496 538 543 550 589 596 621 635 641 647 673 676 679 730 764 765 782 819 878 890 924 925 942 943 970 972 984 994 
 60 14 21 30 37 93 100 105 188 198 212 217 223 239 246 250 274 289 322 336 348 352 371 397 422 501 538 553 554 579 581 590 593 620 627 652 659 664 668 721 754 782 784 803 807 826 829 845 851 861 867 873 877 879 881 894 929 941 959 986 993 
 53 74 98 108 137 181 186 195 218 231 245 257 269 276 294 302 315 325 360 406 419 421 424 438 460 479 507 511 515 587 610 621 632 665 678 685 719 737 751 786 787 793 819 821 837 858 894 895 913 920 952 966 978 994 
 54 2 27 41 100 103 175 190 233 245 253 254 267 270 279 297 298 314 334 342 353 381 399 407 425 429 441 448 464 492 528 541 590 608 619 621 624 648 719 725 734 744 776 822 829 852 879 898 905 907 952 955 966 975 983 
 63 13 33 36 55 77 99 143 148 175 191 193 209 247 264 286 311 314 336 339 358 364 366 370 377 381 396 406 410 415 419 451 473 474 493 504 511 514 519 548 559 573 574 624 629 633 658 661 669 691 706 737 793 808 838 846 860 878 901 922 929 938 961 994 
 66 46 57 83 91 95 109 124 132 148 150 161 165 185 190 193 223 269 294 295 300 303 304 316 322 356 368 377 398 408 410 431 438 503 511 515 520 528 548 560 569 580 599 649 687 702 708 719 766 770 781 795 799 806 821 826 837 845 848 860 863 922 933 947 957 973 993 
 59 1 4 7 12 80 87 121 128 132 147 151 190 195 226 249 256 285 317 349 350 366 384 397 398 438 442 454 457 469 473 550 553 558 566 572 579 580 621 634 654 666 669 673 714 725 753 758 789 808 809 812 819 893 895 924 933 935 939 972 
 54 39 65 75 82 102 107 109 110 127 155 166 170 171 181 187 206 232 275 287 304 325 332 351 359 391 418 424 427 434 447 481 492 505 516 588 618 625 654 655 686 687 711 763 779 821 825 837 845 876 899 924 971 982 994 
 65 2 7 17 35 68 93 95 96 154 156 164 186 187 210 214 238 243 244 249 253 255 257 269 276 280 295 303 311 322 333 342 382 386 390 402 403 411 435 442 445 466 474 498 516 548 619 643 676 678 685 699 704 716 798 822 837 843 857 934 939 958 960 973 987 997 
 63 38 45 54 69 72 107 113 116 133 162 224 233 234 270 275 281 295 309 316 340 359 398 400 439 467 483 494 512 518 530 558 561 569 570 578 591 599 600 610 628 637 639 640 649 688 712 738 764 775 793 797 805 816 826 831 842 859 868 908 933 935 944 984 
 70 5 13 18 31 39 40 55 75 80 90 96 113 116 129 132 133 143 164 177 186 195 218 220 224 225 231 276 322 341 353 357 388 407 447 455 459 466 481 493 513 526 537 549 551 582 600 624 631 632 639 653 664 672 681 692 734 773 774 816 820 855 856 876 885 902 930 936 942 966 981 
 57 22 26 59 79 90 92 101 132 176 185 201 238 239 268 271 293 310 324 327 367 383 388 416 425 436 451 464 520 525 528 547 610 648 661 680 682 733 735 755 761 769 771 803 827 837 855 857 866 867 888 902 908 941 960 965 993 994 
 53 30 32 118 119 131 139 144 162 175 257 279 337 370 418 424 442 454 456 463 468 479 499 504 563 569 574 576 584 585 588 594 599 618 628 634 638 670 676 701 759 763 772 775 776 787 803 806 826 859 874 892 923 974 
 69 1 9 14 64 76 91 101 105 111 112 132 150 153 156 160 229 264 269 277 316 321 323 340 353 366 369 373 377 379 393 403 438 440 450 455 474 505 540 549 550 563 580 581 589 604 620 638 677 678 729 773 781 803 812 815 817 835 845 846 858 864 882 884 886 917 935 940 946 990 
 64 3 13 24 54 61 66 101 102 115 129 231 235 243 296 322 376 380 390 403 418 465 471 473 489 491 493 496 503 524 530 531 590 591 600 603 606 657 661 663 667 679 696 702 710 719 728 735 739 757 764 795 801 814 830 836 866 875 903 910 934 935 957 989 995 
 62 10 22 29 65 90 121 132 134 168 198 201 206 211 236 237 254 258 263 274 278 287 288 299 323 327 332 370 376 396 425 435 452 464 480 488 506 562 568 609 623 624 645 658 688 728 752 783 790 797 816 846 866 873 875 889 901 914 944 946 953 954 999 
 62 3 13 23 30 44 55 57 61 75 114 133 158 170 250 262 265 280 285 292 313 337 348 368 369 376 434 447 465 486 499 542 550 553 560 571 594 601 616 649 671 702 711 747 752 783 786 808 818 831 841 846 849 867 892 912 914 920 936 941 945 954 959 
 63 2 10 13 39 45 77 84 94 111 115 128 135 145 162 184 185 188 221 223 224 250 267 269 275 366 370 396 420 436 445 449 456 471 472 474 492 507 518 529 579 588 591 599 600 630 635 654 669 689 721 732 748 765 767 771 799 838 864 903 932 952 960 971 
 51 6 13 25 36 41 48 67 105 157 167 179 180 194 197 234 270 288 295 301 312 344 352 366 453 460 492 525 578 590 595 641 650 656 659 661 688 692 723 756 783 787 796 825 880 899 902 913 981 982 983 985 
 54 7 12 18 31 32 80 150 171 193 212 239 249 267 276 277 289 311 347 355 364 367 376 380 399 415 429 466 479 484 522 530 612 631 640 654 659 665 696 708 712 779 805 815 827 858 870 900 963 973 981 983 986 992 994 
 64 2 3 14 20 112 115 119 134 149 172 188 214 255 260 262 272 290 333 361 363 365 366 382 387 402 416 437 449 503 514 549 566 577 598 604 608 619 632 634 669 670 679 682 694 705 727 750 755 766 776 809 838 885 899 905 923 939 944 947 972 979 981 987 996 
 64 19 24 72 86 132 133 145 170 186 199 201 208 220 222 224 266 275 285 300 308 309 311 336 340 357 391 399 406 412 443 509 546 567 578 593 594 612 634 643 654 659 679 680 700 710 717 720 730 734 773 775 780 799 830 852 853 854 856 912 945 955 969 974 989 
 68 17 33 54 75 103 125 131 134 138 161 169 171 207 208 209 210 231 288 295 318 340 393 403 407 416 440 441 447 465 477 508 512 513 541 543 608 639 644 673 677 689 690 704 705 721 723 748 750 756 773 774 804 805 809 824 843 847 849 865 874 892 894 915 918 922 947 961 988 
 56 5 26 34 35 37 79 90 97 117 134 146 148 179 204 219 248 265 274 281 322 332 337 345 367 397 414 439 470 477 542 563 619 659 683 699 712 723 735 772 781 784 793 803 839 842 844 848 864 869 873 874 892 943 947 965 969 
 59 11 30 34 40 54 72 90 111 176 218 230 249 255 302 304 316 321 323 327 329 349 379 386 411 423 431 457 494 513 522 602 613 618 641 654 659 668 670 672 684 699 730 735 746 752 798 803 807 826 846 855 861 872 873 909 912 953 961 965 
 55 6 13 23 31 83 94 120 156 177 197 244 259 292 302 377 389 429 451 485 497 503 504 525 544 548 549 550 567 581 596 631 635 672 688 690 710 723 732 769 782 807 819 833 843 845 857 859 865 875 893 937 945 965 967 970 
 63 24 29 31 81 104 114 142 144 155 187 210 219 222 241 243 255 273 315 319 357 375 377 380 388 389 406 423 428 439 445 472 483 494 507 511 526 538 541 557 558 559 564 591 604 607 668 670 694 699 719 731 740 767 776 782 787 790 874 911 919 929 943 964 
 73 23 28 63 67 84 87 113 117 122 124 157 161 177 180 184 200 202 244 247 264 275 288 303 308 322 323 326 340 342 350 367 392 396 409 411 417 437 446 519 529 549 551 593 614 621 622 630 641 652 658 679 680 697 702 710 723 735 770 773 775 815 857 873 882 889 896 899 901 907 926 930 936 953 
 57 1 22 30 35 49 51 73 82 85 98 109 114 143 175 180 186 189 219 254 275 285 303 307 321 324 343 429 469 478 490 598 615 618 648 651 654 677 681 688 701 721 752 762 776 778 840 860 866 871 880 900 933 966 981 982 983 993 
 59 5 11 16 40 45 48 53 73 85 86 101 106 126 157 158 176 209 222 226 231 237 257 258 267 285 321 323 348 415 458 477 501 536 543 560 570 580 659 678 680 694 701 702 705 715 724 730 758 786 839 892 896 937 938 943 961 962 984 996 
 68 35 65 85 93 95 103 110 122 135 138 177 223 231 233 236 243 265 267 294 311 316 321 358 360 367 372 377 389 412 438 470 481 483 512 531 534 562 567 579 590 614 620 624 633 648 656 670 683 694 695 714 731 732 742 743 749 804 805 818 819 820 864 871 875 884 895 918 970 
 54 5 16 47 53 71 125 172 196 198 206 209 220 232 233 235 248 272 291 330 340 341 398 442 453 465 466 535 540 579 580 583 618 640 658 731 732 737 748 756 757 760 763 768 824 839 845 856 859 888 920 924 927 970 998 
 65 31 39 40 55 131 133 154 159 205 216 222 225 232 238 283 296 304 321 324 341 358 394 399 423 430 442 448 457 459 465 466 481 482 511 514 525 542 546 552 571 579 589 623 636 640 648 658 668 690 698 744 761 791 793 805 826 868 892 893 904 927 960 993 994 999 
 60 6 33 49 67 72 98 111 113 118 125 145 199 200 211 215 230 236 245 248 270 275 277 293 331 332 346 387 405 409 423 427 452 550 559 583 591 593 619 660 685 753 758 767 781 788 817 837 847 850 892 912 930 932 936 937 942 972 982 989 995 
 68 29 38 40 72 91 94 102 118 124 132 153 155 166 167 176 187 204 216 229 237 261 266 289 290 313 336 385 388 389 434 449 454 463 476 477 541 562 575 599 600 612 613 618 630 668 691 703 706 719 727 744 752 755 767 769 779 818 833 838 850 869 893 919 939 940 965 971 986 
 50 8 11 29 33 51 65 82 90 141 155 156 158 159 175 222 258 303 310 319 344 371 377 418 437 438 451 456 458 482 483 534 598 618 640 644 678 684 685 707 731 763 765 792 826 841 843 848 864 935 955 
 55 15 24 37 48 53 66 93 106 127 136 160 193 213 309 360 366 402 420 441 455 457 483 489 493 528 545 569 575 585 591 610 611 618 634 649 652 662 674 691 694 703 714 720 765 771 806 812 847 850 855 868 932 943 960 963 
 60 45 54 66 72 73 82 83 130 145 198 208 224 254 255 278 294 324 340 368 372 386 407 424 427 428 435 446 447 448 465 473 556 570 600 619 643 664 683 717 727 745 752 754 776 778 815 816 824 848 859 869 901 908 911 941 969 971 975 980 999 
 60 16 37 45 60 125 134 144 155 185 216 221 273 277 278 295 328 359 377 379 390 391 398 410 417 443 475 488 503 512 519 529 561 565 581 591 600 604 658 677 683 691 695 707 730 731 733 745 795 823 830 838 850 877 886 894 895 911 952 982 989 
 72 5 11 12 13 68 90 96 107 127 137 139 140 146 166 181 205 250 251 260 274 286 301 302 304 381 383 397 400 406 416 423 433 437 449 464 465 467 483 506 513 514 515 520 529 531 542 556 559 578 610 616 634 649 679 686 701 729 741 805 848 864 873 876 883 889 892 897 900 931 953 980 998 
 65 4 13 28 63 119 126 186 187 206 220 243 248 258 259 263 269 270 273 297 324 357 370 418 427 442 457 468 492 503 506 529 539 548 554 579 590 599 606 620 630 631 646 651 659 668 678 680 686 687 712 713 730 750 777 784 826 829 844 847 856 858 899 932 946 979 
 64 11 12 20 64 82 92 114 136 154 191 208 231 263 285 306 321 347 351 376 401 404 424 445 448 473 492 494 501 516 527 533 558 561 579 588 600 602 615 625 649 655 679 687 720 747 764 780 794 803 804 806 825 829 831 840 856 874 908 919 922 941 972 977 991 
 61 20 23 46 77 79 90 112 115 125 131 132 143 144 159 168 170 173 181 213 230 261 358 377 380 384 387 390 397 421 425 434 435 478 482 494 519 524 563 591 593 599 618 637 662 678 688 729 759 792 805 816 834 870 884 890 895 901 916 919 981 994 
 61 1 11 41 58 76 82 100 109 114 120 133 181 200 212 220 222 223 229 233 255 256 261 263 264 289 363 368 371 398 400 425 445 461 468 475 579 605 611 627 654 672 677 678 707 723 734 751 757 775 780 820 839 845 854 866 887 918 934 968 971 994 
 60 4 45 48 64 78 91 101 132 150 178 179 185 219 223 237 239 244 270 275 282 287 289 319 324 329 335 360 388 411 432 433 447 448 461 485 511 519 536 543 549 569 610 614 618 632 640 644 650 663 691 692 712 757 797 804 825 826 890 925 944 
 56 3 5 8 54 61 72 85 114 123 128 129 158 189 190 193 208 251 259 278 309 339 346 376 387 411 432 447 512 519 529 535 552 588 607 614 622 653 655 693 716 754 785 788 803 829 859 869 883 888 931 935 946 950 962 963 984 
 52 5 31 32 97 107 114 156 200 258 275 308 345 346 371 373 379 400 410 413 414 421 436 449 452 477 531 555 564 578 579 619 636 648 660 664 669 670 710 736 751 775 780 807 828 871 877 882 892 931 954 970 1000 
 48 29 44 48 62 64 73 79 99 134 159 167 200 273 284 325 343 371 397 399 448 483 500 515 530 548 550 579 589 620 641 642 652 659 710 752 797 803 805 819 822 840 845 846 941 944 970 979 981 
 53 2 15 37 48 51 55 66 114 147 155 197 214 227 242 243 265 297 304 308 321 360 362 387 394 397 399 425 438 469 476 502 534 551 572 583 584 595 613 618 631 637 674 717 757 766 776 810 813 826 849 890 895 939 
 67 4 25 51 59 75 88 98 129 162 180 185 192 193 195 196 220 224 228 251 254 264 299 301 323 366 398 408 413 427 428 457 493 495 503 506 512 531 560 563 564 569 641 650 686 687 699 732 770 771 773 776 802 806 813 821 826 829 856 873 877 882 883 898 899 903 919 984 
 62 13 83 91 92 103 106 107 109 124 126 155 160 178 187 208 209 213 253 285 311 347 364 378 380 432 464 472 521 543 549 564 570 586 595 613 617 622 624 636 679 685 700 701 721 732 734 740 745 749 775 794 817 818 855 868 883 890 898 909 920 946 990 
 56 18 25 34 61 63 64 93 127 160 184 196 199 205 231 235 245 248 285 313 376 448 467 471 473 498 569 571 580 592 639 648 650 653 669 674 679 699 710 778 808 815 826 828 834 837 841 847 852 888 892 904 940 941 953 986 999 
 67 14 23 29 30 34 37 38 41 45 47 89 121 124 135 161 185 191 199 200 244 264 268 299 302 316 325 368 387 426 428 430 432 434 458 470 474 478 502 529 533 551 588 589 608 611 618 623 626 658 660 683 700 709 730 739 783 807 816 841 876 889 910 920 923 951 971 988 
 59 15 24 63 152 164 175 186 216 244 271 279 288 290 325 369 389 410 415 452 455 468 483 484 487 539 557 568 569 574 583 589 600 608 609 638 641 645 658 678 684 714 719 733 742 744 755 778 820 823 830 887 892 900 916 928 934 946 970 998 
 55 3 17 23 25 34 53 65 110 134 147 235 266 290 294 324 360 364 381 387 408 416 418 429 431 445 458 462 476 478 483 488 490 516 572 594 602 621 678 704 756 758 764 786 835 841 850 858 869 882 904 912 943 964 979 993 
 60 22 70 74 98 110 132 138 151 164 172 194 206 227 238 257 286 340 364 377 378 384 418 448 456 459 464 473 481 494 525 549 560 581 613 621 637 639 650 662 677 686 720 733 751 752 755 761 763 773 792 794 844 848 854 895 916 930 931 981 982 
 64 16 18 21 54 67 70 73 84 88 90 102 121 134 163 165 176 184 215 237 264 268 273 282 323 332 337 338 347 349 402 405 415 416 430 445 446 485 487 507 518 532 548 606 635 655 693 694 704 706 711 713 744 747 751 752 767 781 827 830 847 946 974 990 997 
 48 12 24 30 56 62 73 90 114 132 139 146 163 168 185 210 233 243 270 297 304 323 333 346 405 450 462 486 555 584 590 606 634 648 656 658 663 702 730 740 747 806 812 831 836 839 921 940 995 
 62 1 12 17 29 49 86 89 98 107 116 124 126 165 166 210 212 221 234 276 296 306 307 308 324 325 362 366 369 406 408 432 434 485 519 526 543 582 588 594 646 653 663 688 698 700 722 744 745 752 753 760 779 781 815 822 827 828 832 864 903 983 992 
 55 3 36 48 51 61 78 123 132 161 177 215 224 226 232 235 258 287 295 333 368 376 390 407 411 419 454 478 485 497 529 555 576 610 662 666 675 686 704 722 752 759 787 831 846 856 868 877 884 909 917 940 941 945 953 999 
 59 9 29 56 92 93 118 144 145 159 165 178 198 205 231 242 254 256 273 316 329 355 361 404 424 429 451 466 484 494 495 501 519 586 623 632 644 646 653 702 736 747 757 758 762 764 804 806 828 852 875 888 893 896 899 920 922 951 984 998 
 54 12 14 18 20 23 38 40 78 117 124 136 142 214 225 256 289 331 347 366 368 400 422 424 486 489 493 496 498 499 510 512 514 540 550 598 600 636 670 723 741 777 796 805 827 828 846 864 885 910 923 934 972 980 989 
 52 64 133 191 297 301 321 330 335 337 347 364 371 385 391 407 437 485 539 548 561 588 602 616 634 643 656 661 701 705 724 740 745 746 774 776 792 795 807 808 838 847 853 866 872 912 919 942 960 962 967 973 982 
 61 23 59 69 110 111 153 168 169 175 178 183 190 265 298 309 313 327 349 374 384 408 446 480 505 509 521 530 547 554 564 571 573 608 613 661 662 669 677 684 695 699 700 704 722 739 755 777 793 797 804 810 829 864 874 892 907 942 958 959 962 998 
 69 22 50 74 91 96 101 103 117 147 158 196 236 238 243 257 293 294 306 348 353 358 370 387 389 430 444 465 483 498 505 595 596 613 618 623 624 630 641 671 692 713 745 747 750 773 787 794 806 811 815 826 857 865 866 883 886 891 894 900 901 905 911 918 927 931 936 944 965 975 
 59 38 40 60 74 104 127 145 152 167 213 226 250 267 275 302 342 345 358 381 396 417 433 434 435 440 457 483 490 505 533 536 548 557 589 592 599 602 618 649 651 695 700 735 747 753 774 795 817 820 842 864 872 892 916 920 941 946 992 994 
 67 5 12 14 30 32 36 44 46 57 61 65 79 86 90 112 114 123 158 185 187 209 221 240 243 247 265 276 296 297 302 305 323 324 343 384 389 410 425 435 489 536 562 577 594 649 668 672 675 677 698 699 701 703 737 782 793 795 799 807 820 826 828 871 903 934 954 981 
 66 22 59 64 72 85 95 113 121 147 162 169 187 223 228 244 245 248 251 255 291 305 324 325 345 377 381 392 393 421 432 434 435 458 511 522 530 553 561 609 614 620 633 645 664 666 671 677 706 722 729 734 765 784 797 808 835 864 906 913 918 931 943 966 972 973 985 
 69 3 22 32 46 56 65 87 93 118 127 132 143 158 176 182 185 186 212 236 275 283 293 296 298 303 305 326 346 348 380 412 419 428 436 448 449 455 458 474 488 502 539 542 554 558 567 639 641 647 662 693 743 754 786 805 817 828 861 876 889 893 910 932 937 940 948 970 984 993 
 58 31 42 54 89 96 142 143 145 185 205 234 251 265 268 273 275 309 310 322 336 379 393 410 423 431 455 464 467 484 529 545 561 613 623 647 650 652 656 711 735 738 747 763 770 850 854 859 863 896 912 920 923 926 936 940 943 964 980 
 59 17 23 26 60 64 72 84 159 188 208 215 233 267 288 316 331 332 337 344 396 423 427 428 457 462 486 489 540 547 559 593 631 662 668 670 678 686 694 719 723 752 769 779 788 789 792 838 877 889 902 903 930 941 946 952 954 971 976 993 
 55 11 13 21 39 40 42 76 85 105 118 125 127 132 144 168 196 235 244 252 257 273 304 317 338 345 351 392 410 457 465 466 473 503 531 533 569 579 602 611 630 712 715 721 752 775 779 832 858 863 869 875 926 933 985 996 
 63 18 40 56 74 77 87 136 138 147 186 206 213 221 270 289 291 296 298 310 313 315 330 343 348 351 377 381 382 396 410 420 426 429 436 471 472 508 538 551 570 633 681 685 701 719 729 734 739 746 763 765 778 806 809 845 855 866 871 882 902 905 925 931 
 52 20 46 52 83 101 103 111 115 116 135 159 165 177 195 197 240 249 255 277 278 279 308 330 428 445 467 492 500 505 512 545 628 631 636 650 654 686 711 724 767 775 785 811 818 832 850 868 874 899 970 983 984 
 51 7 9 43 44 99 113 114 188 195 201 206 208 209 216 232 257 293 373 392 393 397 421 427 435 436 477 478 520 540 542 545 550 558 585 602 618 670 689 733 759 773 817 882 885 886 904 922 951 960 974 985 
 53 7 47 50 64 69 73 103 135 143 150 160 201 220 260 271 275 278 350 371 378 384 385 394 401 405 417 466 538 543 549 565 612 641 658 690 705 710 719 769 770 784 796 845 846 859 865 870 885 919 949 959 960 962 
 58 1 2 20 27 100 125 170 173 212 217 223 270 312 314 324 355 373 390 408 415 441 463 466 520 536 559 570 609 625 634 636 643 651 659 677 726 746 756 775 784 788 812 814 821 828 829 835 858 866 893 899 914 943 947 961 987 994 999 
 57 16 27 55 86 88 92 108 126 131 175 186 208 210 212 214 234 235 255 257 323 328 400 410 423 434 436 440 467 484 499 512 531 539 554 561 563 592 601 603 641 660 684 716 732 768 800 821 822 837 845 865 867 914 918 931 971 999 
 50 2 3 15 76 106 131 177 183 190 194 197 230 231 234 259 274 369 378 379 406 430 437 438 474 476 514 522 530 550 580 592 595 604 682 686 748 765 788 810 844 847 873 874 875 893 895 905 972 988 997 
 66 25 41 42 57 66 70 71 72 92 93 113 124 177 190 197 208 223 225 259 283 295 299 319 321 322 324 333 339 349 373 391 408 414 423 425 434 467 482 483 531 544 556 573 583 612 679 680 682 697 701 706 712 720 764 788 814 839 887 904 945 961 971 974 988 990 993 
 40 12 46 49 91 117 126 245 249 254 266 313 324 354 358 379 435 436 446 457 509 511 514 553 592 630 646 686 688 692 709 768 821 839 851 867 929 944 961 963 984 
 57 3 12 24 31 39 53 73 94 97 113 125 150 159 162 178 179 188 198 207 233 248 293 302 321 325 329 347 368 375 391 421 428 456 473 493 495 498 558 586 600 631 652 689 694 707 726 729 736 754 782 802 836 844 886 933 940 989 
 64 2 11 12 37 45 47 54 65 67 84 107 137 141 144 188 198 207 213 217 220 226 246 261 269 271 291 294 304 316 322 370 379 426 451 454 461 482 486 510 519 534 538 553 606 627 636 691 731 751 773 781 792 798 804 809 816 835 843 878 894 945 950 970 996 
 52 4 22 29 55 132 136 143 184 191 196 197 225 232 239 242 250 258 348 359 390 408 413 417 509 511 515 558 592 618 648 650 657 661 694 703 712 716 722 731 752 756 794 803 836 844 869 894 920 927 953 971 986 
 53 6 50 54 67 73 86 127 186 189 222 232 244 255 283 291 335 336 357 379 380 388 406 416 420 424 434 504 534 543 558 559 567 583 601 621 622 677 682 729 762 764 766 768 803 845 848 860 889 898 907 963 967 971 
 66 7 34 65 84 86 94 97 101 114 124 138 141 183 185 189 199 221 222 235 236 248 254 263 293 325 330 361 366 379 385 390 398 423 443 456 479 483 503 516 522 589 617 631 633 635 636 638 641 659 661 686 715 743 761 778 806 831 838 864 877 897 941 952 960 993 997 
 53 3 5 29 31 53 56 108 134 146 147 156 185 187 257 259 299 324 349 351 357 446 513 518 521 535 593 605 632 640 648 673 678 679 682 706 721 738 754 759 760 782 797 828 842 865 883 910 913 930 933 941 959 961 
 65 18 22 44 115 117 124 128 172 175 176 178 184 189 197 208 233 247 254 259 263 285 296 318 328 336 355 388 404 440 444 455 456 476 487 493 494 501 504 516 541 560 580 607 613 616 625 632 633 642 652 678 679 730 748 807 841 844 849 918 934 942 960 970 982 983 
 55 2 4 53 121 125 160 163 183 197 200 280 331 333 342 354 359 360 361 423 460 466 467 511 524 530 535 548 566 576 610 616 625 636 651 655 660 671 681 712 730 731 733 752 759 803 804 820 834 862 867 932 963 984 988 997 
 67 12 29 47 54 82 104 119 133 159 175 184 198 202 205 213 234 254 286 298 316 321 325 336 342 358 368 371 393 396 411 412 419 445 528 539 562 571 575 579 588 591 609 618 619 631 651 655 666 718 720 753 763 767 777 781 784 800 808 809 815 827 855 895 904 933 984 993 
 61 3 37 44 53 60 76 122 143 144 157 165 171 184 195 207 225 254 285 310 313 315 328 339 359 378 389 407 419 430 437 457 513 536 556 579 581 591 609 631 649 660 663 664 672 677 736 775 778 785 793 855 857 884 894 900 916 929 942 950 970 991 
 55 23 26 45 59 68 111 112 117 125 140 144 162 179 208 211 221 274 290 293 294 303 328 352 353 357 367 393 394 423 429 438 449 539 542 580 594 601 620 639 680 700 726 738 749 767 804 815 817 832 835 876 956 981 995 997 
 60 2 3 8 24 40 53 57 60 85 92 94 97 157 176 225 236 243 257 274 281 308 340 341 367 369 388 390 393 401 436 468 506 514 570 576 607 611 622 643 648 674 677 707 715 734 774 784 795 802 810 861 864 920 933 944 945 951 953 983 987 
 58 21 30 56 69 73 74 132 143 152 160 178 183 211 221 253 305 327 330 354 369 371 398 406 434 446 467 474 475 484 488 492 533 544 558 569 602 620 651 662 668 677 689 693 732 745 752 811 828 857 865 873 876 882 893 907 920 955 988 
 57 3 27 29 45 53 66 110 120 163 166 208 211 220 259 266 269 275 303 329 336 346 347 358 409 415 416 437 438 439 453 466 497 506 576 581 590 596 623 628 636 650 671 673 689 699 712 744 753 781 803 810 819 849 856 921 961 972 
 65 13 14 29 30 41 45 70 88 106 124 159 160 200 232 238 239 243 246 301 302 309 314 329 349 357 364 366 380 409 418 428 432 436 445 464 466 487 504 519 538 592 596 609 623 659 667 672 687 713 715 735 737 738 743 783 795 827 833 855 866 910 919 942 973 981 
 65 6 15 31 50 53 82 83 87 99 108 112 118 133 152 154 168 178 192 233 247 255 256 279 288 305 312 317 323 343 359 381 389 395 398 400 408 417 418 431 465 467 475 534 539 552 553 578 582 583 596 598 613 630 642 664 735 765 783 786 896 900 911 929 956 975 
 57 15 17 23 29 87 119 123 124 136 145 156 160 164 180 184 195 204 212 259 280 281 286 309 314 330 332 337 388 414 442 492 496 558 563 587 592 595 619 662 677 704 725 736 754 767 798 817 879 881 897 906 928 930 943 952 960 977 
 47 31 33 58 79 91 100 106 118 157 162 163 178 218 231 244 247 255 328 336 372 402 425 435 437 450 452 468 509 535 550 582 589 634 666 692 703 704 713 753 760 764 846 858 867 903 921 951 
 71 15 21 24 32 34 64 70 90 92 104 120 130 133 156 165 179 181 182 196 208 219 227 231 245 265 270 287 291 301 323 330 350 357 358 362 376 382 400 401 429 442 446 495 512 533 582 587 633 639 653 672 702 707 712 721 735 763 788 794 808 843 861 865 879 892 899 911 924 948 955 994 
 49 11 14 17 101 120 176 208 259 264 274 288 317 347 349 378 403 404 437 448 476 483 503 533 535 548 549 564 590 596 626 630 655 658 672 686 690 782 804 844 846 855 867 875 889 894 910 916 961 968 
 69 5 19 29 68 85 96 117 127 131 143 165 169 176 193 222 235 243 248 257 258 313 319 321 334 366 374 376 408 441 532 552 579 580 588 596 629 631 638 670 699 711 727 733 751 762 767 775 800 810 816 818 821 826 847 864 866 870 875 882 886 895 906 912 939 946 957 958 961 979 
 64 2 11 21 59 64 66 68 83 117 124 139 144 151 169 201 202 226 227 253 290 293 295 317 330 362 375 383 385 389 413 444 465 473 486 510 516 542 556 576 605 691 706 715 730 731 738 757 767 773 780 785 793 803 816 820 826 827 845 857 895 933 937 954 983 
 56 29 78 95 131 145 189 200 206 241 253 266 274 289 292 333 341 350 362 367 411 421 450 457 510 518 530 534 541 584 611 630 631 633 644 647 669 670 677 680 736 753 762 765 830 834 846 850 855 860 902 919 940 971 975 984 988 
 61 14 19 55 71 82 87 97 112 115 175 226 246 247 248 252 259 264 267 282 326 356 426 434 440 446 462 467 469 470 477 485 535 549 552 564 575 586 642 643 650 666 668 678 695 706 711 748 771 785 787 793 808 848 858 884 887 929 938 961 975 976 
 65 16 20 66 73 91 116 140 156 180 183 195 222 249 252 267 277 304 305 324 332 339 351 360 389 397 424 447 460 493 496 504 520 528 560 595 605 621 623 640 688 699 704 729 733 736 744 753 755 763 766 783 805 829 836 838 865 873 882 883 911 915 930 943 960 996 
 65 25 39 41 42 57 72 82 83 136 163 167 186 196 208 220 230 252 276 285 286 327 373 378 398 400 415 444 448 455 484 492 549 552 554 569 573 581 583 593 623 641 664 674 702 715 725 741 771 777 781 785 789 800 817 822 824 832 852 862 924 930 977 978 984 1000 
 61 5 30 34 64 83 86 98 104 156 206 211 233 246 268 278 285 288 321 346 380 396 415 449 459 503 514 528 561 563 565 572 583 603 610 621 682 686 697 729 740 768 779 791 801 808 833 840 843 845 847 851 873 883 897 904 918 951 960 964 995 997 
 59 38 45 54 74 94 101 146 149 210 211 222 230 272 296 298 323 368 378 383 389 423 427 456 464 470 477 482 492 530 531 534 543 545 594 599 628 636 658 662 663 678 684 685 705 729 744 773 786 803 844 856 871 888 891 910 918 940 953 981 
 60 65 67 86 88 111 116 128 134 135 144 147 169 178 185 195 199 213 237 239 273 345 363 379 380 399 423 428 455 462 475 492 513 582 615 619 620 627 664 677 690 691 700 706 708 710 712 726 745 749 751 765 804 855 868 886 901 920 927 938 945 
 75 26 28 48 49 54 61 90 97 100 104 108 111 112 130 135 155 156 166 174 189 190 200 226 231 247 280 287 295 326 335 376 380 384 404 405 415 424 426 428 444 473 514 515 520 529 588 589 595 599 611 621 628 668 680 687 715 731 745 764 766 767 796 809 811 818 866 868 886 893 924 944 958 972 973 976 
 57 4 5 19 43 57 73 77 78 111 128 129 132 162 170 192 231 244 263 284 298 303 309 321 322 337 340 355 366 367 389 390 416 425 460 474 476 489 500 520 559 573 589 600 610 648 687 705 733 737 749 792 851 862 940 973 977 986 
 60 1 45 81 123 128 174 175 236 246 259 263 311 312 344 407 425 427 477 488 505 513 522 541 549 555 572 591 594 604 612 631 648 649 658 661 677 685 691 699 711 729 732 737 741 743 747 752 763 768 809 815 839 856 904 909 917 929 940 953 988 
 56 26 30 37 58 104 143 155 165 183 189 192 271 273 310 328 366 388 412 415 419 423 427 459 483 495 500 510 516 536 546 570 574 612 621 642 643 650 651 664 693 739 752 778 782 792 795 805 836 846 886 921 925 928 944 955 962 
 64 8 11 84 95 125 167 190 211 221 246 302 309 335 338 339 360 384 387 421 436 443 464 466 467 493 514 521 548 557 573 588 619 631 639 642 643 650 658 694 705 710 716 725 753 760 784 785 786 797 806 819 827 835 843 846 873 890 912 923 945 960 963 972 987 
 64 1 47 82 86 116 131 153 162 168 171 175 176 182 194 225 239 253 306 369 376 422 439 446 447 450 530 534 538 558 559 560 566 611 615 622 639 651 652 658 665 669 687 688 701 702 710 728 745 761 766 773 781 793 805 829 834 849 855 856 895 919 955 979 992 
 60 7 29 31 42 45 46 76 82 85 100 105 106 108 215 235 257 265 281 286 289 297 311 316 328 329 330 341 382 416 492 502 560 575 589 590 602 610 622 626 628 636 680 690 699 720 730 734 756 780 785 787 809 829 865 875 876 898 930 951 971 
 51 24 56 68 74 89 97 100 114 135 142 154 160 209 233 287 318 337 351 352 365 383 385 404 459 469 482 514 548 552 580 585 593 601 603 637 654 678 686 688 740 752 762 766 768 794 845 864 951 985 994 1000 
 50 22 44 69 82 84 90 101 112 117 146 177 221 226 234 245 246 249 266 272 289 349 362 365 388 458 493 498 503 513 523 566 573 579 582 586 600 616 640 648 651 653 775 782 816 836 888 915 932 948 983 
 53 39 48 63 84 93 100 149 155 169 175 176 184 210 213 238 244 311 347 368 398 419 426 439 475 482 511 513 576 603 625 644 653 655 679 687 714 729 744 750 755 763 809 834 864 867 869 891 892 902 911 980 982 987 
 63 1 4 8 50 56 62 78 132 138 143 158 172 185 198 206 230 256 302 311 321 334 336 337 343 346 347 350 357 384 441 449 467 492 504 514 521 528 529 530 581 586 597 600 609 614 618 645 648 658 671 682 686 699 731 740 777 827 885 895 896 943 952 975 
 74 7 12 16 21 45 76 90 92 106 110 189 214 219 233 249 260 287 294 298 307 322 336 354 369 379 404 433 452 454 456 464 473 505 526 530 532 539 540 551 570 582 590 624 626 630 673 675 688 713 732 740 771 773 782 806 813 816 834 836 839 840 866 887 889 905 931 941 949 964 971 980 984 990 997 
 71 23 29 35 40 60 95 99 134 153 156 168 187 197 208 221 236 245 273 295 301 302 305 323 326 329 415 420 452 464 476 496 511 520 534 549 560 574 588 618 619 637 653 664 679 681 683 686 689 707 712 723 728 729 734 763 766 774 789 804 821 826 838 844 845 855 907 908 918 928 941 963 
 45 2 23 25 57 62 77 97 154 195 199 203 243 246 275 293 323 391 395 404 415 423 435 465 474 550 590 591 692 705 709 717 731 799 812 826 837 844 848 857 873 913 919 923 981 995 
 60 17 34 58 74 83 85 101 120 155 172 175 176 185 188 209 221 245 274 279 317 324 336 340 347 352 358 397 424 436 455 484 505 522 541 544 554 564 570 618 624 631 645 647 653 678 700 731 759 768 774 816 877 883 892 916 931 955 968 981 988 
 61 55 83 98 104 125 133 143 144 146 155 158 175 205 228 232 242 253 265 273 277 278 288 303 313 324 334 351 369 371 384 404 406 466 490 511 550 574 585 595 614 658 660 679 681 697 719 748 761 764 843 844 845 850 853 897 910 931 934 941 945 993 
 56 11 32 53 66 82 96 102 112 115 124 152 158 207 236 255 269 284 306 315 337 342 343 346 348 381 404 420 423 447 474 494 539 552 560 595 658 665 671 686 687 693 741 748 752 774 804 809 818 820 827 883 889 898 936 939 955 
 54 10 39 57 98 110 174 176 199 211 217 281 282 344 351 353 363 369 391 461 473 531 554 555 571 586 593 611 613 616 636 654 679 700 710 720 725 728 743 766 790 810 839 852 862 883 884 896 900 920 925 943 975 980 997 
 60 8 16 53 54 58 77 78 82 93 120 150 154 168 175 215 237 276 279 305 335 352 380 418 466 484 501 535 570 572 588 637 678 686 690 715 720 725 743 744 758 763 776 782 799 807 814 851 856 864 870 875 880 881 886 898 902 920 936 944 985 
 59 2 12 44 45 75 88 103 137 199 232 246 295 349 362 382 389 394 404 405 417 455 457 500 517 521 570 572 612 639 649 667 673 686 712 714 722 746 757 804 805 813 826 844 877 888 906 912 920 927 930 935 939 940 944 951 961 965 970 981 
 58 12 29 34 76 82 90 102 129 137 139 144 157 169 170 178 185 197 276 311 322 325 377 384 389 391 392 415 507 535 545 564 610 623 630 631 632 645 663 675 687 733 735 743 745 762 764 773 797 813 833 857 871 892 902 911 940 975 985 
 69 11 16 72 88 94 95 99 102 116 125 146 149 153 188 207 233 234 255 256 275 286 289 321 323 329 332 344 368 405 419 443 473 484 515 520 526 557 567 638 645 662 664 670 679 701 744 764 769 783 785 802 810 813 833 850 862 865 887 904 907 925 931 949 962 973 975 983 986 993 
 55 6 14 64 65 94 99 166 187 286 302 303 321 371 396 397 421 439 446 447 454 478 482 495 497 504 510 531 559 560 568 616 617 641 649 678 687 721 729 745 746 767 773 781 794 816 830 865 888 912 921 924 941 972 992 1000 
 56 22 37 42 43 58 92 101 110 112 157 164 191 203 207 227 231 246 253 290 302 308 375 383 394 459 523 531 535 549 578 588 595 603 605 648 654 662 665 672 677 688 716 726 759 765 777 787 805 844 919 939 953 957 971 976 988 
 60 30 56 66 86 89 147 158 175 184 202 231 242 244 249 276 287 308 344 357 363 367 387 406 413 414 428 435 447 477 492 497 505 533 563 596 623 626 639 642 658 682 699 715 733 749 778 789 803 817 822 826 829 871 877 885 908 911 914 922 983 
 59 15 22 33 58 63 65 91 105 112 135 177 189 214 215 235 243 264 294 318 336 402 435 442 452 464 481 489 495 513 519 547 560 565 575 576 581 582 592 650 702 743 751 768 769 774 781 791 794 831 835 869 874 886 902 924 955 958 984 994 
 62 67 111 161 207 210 212 233 234 251 264 266 288 302 317 321 329 334 346 357 378 381 398 401 402 426 439 445 449 451 463 556 563 571 580 590 601 607 656 658 711 715 721 735 748 774 780 792 795 819 830 845 846 848 870 882 883 899 935 949 964 983 989 
 58 9 13 28 29 83 115 196 207 228 254 295 301 322 330 345 437 454 477 486 487 488 514 540 586 588 594 606 615 620 631 632 649 659 687 689 695 699 715 719 735 753 757 763 796 829 856 860 890 911 930 940 946 960 969 972 973 986 994 
 53 26 35 57 93 103 110 121 134 140 142 223 230 276 308 329 335 357 401 403 425 442 456 469 471 479 512 529 553 570 592 619 625 652 660 661 668 671 688 703 711 794 806 808 826 842 865 902 905 934 943 956 971 993 
 44 5 34 55 86 94 138 143 161 194 206 244 262 276 277 280 305 335 348 366 372 376 437 504 505 517 555 558 599 645 677 680 717 724 728 732 738 746 773 824 832 842 875 893 957 
 52 2 30 91 111 129 133 152 172 183 199 207 223 232 248 261 276 293 295 311 331 369 388 391 397 405 442 462 469 474 494 496 503 562 579 603 635 637 678 685 695 741 788 835 836 854 864 882 897 899 926 957 961 
 64 11 26 32 37 38 43 72 75 77 84 104 125 136 156 186 207 208 235 246 266 276 281 297 302 305 318 357 360 362 388 398 421 435 468 493 496 503 505 506 570 603 619 642 648 658 682 701 702 716 750 777 788 818 845 853 860 868 883 888 895 914 944 970 980 
 60 1 66 72 83 84 85 181 186 190 216 224 255 286 300 308 326 328 346 376 396 399 400 430 439 446 487 513 516 525 539 540 546 549 576 590 601 619 640 667 675 679 682 688 726 728 755 763 785 792 838 851 853 865 885 918 931 937 941 949 966 
 56 1 3 9 46 70 91 92 111 115 122 159 160 221 235 255 336 391 392 417 459 485 489 548 559 565 574 581 603 642 646 680 689 714 719 720 728 738 752 775 785 820 826 830 838 844 847 849 851 911 925 936 945 953 963 981 994 
 58 23 53 62 72 75 80 91 163 195 261 265 271 274 296 303 327 376 377 378 381 399 424 427 436 439 480 493 494 504 511 530 548 566 569 589 601 619 632 648 677 723 769 822 827 855 856 861 896 899 918 920 930 939 952 954 962 981 988 
 53 11 43 51 56 86 99 103 121 135 136 145 157 179 191 206 214 217 230 323 351 361 370 371 407 411 475 516 551 574 593 604 617 620 622 653 700 710 728 746 757 804 840 848 856 875 882 883 903 922 926 946 969 991 
 53 2 35 37 46 48 87 100 112 114 120 141 143 148 159 178 189 211 250 257 270 283 285 326 339 377 378 397 426 438 441 446 466 488 526 558 561 571 585 588 618 648 692 714 718 753 793 840 865 870 894 927 951 995 
 47 45 83 102 106 126 130 150 168 184 200 201 207 216 251 296 303 310 351 353 371 409 434 446 452 457 468 515 520 571 599 610 613 618 621 662 691 700 754 776 798 826 902 908 965 966 972 977 
 64 1 12 25 36 49 87 110 127 141 143 146 147 148 155 183 191 208 209 226 236 244 274 285 302 309 315 331 335 370 390 453 464 472 544 571 601 622 639 650 653 659 669 694 699 705 723 792 816 823 824 835 841 856 868 882 896 902 914 917 919 948 977 978 982 
 55 14 16 53 56 64 123 141 175 187 215 252 257 281 324 337 356 382 384 417 423 431 432 434 465 492 504 508 539 582 599 601 619 631 642 655 656 660 674 677 685 691 720 732 751 781 784 821 844 846 887 904 961 966 986 993 
 61 16 49 58 59 93 127 128 139 149 155 161 194 195 200 237 277 286 324 333 366 369 379 382 430 434 436 453 454 470 475 485 515 520 522 559 561 565 580 582 589 591 599 619 622 640 700 702 744 753 764 766 807 809 824 836 912 943 948 954 970 978 
 57 11 21 62 86 117 124 134 193 226 233 276 309 322 323 339 346 368 379 381 391 424 464 499 509 514 536 564 566 576 584 611 621 622 627 636 641 676 687 701 704 711 717 754 765 772 798 804 808 819 831 845 847 881 889 938 956 970 
 57 13 14 30 37 41 74 78 177 187 194 210 215 244 257 260 263 271 341 346 358 375 376 395 462 464 473 476 517 523 531 557 591 601 602 614 618 634 648 654 663 703 719 743 754 766 791 826 836 840 894 900 930 944 946 956 966 999 
 58 1 2 12 18 40 42 44 46 49 56 59 73 101 108 110 116 122 138 149 164 187 192 221 255 274 293 416 436 439 440 449 529 531 564 575 600 607 611 630 632 648 678 697 716 726 755 756 762 787 819 849 874 900 913 946 949 969 987 
 65 19 38 39 68 74 85 96 100 110 127 131 143 192 195 202 219 220 231 246 247 253 254 296 298 301 326 333 337 348 367 406 415 417 438 453 483 494 502 505 520 532 554 559 569 579 616 658 669 687 689 733 748 753 760 763 790 842 845 865 900 902 904 906 910 964 
 47 7 56 90 105 124 148 162 180 181 183 237 264 306 330 343 384 390 460 480 483 519 521 528 540 547 552 565 588 654 672 674 677 680 685 689 733 793 807 860 876 900 926 940 952 966 987 995 
 76 12 18 33 61 66 112 122 132 134 151 161 166 170 181 196 197 202 203 210 231 256 260 265 268 272 276 301 312 330 338 345 348 387 408 419 420 475 497 521 522 525 536 548 552 558 571 589 606 613 615 621 628 640 644 645 651 663 682 693 710 746 776 806 828 836 838 861 862 864 870 887 892 939 951 972 978 
 53 7 115 118 126 147 163 205 223 226 237 243 246 293 294 313 314 429 447 465 519 552 574 598 632 687 690 693 696 714 722 725 729 731 732 737 747 752 765 821 832 880 886 899 911 914 921 926 929 947 951 972 984 996 
 64 4 22 71 83 116 138 146 175 176 179 187 232 240 256 257 269 275 286 290 297 302 304 339 349 355 367 372 392 394 423 435 439 454 478 486 487 490 500 502 518 524 550 599 606 610 646 680 688 693 709 721 725 731 734 773 811 817 833 860 879 882 982 990 999 
 73 8 9 22 38 43 44 54 82 112 113 119 123 124 131 145 149 156 158 166 215 256 265 307 308 310 323 331 337 372 374 394 395 410 424 425 448 483 493 507 509 515 519 530 540 569 578 581 591 599 603 608 637 660 678 689 696 699 713 734 750 751 773 789 806 813 832 835 883 893 912 927 943 974 
 65 6 25 44 84 93 105 107 111 113 128 160 165 166 183 222 244 247 282 290 292 306 311 321 326 354 365 376 385 388 420 430 495 531 538 549 551 568 579 580 589 592 599 605 619 632 642 653 654 679 692 711 753 763 800 810 841 845 861 873 882 892 918 921 969 986 
 52 1 24 50 53 54 82 120 127 147 154 166 179 190 230 259 268 282 285 315 329 368 383 410 417 419 428 436 455 461 482 499 512 611 649 709 710 713 715 733 754 783 796 805 828 848 857 875 898 955 960 979 982 
 58 25 29 39 48 60 63 156 166 179 184 201 220 236 237 247 272 276 293 311 321 347 349 350 363 366 372 424 448 458 460 475 516 519 633 644 651 660 669 677 681 687 692 697 733 757 789 803 816 843 847 859 872 886 952 961 974 976 987 
 57 16 30 45 47 66 72 112 126 137 143 159 191 215 239 245 248 255 257 291 349 362 387 396 451 456 479 485 487 500 539 551 569 579 594 614 640 677 722 730 731 742 754 762 772 795 835 836 856 861 865 871 883 893 917 940 960 986 
 56 6 22 43 57 87 91 97 132 157 159 247 274 311 341 346 350 360 374 378 399 426 438 460 468 476 482 496 497 533 579 587 588 637 640 650 674 675 684 730 742 754 783 787 795 796 817 835 846 847 853 878 888 898 903 937 952 
 51 7 34 38 49 55 59 63 89 102 116 136 148 176 177 195 198 210 216 228 237 336 337 338 340 345 407 414 439 446 548 597 598 606 640 661 687 690 704 724 753 779 809 817 832 853 867 903 918 929 935 981 
 51 5 31 55 75 151 165 177 179 202 212 245 250 256 260 273 287 309 339 358 451 483 492 505 520 528 529 544 553 554 557 573 591 593 600 606 625 674 711 719 724 735 768 778 785 811 824 832 839 939 950 975 
 63 2 14 21 27 40 65 68 93 97 98 104 122 143 153 154 165 209 212 263 277 285 316 340 346 390 437 469 528 544 545 555 559 586 597 603 620 661 682 686 690 691 700 720 728 736 755 769 781 782 795 801 816 832 837 841 884 899 918 926 940 977 994 995 
 52 16 41 68 72 73 101 105 158 180 183 203 259 266 286 294 313 315 322 336 358 370 397 405 435 447 477 537 551 559 571 588 621 632 660 662 677 688 689 756 765 767 783 792 804 835 854 863 873 876 942 964 985 
 60 3 15 47 55 58 68 84 85 93 101 109 135 162 181 233 241 244 259 286 297 300 302 327 354 377 387 421 432 434 447 494 496 508 523 558 569 574 631 635 668 670 673 674 683 687 700 703 705 736 745 761 764 802 806 856 929 940 942 951 969 
 58 11 19 22 37 40 42 46 54 88 90 107 119 126 135 136 155 158 166 196 205 207 210 253 297 346 354 355 357 374 388 392 502 512 513 537 573 607 616 633 662 673 717 730 734 737 744 830 834 844 851 884 913 914 929 931 959 965 980 
 60 4 13 29 53 101 110 111 131 140 175 268 272 273 310 345 377 384 414 437 442 443 446 453 454 474 482 489 504 525 550 557 563 581 583 585 595 604 623 642 644 645 653 660 683 690 708 713 723 742 773 784 813 818 831 874 896 902 951 964 984 
 61 2 21 41 45 56 76 132 165 170 185 206 234 241 253 273 293 297 313 318 349 350 368 421 461 472 481 489 521 537 584 590 611 629 635 644 645 658 659 679 685 687 690 729 752 769 774 781 804 807 847 879 900 905 921 929 941 950 967 980 985 995 
 58 12 46 57 80 83 87 157 161 165 178 188 196 205 218 241 264 271 301 302 366 372 376 416 428 438 459 461 469 474 495 503 563 582 615 619 634 670 671 685 692 696 699 721 754 755 759 796 803 842 854 855 874 911 914 951 985 987 995 
 59 39 51 70 92 97 101 108 112 138 155 177 256 285 367 381 423 425 442 447 450 453 463 464 480 483 502 504 519 520 540 542 550 562 570 571 594 599 653 654 668 669 670 673 676 699 725 731 764 766 781 791 792 830 835 836 853 869 987 998 
 68 21 33 37 38 54 73 86 93 102 129 137 144 146 161 203 215 219 227 229 244 247 258 269 279 288 295 301 305 331 332 337 349 359 447 464 473 475 486 495 499 511 537 553 560 573 588 641 658 677 711 720 723 729 734 763 774 798 805 824 864 876 878 883 884 951 983 990 993 
 55 4 5 12 29 38 44 132 139 155 161 171 208 212 220 234 239 266 278 339 361 367 375 389 405 409 419 431 436 445 465 477 479 487 504 558 561 595 602 610 622 635 655 660 665 714 745 774 776 784 840 886 891 913 981 996 
 45 6 9 40 133 166 167 193 222 261 264 267 273 281 291 299 321 372 411 431 450 482 484 541 552 557 592 603 610 618 642 667 707 719 749 783 786 805 837 921 926 940 941 955 966 970 
 54 72 76 90 114 124 170 188 210 224 245 250 273 280 311 321 325 338 342 368 381 382 448 457 459 462 464 485 520 532 538 583 588 602 619 620 643 657 668 678 681 688 720 731 762 765 782 788 796 803 811 821 864 867 967 
 63 6 13 15 17 64 103 115 121 134 158 210 231 269 281 293 310 349 360 371 376 379 396 397 405 432 438 493 502 514 523 527 531 535 563 596 601 617 622 633 640 665 680 686 693 713 736 745 750 768 788 817 826 836 848 853 907 921 940 952 965 967 976 992 
 64 58 65 85 92 94 113 132 143 162 169 184 245 254 296 305 314 327 338 360 385 399 406 425 445 468 477 483 519 533 556 561 584 588 592 614 643 649 668 675 678 693 699 707 714 730 747 763 776 792 793 834 841 843 860 861 867 873 927 932 936 937 961 963 998 
 61 39 42 48 73 83 118 128 129 133 135 139 144 155 165 175 179 186 197 206 229 245 264 298 307 312 333 338 340 350 371 378 389 398 405 416 474 498 508 519 520 551 558 560 573 577 615 617 660 703 706 755 781 785 797 851 857 864 899 908 927 956 
 71 22 30 57 88 107 109 126 129 136 152 155 176 205 214 217 237 257 265 266 274 314 343 346 347 384 388 391 397 399 424 450 465 483 502 504 519 532 548 555 562 569 572 585 587 594 596 617 623 651 652 657 658 671 673 695 712 751 766 782 815 826 829 840 845 849 862 934 948 960 969 989 
 51 38 44 45 73 74 87 113 124 137 149 160 170 173 220 230 264 301 310 376 390 395 423 434 447 467 468 486 492 517 532 538 546 557 601 639 656 658 661 670 711 718 732 753 786 794 803 817 869 886 913 953 
 54 12 32 53 57 59 83 84 95 114 135 152 179 180 186 229 243 274 303 304 310 322 374 388 405 409 429 461 464 495 498 502 511 512 514 529 530 549 553 567 575 690 692 779 804 808 819 820 827 836 846 866 870 944 965 
 66 25 29 46 52 83 105 110 132 143 144 203 204 209 226 274 312 325 352 362 369 378 390 403 405 407 436 494 496 498 501 505 512 554 559 572 591 595 620 622 650 686 696 704 711 712 722 749 785 806 821 828 843 875 885 892 900 905 914 923 930 941 947 967 988 995 998 
 67 2 23 32 41 53 87 126 137 143 154 163 170 245 248 252 253 265 293 294 322 343 361 378 390 393 414 420 425 443 446 493 507 539 541 546 569 583 588 614 620 632 633 635 658 660 677 703 731 740 741 755 777 827 831 840 876 893 897 919 923 935 941 947 969 973 975 976 
 56 33 42 60 82 90 133 146 148 156 165 176 213 214 240 246 247 278 329 348 370 374 437 455 461 510 532 535 537 569 573 578 589 597 612 618 654 662 668 724 739 756 770 783 786 790 807 839 858 864 913 919 932 947 959 962 977 
 62 8 77 93 105 106 167 169 181 182 184 193 210 224 262 287 309 316 320 334 340 352 386 387 398 415 416 419 466 471 474 475 485 519 528 539 545 565 572 598 605 636 687 690 697 703 731 746 765 774 795 798 830 835 836 897 919 923 963 984 986 988 992 
 57 1 3 4 27 86 94 101 103 105 120 134 145 148 158 167 178 179 195 219 265 269 296 327 341 352 382 383 402 443 455 475 484 559 572 577 593 605 610 626 652 660 678 683 684 699 726 774 789 808 812 823 846 852 948 954 990 1000 
 59 15 19 32 91 102 150 192 205 211 234 240 254 255 261 268 286 288 292 312 344 398 399 425 427 434 445 452 484 513 551 561 589 600 612 616 624 641 647 664 670 671 680 709 717 731 765 781 787 797 809 823 834 851 866 883 885 948 954 980 
 57 1 11 25 57 73 75 83 95 104 175 197 205 207 234 238 244 251 267 277 295 309 317 333 378 397 398 407 458 465 499 535 538 552 558 587 592 602 647 651 708 715 747 759 795 809 833 850 859 876 903 911 926 935 942 952 958 989 
 68 9 11 14 21 24 41 57 60 67 72 74 108 116 123 137 141 158 187 203 208 209 235 246 253 260 264 282 341 355 358 367 368 376 388 404 423 428 431 450 515 528 538 553 558 572 573 600 601 634 665 681 689 701 702 710 717 721 754 782 793 855 856 884 888 944 972 994 995 
 71 15 25 67 102 116 119 123 142 153 183 208 219 221 234 256 261 285 291 293 303 329 352 353 387 393 404 438 444 456 483 487 503 509 515 558 559 560 569 600 609 624 639 674 700 715 756 767 788 793 801 805 807 815 818 835 837 856 864 868 870 883 900 910 913 915 922 954 960 970 983 989 
 67 11 24 43 53 104 130 135 144 147 157 186 192 198 201 217 220 227 234 253 295 304 322 323 326 327 336 414 424 427 435 438 439 445 458 468 484 496 503 513 522 550 579 596 599 605 625 663 687 695 732 743 787 789 822 827 833 849 878 885 904 917 919 956 958 962 982 992 
 47 39 43 58 86 92 95 118 128 165 171 184 191 201 220 236 338 369 385 396 460 464 486 528 530 585 590 633 634 643 661 701 719 728 783 812 817 831 837 853 859 860 874 875 915 919 951 990 
 70 27 49 55 56 60 73 111 123 127 138 143 177 192 195 196 197 214 222 231 234 241 243 245 258 266 267 280 281 287 294 305 323 325 326 335 336 374 405 417 449 461 514 538 564 609 620 623 630 633 655 704 707 760 772 795 810 823 837 844 848 859 906 931 934 949 960 974 985 987 991 
 55 6 47 49 73 84 102 125 144 149 169 176 185 231 254 274 276 283 286 288 302 303 350 378 383 408 447 449 456 483 485 488 529 560 583 599 652 664 676 708 719 752 768 770 790 796 803 835 847 858 887 901 907 922 953 986 
 71 11 14 38 50 84 90 126 132 135 137 163 172 173 177 195 196 206 219 225 231 239 280 284 290 305 346 374 381 398 440 488 500 508 526 529 530 543 544 545 566 570 599 605 633 659 668 671 678 685 705 719 732 750 765 773 796 808 815 818 855 873 900 910 939 945 952 960 961 962 998 999 
 52 36 37 40 48 57 58 71 102 131 143 158 188 245 278 314 338 343 347 350 368 383 436 506 510 528 530 533 534 543 549 550 562 588 619 631 638 658 663 665 671 700 703 716 724 764 800 803 828 855 856 930 946 
 57 11 29 72 82 104 125 139 147 157 160 175 197 198 202 239 248 253 301 312 324 353 388 394 399 412 415 425 435 523 546 562 570 586 603 615 631 664 671 677 682 689 718 719 732 744 746 759 810 811 828 849 861 906 919 924 933 984 
 56 1 15 72 75 95 97 125 129 133 140 157 166 175 186 198 223 234 238 255 318 336 357 358 365 370 396 397 423 429 474 490 493 502 519 602 611 613 617 639 649 665 673 687 707 714 730 751 754 760 767 799 828 895 942 964 967 
 58 8 46 59 75 111 126 136 164 167 172 196 236 250 255 256 258 263 268 276 280 293 322 335 347 355 404 409 418 474 476 497 541 559 565 572 581 583 594 615 635 639 641 677 686 690 748 750 763 766 788 792 830 834 865 889 905 909 961 
 66 11 15 22 39 44 48 53 74 102 125 136 138 155 186 191 199 231 232 264 273 302 327 334 340 358 376 378 409 412 420 434 475 508 509 513 532 556 562 565 569 601 613 619 631 635 659 671 685 694 743 747 756 787 847 856 859 865 897 901 904 911 929 936 942 971 982 
 63 2 12 41 45 53 83 89 91 104 133 139 151 156 157 169 189 200 214 247 248 267 268 290 313 314 318 345 390 406 430 438 446 457 474 494 498 518 522 558 574 587 599 615 638 674 727 737 741 764 783 794 804 820 847 852 874 884 894 905 912 962 976 1000 
 56 40 67 78 82 88 101 168 212 217 224 237 273 289 300 309 336 358 366 379 383 407 408 447 473 477 495 533 543 563 607 632 680 681 712 713 717 773 782 783 802 807 833 846 859 874 884 886 912 921 932 942 944 951 962 986 991 
 54 41 82 102 106 139 151 160 165 209 244 255 262 279 315 322 338 405 456 464 500 505 506 533 591 595 601 607 633 635 650 657 658 659 662 679 686 690 705 709 747 794 796 801 909 920 923 930 933 941 948 981 985 986 995 
 70 4 8 11 31 45 46 59 84 86 88 101 112 120 139 165 185 187 201 220 234 247 258 295 310 367 377 382 400 422 437 450 477 512 520 523 524 532 557 559 571 580 582 597 608 653 655 658 668 675 685 691 703 711 749 754 781 791 799 800 836 841 850 883 886 887 894 912 924 933 956 
 62 13 37 119 129 146 188 199 235 240 254 273 278 293 294 314 322 323 326 328 329 337 355 368 373 388 502 506 507 512 537 538 570 595 597 603 609 613 642 661 673 678 687 721 725 736 741 744 745 764 768 773 795 809 810 818 867 875 931 932 955 960 969 
 63 22 23 47 52 56 114 124 155 157 190 191 250 265 268 299 303 327 337 359 385 396 406 415 416 435 437 440 443 478 496 503 513 515 516 519 527 540 603 649 677 685 690 697 700 710 714 715 721 753 777 792 796 834 846 849 877 879 900 930 931 932 953 979 
 65 1 2 21 38 52 65 74 76 90 111 140 144 146 156 161 198 209 210 247 254 286 287 310 326 386 388 393 402 410 423 439 447 448 449 467 483 583 591 600 621 626 628 630 659 667 696 716 723 730 768 773 792 815 826 827 874 877 894 914 918 926 930 958 974 981 
 57 4 11 62 69 72 84 130 131 140 148 177 188 233 245 246 266 275 290 341 378 383 401 418 424 479 494 513 542 572 577 585 590 600 601 638 660 670 678 689 713 723 728 780 787 804 811 815 859 868 892 894 905 926 933 942 944 951 
 48 13 17 63 91 100 125 248 267 270 289 296 312 313 314 325 357 372 380 426 439 466 483 494 502 503 521 590 616 655 679 694 705 708 722 734 745 782 783 811 815 842 867 892 893 899 919 995 998 
 63 11 28 47 84 95 101 112 113 134 151 157 158 165 167 210 218 240 245 269 283 295 306 312 324 327 346 348 356 363 391 446 460 467 469 475 498 513 529 563 593 692 705 729 766 791 794 811 823 853 876 882 885 906 916 931 935 939 940 944 946 961 975 992 
 59 11 22 54 58 88 98 104 111 117 131 134 137 156 180 209 217 237 240 245 247 277 292 308 332 347 382 390 394 417 418 423 483 488 493 496 519 526 532 536 542 551 560 582 611 648 664 669 730 826 827 834 862 908 925 928 939 959 981 997 
 58 37 100 106 159 160 169 175 185 189 202 207 234 235 244 275 298 302 322 335 360 376 377 380 387 396 397 437 478 514 519 555 558 570 639 646 650 652 694 699 701 735 746 760 773 777 779 784 793 797 803 844 856 877 901 908 988 995 1000 
 60 8 12 33 39 46 49 66 105 110 111 112 119 126 194 214 255 307 321 323 344 418 429 454 484 502 516 548 579 584 624 642 644 659 670 689 695 697 708 713 714 720 738 766 767 785 805 816 835 836 838 839 847 873 913 920 922 938 945 986 1000 
 53 20 22 39 45 51 64 98 143 152 157 167 253 259 268 303 359 382 400 442 470 493 520 534 536 561 571 581 594 608 669 671 700 730 733 739 780 803 822 830 844 853 867 868 892 899 902 922 940 943 949 989 993 999 
 49 15 30 46 119 192 232 256 257 266 277 281 301 309 373 381 389 414 422 426 429 433 434 446 458 497 512 532 533 643 644 650 651 664 686 711 732 751 754 758 762 763 794 796 798 827 858 921 951 973 
 60 63 81 112 118 130 179 184 190 195 206 207 264 286 293 327 347 356 397 404 414 418 446 484 517 529 540 588 592 609 644 648 658 666 669 670 672 681 688 697 721 739 767 771 786 790 799 829 837 845 849 852 855 863 898 906 929 954 957 960 977 
 58 29 47 64 83 94 112 119 121 125 136 138 175 185 196 232 238 245 251 254 260 264 276 288 294 301 307 354 361 367 369 373 440 459 463 468 480 532 533 579 605 617 630 631 632 640 648 649 699 701 702 714 716 790 817 914 932 952 991 
 67 30 59 74 75 76 104 107 110 117 167 173 180 188 190 194 199 201 232 239 254 293 294 321 350 406 414 418 450 460 468 471 492 502 512 529 531 540 561 578 584 587 592 607 622 632 640 648 661 710 719 729 741 754 755 775 782 854 864 891 892 899 955 956 962 971 974 993 
 57 1 5 35 56 94 101 104 108 143 144 178 180 194 206 220 228 254 296 301 324 337 359 363 388 390 402 416 420 424 426 445 458 480 484 521 523 535 590 601 608 632 635 652 665 690 692 713 790 794 795 799 810 816 846 940 958 997 
 59 11 19 29 32 66 69 83 86 90 93 96 98 101 103 135 137 154 161 203 254 303 309 310 352 355 369 399 414 434 467 484 501 508 517 523 545 548 553 569 601 611 621 626 627 680 735 754 764 803 806 843 857 872 935 936 941 970 986 990 
 72 1 37 38 39 47 55 93 113 121 126 170 176 204 228 262 274 287 291 293 311 319 328 334 338 351 382 385 398 414 440 443 454 459 473 491 503 504 576 577 581 599 603 615 640 651 653 661 674 683 684 688 694 701 705 713 729 738 744 749 763 771 782 786 807 819 866 892 911 912 916 956 971 
 49 7 67 71 78 107 122 129 144 167 168 189 193 250 287 301 308 317 322 372 397 405 440 448 494 508 511 520 529 569 573 578 580 607 668 695 724 750 768 773 784 804 812 827 835 874 902 930 945 976 
 49 29 76 90 92 130 221 240 273 277 294 309 332 348 353 389 392 424 426 439 456 484 492 544 560 599 606 633 645 653 658 663 668 670 716 728 765 774 776 793 820 858 862 869 918 929 969 979 982 991 
 46 55 100 101 132 153 169 178 188 195 200 211 243 249 295 420 435 473 485 496 509 511 512 522 531 539 540 554 565 573 600 605 637 639 669 670 680 719 733 761 774 884 885 901 914 960 974 
 56 42 77 79 82 85 96 101 113 117 127 140 173 195 196 212 215 222 238 243 258 260 274 300 301 313 317 326 328 363 365 376 387 389 406 415 417 460 492 512 577 614 635 683 712 721 743 765 823 828 842 844 905 913 924 925 988 
 59 6 17 23 46 47 55 90 123 132 194 197 206 207 225 249 254 274 287 304 315 327 331 339 340 350 357 380 404 413 463 509 519 530 561 608 611 615 617 626 659 689 691 734 748 767 777 780 830 833 845 878 882 893 928 929 944 957 958 970 
 54 32 45 94 114 181 196 234 242 264 286 290 293 299 312 316 322 330 332 337 362 366 369 383 440 445 448 449 474 507 522 524 528 543 551 581 592 602 606 624 679 689 699 713 751 814 817 820 874 909 924 928 929 930 952 
 65 14 26 60 74 96 111 157 164 169 185 187 197 198 201 229 243 277 279 305 310 321 327 331 350 354 357 359 360 373 380 403 406 428 436 448 463 503 532 550 562 570 597 613 645 662 677 692 720 731 746 749 763 774 793 814 832 849 884 911 918 921 924 949 963 968 
 64 39 53 55 67 79 116 140 159 181 185 198 233 256 285 307 308 332 367 394 399 415 424 431 450 486 490 491 517 531 550 552 572 609 626 630 660 663 672 688 700 712 732 745 753 761 763 775 778 782 808 831 848 849 873 893 917 930 932 951 960 967 983 990 996 
 77 16 18 37 45 48 50 70 72 102 124 151 177 189 197 201 207 232 236 249 255 297 299 307 310 361 397 401 402 407 431 448 464 466 476 480 497 527 532 541 572 588 600 612 635 640 661 691 702 735 743 756 765 772 786 790 792 797 801 802 815 816 823 826 867 873 882 883 892 915 920 921 945 954 966 981 984 988 
 66 4 61 65 76 103 124 133 143 144 159 160 165 166 177 227 233 299 321 348 359 370 372 405 413 446 461 475 523 529 532 543 577 589 590 604 620 621 650 663 670 672 678 685 688 700 710 735 748 752 760 778 801 809 829 839 849 858 878 893 901 919 932 933 938 987 997 
 75 17 58 65 66 72 92 107 114 124 139 154 161 166 171 176 194 196 202 207 230 240 241 245 256 275 290 320 354 360 371 377 380 402 425 433 436 446 458 495 497 513 527 542 569 587 612 634 691 725 733 743 755 775 795 821 822 840 844 855 865 866 875 885 894 895 932 941 962 970 971 973 974 993 996 997 
 48 3 15 19 26 38 100 125 184 185 187 256 258 260 262 279 312 344 349 359 370 438 458 465 478 497 554 579 580 609 614 623 634 648 650 681 699 709 724 732 783 794 843 850 859 947 987 989 999 
 48 6 33 44 63 68 103 115 128 145 161 221 259 274 281 288 302 310 325 376 392 398 409 443 451 459 461 474 496 534 550 563 602 612 641 658 674 689 708 714 734 763 782 786 881 901 920 934 973 
 62 21 33 54 77 96 108 136 155 165 185 206 209 220 225 250 270 273 294 301 309 321 332 335 336 359 368 442 454 462 483 492 503 541 576 584 592 593 602 620 627 663 676 733 764 766 782 787 812 830 842 855 857 867 869 882 885 898 920 922 939 981 986 
 56 30 55 56 74 90 102 113 142 148 151 196 206 224 244 295 309 310 373 441 461 477 479 494 504 512 515 516 521 522 552 554 563 564 580 592 610 612 622 675 681 687 689 701 707 766 792 799 810 831 847 882 899 905 940 955 987 
 61 4 59 69 74 84 146 180 189 204 216 222 265 270 273 291 292 293 319 321 361 371 390 414 431 453 459 464 489 501 507 511 513 525 562 569 571 574 618 678 714 729 735 737 753 769 781 829 832 835 857 884 887 901 909 921 953 954 971 981 983 985 
 50 46 66 90 96 100 102 111 158 162 206 220 235 253 256 264 282 357 370 406 459 519 524 547 550 551 558 565 590 591 604 614 639 667 680 695 715 744 758 762 777 821 836 844 849 871 892 921 941 964 996 
 52 1 50 55 76 152 156 193 204 285 293 312 336 342 357 430 447 454 456 465 495 500 502 507 511 524 546 547 569 582 598 601 615 628 630 646 656 660 663 704 710 770 787 793 804 838 843 880 888 920 921 956 965 
 65 4 21 38 59 63 163 203 249 256 264 279 283 296 304 313 322 326 338 348 358 359 370 407 409 455 483 485 489 493 496 517 539 541 544 549 550 551 555 566 570 590 622 627 634 642 651 686 729 743 752 757 766 774 790 805 817 818 841 882 899 900 930 963 981 982 
 52 15 57 72 99 105 154 156 159 168 183 188 209 211 273 283 367 449 450 455 466 498 504 511 575 590 594 604 611 628 632 643 648 660 669 687 692 693 753 757 765 818 822 841 858 883 906 912 918 958 982 994 998 
 65 1 3 22 27 30 45 101 102 113 130 156 222 242 246 264 298 309 336 346 359 361 374 401 405 433 440 455 459 463 478 490 517 521 530 540 558 564 578 588 624 625 627 649 663 711 722 730 736 784 792 829 862 875 889 913 918 930 942 947 971 978 989 995 996 997 
 58 3 6 8 12 14 47 49 64 89 101 119 128 136 156 168 182 192 209 282 330 338 362 368 373 378 419 423 441 444 447 470 488 533 552 560 583 620 652 699 732 744 781 784 801 803 809 812 844 848 850 863 880 884 892 954 967 972 998 
 65 75 78 90 91 114 125 126 127 133 151 165 194 195 224 232 257 266 277 278 280 286 290 294 297 311 336 379 382 399 421 429 456 468 485 499 538 561 569 570 612 658 698 700 706 711 729 730 734 749 772 783 796 819 843 855 857 918 921 960 975 978 987 993 994 995 
 55 31 46 57 126 168 178 186 192 204 207 228 235 248 282 285 304 311 358 373 374 379 383 397 406 420 426 434 437 454 458 464 484 512 529 581 589 593 633 660 683 690 702 720 781 800 819 833 844 845 881 893 942 943 961 977 
 66 12 30 45 60 81 84 91 92 117 176 182 183 196 206 243 253 260 285 304 308 319 323 341 404 428 430 435 437 479 494 508 524 546 558 562 574 582 589 597 605 625 639 675 689 693 700 709 713 747 748 760 795 797 803 846 851 890 894 915 928 929 932 964 981 983 996 
 49 1 3 53 58 60 69 79 137 141 187 203 251 253 257 330 336 339 354 361 367 396 403 417 475 495 503 506 526 544 566 567 651 658 681 682 739 787 793 818 839 844 864 880 884 887 890 895 943 971 
 55 17 37 84 108 125 127 140 155 159 167 179 216 236 238 253 285 297 301 337 368 375 378 404 427 434 482 484 486 497 511 531 540 548 562 574 622 649 671 708 719 734 744 755 779 793 827 837 860 868 869 923 946 955 963 983 
 55 1 5 11 12 38 47 64 89 112 124 125 137 156 179 182 205 214 233 274 281 296 302 306 348 351 354 403 431 457 487 520 553 570 590 610 639 649 660 691 693 698 711 742 759 774 801 850 866 906 912 918 926 933 972 975 
 43 1 26 58 67 69 115 165 183 287 298 303 309 322 386 400 404 422 440 488 511 518 525 534 539 560 562 570 612 627 630 699 700 734 760 794 813 815 828 857 913 976 982 996 
