 300 1000
 3 3 3 3 3 3 3 5 6 6 6 6 6 6 6 6 6 6 6 9 9 9 9 9 9 9 9 9 9 12 12 12 12 12 12 12 12 12 15 15 15 15 15 15 15 15 16 18 18 18 18 18 18 18 18 18 20 21 21 21 21 21 21 21 21 21 21 23 24 24 24 24 24 24 24 25 27 27 27 27 27 27 27 27 27 27 27 27 30 30 30 30 30 30 30 30 30 30 31 33 33 33 33 33 33 33 33 34 36 36 36 36 36 36 37 39 39 39 39 39 39 39 39 39 39 39 41 42 42 42 42 42 42 42 42 42 42 43 45 45 45 45 45 45 45 45 47 48 48 48 48 48 48 48 48 51 51 51 51 51 51 51 51 51 51 51 51 51 51 51 52 54 54 54 54 54 54 54 54 56 57 57 57 57 57 57 57 59 60 60 60 60 60 60 60 61 63 63 63 63 63 63 63 63 63 66 66 66 66 66 66 66 66 66 66 66 66 69 69 69 69 69 69 69 70 72 72 72 72 72 72 72 72 72 72 73 75 75 75 75 75 75 75 77 78 78 78 78 78 78 78 80 81 81 81 81 81 81 81 84 84 84 84 84 84 84 84 84 84 84 86 87 87 87 87 87 87 87 87 87 87 90 90 90 90 90 90 90 90 90 91 93 93 93 93 93 93 93 93 93 93 93 93 94 96 96 96 96 96 96 96 99 99 99 99 99 99 99 99 99 99 99 99 102 102 102 102 102 102 102 102 102 102 104 105 105 105 105 105 105 105 105 105 105 105 108 108 108 108 108 108 108 108 108 108 109 111 111 111 111 111 111 112 114 114 114 114 114 114 114 114 116 117 117 117 117 117 117 117 117 119 120 120 120 120 120 120 120 120 120 120 123 123 123 123 123 123 123 123 123 124 126 126 126 126 126 126 126 126 126 129 129 129 129 129 129 129 129 129 129 132 132 132 132 132 132 132 132 132 132 133 135 135 135 135 135 135 135 135 135 136 138 138 138 138 138 138 138 138 138 140 141 141 141 141 141 141 141 141 143 144 144 144 144 144 144 144 144 144 144 144 146 147 147 147 147 147 147 147 147 150 150 150 150 150 150 150 150 151 153 153 153 153 153 153 153 153 153 153 153 153 153 153 154 156 156 156 156 156 156 156 156 156 156 156 158 159 159 159 159 159 159 159 159 159 159 162 162 162 162 162 162 162 162 162 162 165 165 165 165 165 165 165 165 165 166 168 168 168 168 168 168 168 168 168 168 170 171 171 171 171 171 171 171 171 171 171 171 171 174 174 174 174 174 174 174 174 174 174 177 177 177 177 177 177 177 177 177 177 177 180 180 180 180 180 180 180 180 180 182 183 183 183 183 183 184 186 186 186 186 186 186 186 186 187 189 189 189 189 189 189 189 191 192 192 192 192 192 192 192 192 192 195 195 195 195 195 195 196 198 198 198 198 198 198 199 201 201 201 201 201 201 201 201 201 201 202 204 204 204 204 204 204 204 204 204 204 204 204 204 207 207 207 207 207 207 207 207 207 210 210 210 210 210 210 210 210 210 210 213 213 213 213 213 213 213 213 213 213 213 214 216 216 216 216 216 216 216 218 219 219 219 219 219 219 219 219 219 219 219 219 221 222 222 222 222 222 222 222 223 225 225 225 225 225 225 225 225 225 225 225 225 225 228 228 228 228 228 228 228 228 228 228 230 231 231 231 231 231 231 231 231 231 231 231 234 234 234 234 234 234 234 234 236 237 237 237 237 237 237 237 237 237 237 239 240 240 240 240 240 240 240 240 240 240 242 243 243 243 243 243 243 243 243 243 243 243 245 246 246 246 246 246 246 246 246 246 246 247 249 249 249 249 249 249 249 249 249 251 252 252 252 252 252 252 252 252 252 252 252 255 255 255 255 255 255 255 255 255 256 258 258 258 258 258 258 258 258 258 258 261 261 261 261 261 261 261 261 261 261 264 264 264 264 264 264 264 264 267 267 267 267 267 267 267 267 267 270 270 270 270 270 270 270 270 270 270 273 273 273 273 273 273 273 273 273 273 273 273 274 276 276 276 276 276 276 276 276 276 276 276 276 279 279 279 279 279 279 279 279 279 279 280 282 282 282 282 282 282 282 282 282 282 282 283 285 285 285 285 285 285 285 285 285 285 285 285 287 288 288 288 288 288 288 288 291 291 291 291 291 291 291 291 291 294 294 294 294 294 294 294 294 295 297 297 297 297 297 297 297 297 297 300 300 300 300 300 300 300 300 
 64 21 26 34 69 83 95 207 208 211 267 294 346 350 360 373 390 436 440 442 458 460 462 463 467 474 490 497 498 559 563 572 574 630 631 634 647 657 678 681 692 701 707 713 726 731 768 773 783 800 802 838 844 868 879 886 904 905 932 953 963 967 970 980 985 
 61 1 32 57 87 99 101 134 167 175 181 198 202 225 229 230 244 247 252 255 268 292 297 299 341 346 365 392 403 425 431 432 447 456 476 530 545 583 586 590 614 633 661 701 723 754 761 767 787 820 831 842 851 857 874 882 914 923 926 962 975 979 
 61 2 12 24 26 32 46 77 109 128 141 209 233 240 248 253 266 285 305 313 334 335 339 401 421 432 453 471 512 518 519 527 538 562 571 580 618 634 677 680 720 723 746 756 778 790 801 810 811 821 843 861 880 882 889 902 907 911 915 928 984 985 
 60 8 9 52 63 78 83 98 103 119 132 149 156 191 201 202 213 232 233 245 337 344 365 389 411 413 421 422 434 439 442 463 477 485 490 550 560 564 570 571 602 606 620 637 659 695 704 717 733 735 743 760 814 830 865 905 925 926 947 984 993 
 51 6 12 22 35 75 129 141 144 152 163 173 207 241 254 264 272 277 315 319 337 420 431 463 494 550 559 565 607 623 625 633 638 653 661 690 728 752 758 769 796 845 871 873 881 946 956 959 990 994 995 997 
 59 2 4 56 126 137 145 167 176 208 214 238 239 246 247 256 287 313 318 332 336 346 348 375 382 384 397 438 445 449 453 492 493 587 600 610 620 627 635 657 676 680 739 777 785 799 824 838 871 931 937 942 948 957 958 959 960 975 978 994 
 66 78 92 96 101 125 137 157 185 225 231 236 241 265 298 332 335 343 344 350 356 357 366 383 413 427 472 486 516 535 544 566 567 578 581 605 608 637 641 649 652 665 673 701 716 725 732 748 780 817 859 871 875 895 910 912 920 939 946 949 956 972 974 975 981 982 995 
 63 50 53 102 109 125 145 151 174 175 177 188 197 202 237 245 247 253 270 282 284 308 313 324 361 374 375 377 417 477 524 536 550 559 566 587 609 610 625 627 647 650 672 681 687 705 715 744 747 750 772 800 812 818 826 829 881 902 925 941 945 951 970 989 
 66 4 22 54 82 89 100 104 105 110 122 138 143 174 176 182 206 257 262 288 308 368 373 383 416 418 421 432 446 474 481 483 510 513 578 611 612 644 647 661 663 673 691 692 715 721 728 744 745 774 777 778 793 808 812 824 833 841 861 862 887 888 897 920 935 959 978 
 54 6 7 9 49 59 65 93 105 114 118 141 168 197 222 237 244 256 294 306 314 339 367 381 405 449 452 510 528 581 628 651 659 676 691 710 743 749 754 757 775 805 809 817 818 830 841 842 843 861 914 918 936 945 990 
 56 4 10 21 50 57 78 147 177 198 221 230 265 277 287 292 293 295 324 351 355 378 392 401 423 461 483 493 573 580 586 610 628 631 639 641 643 655 659 691 710 720 722 764 770 782 796 820 836 837 841 878 880 924 927 936 997 
 53 2 48 65 87 129 148 163 206 226 266 271 349 357 402 419 454 462 472 474 494 515 516 519 520 534 549 568 600 604 640 651 660 681 691 702 742 755 782 789 806 808 812 823 830 832 844 864 906 918 937 941 943 996 
 61 1 2 46 70 79 107 108 117 162 176 189 197 205 207 216 225 244 289 290 324 345 348 350 359 366 378 392 405 411 439 451 465 475 482 497 505 510 527 529 532 537 565 567 640 641 664 671 693 702 705 732 748 755 761 843 880 889 900 912 930 984 
 72 31 34 51 54 84 92 93 98 119 120 149 151 156 160 168 212 218 239 245 255 272 280 292 294 297 308 314 317 336 361 365 377 379 389 411 413 489 495 516 521 562 577 584 592 607 610 623 630 649 670 674 681 696 703 740 747 750 785 827 841 852 857 863 867 872 876 894 898 907 923 967 996 
 54 17 28 47 48 59 64 77 84 115 116 139 151 159 197 229 247 260 275 276 292 294 320 397 441 444 459 565 587 592 616 625 627 646 661 672 692 723 730 748 750 803 833 835 837 847 879 899 936 946 948 949 963 966 975 
 55 10 14 20 39 52 53 68 71 94 123 128 147 182 195 197 200 206 221 227 233 260 292 296 325 381 424 446 468 507 509 527 547 552 627 647 649 665 674 675 681 686 694 709 739 759 799 861 863 905 906 912 935 940 961 966 
 70 6 32 59 61 62 81 82 88 103 104 150 191 198 199 208 216 233 237 263 284 290 292 328 329 337 342 350 359 377 408 438 448 452 485 490 500 531 535 547 559 588 593 595 601 615 621 641 656 664 668 684 699 702 709 720 775 776 786 789 793 835 841 842 853 864 888 937 978 980 989 
 53 20 38 101 137 162 172 173 175 180 197 199 200 209 218 242 254 305 307 314 364 416 419 433 437 497 506 546 548 552 593 610 618 633 693 700 704 721 724 728 731 733 734 791 805 808 831 834 856 888 894 895 937 962 
 66 2 10 12 23 100 126 131 172 186 189 194 199 202 250 264 275 291 296 307 328 360 365 392 394 399 415 418 423 427 432 436 450 451 481 482 500 510 518 524 542 546 562 586 604 608 615 633 640 660 669 713 729 756 765 775 797 839 861 862 874 890 934 966 969 972 975 
 63 24 34 50 60 78 83 90 94 119 160 175 183 190 198 201 212 219 222 240 245 248 262 299 301 312 356 372 379 393 400 418 425 518 533 552 560 564 581 624 658 722 732 734 749 754 788 805 807 821 822 861 880 881 898 900 902 906 913 939 946 953 963 975 
 70 1 3 15 39 60 63 69 89 94 102 112 127 132 142 143 159 169 183 196 200 223 237 258 265 284 312 353 357 366 402 423 424 427 442 454 510 531 544 560 571 572 580 584 587 606 640 663 668 669 693 699 713 723 725 732 737 739 787 802 814 822 838 864 889 910 913 928 934 948 974 
 50 5 28 30 47 57 108 118 121 127 128 139 197 232 275 283 291 316 336 340 383 402 404 419 424 426 451 452 508 565 593 613 618 620 649 655 658 678 691 731 733 766 796 808 815 822 830 909 927 975 994 
 54 3 20 28 33 61 79 91 110 128 167 173 273 331 337 368 385 407 423 434 451 458 464 491 509 540 544 555 564 580 581 582 610 618 619 623 645 663 665 683 687 735 742 768 781 823 824 827 831 900 912 914 925 937 975 
 65 10 22 33 39 48 49 98 113 119 163 174 202 229 230 254 260 294 308 334 342 356 375 393 399 403 411 412 414 415 432 444 520 538 570 592 609 628 654 687 689 711 722 724 745 748 785 792 794 818 832 834 873 877 883 913 940 945 947 948 970 972 975 983 987 988 
 61 3 8 27 90 105 117 118 156 186 189 237 249 254 264 300 325 330 347 349 358 359 367 380 389 410 446 456 474 481 489 490 530 531 549 559 570 579 633 646 654 656 663 678 696 702 714 715 770 790 799 800 816 855 858 862 863 879 926 946 958 975 
 70 42 59 72 91 105 106 111 113 135 151 172 209 220 224 233 245 252 265 272 275 348 354 363 368 378 388 393 400 412 415 432 433 443 452 476 483 484 487 490 491 495 505 520 539 546 580 582 588 605 618 647 660 662 690 697 775 822 841 842 845 850 857 861 870 871 901 923 948 971 996 
 61 31 90 96 151 158 175 200 207 218 221 225 236 239 240 266 294 328 341 383 399 418 423 439 460 468 472 504 508 522 524 546 560 564 572 594 600 607 615 627 633 639 648 650 657 660 676 683 715 716 739 746 787 797 819 820 821 823 871 900 915 955 
 66 30 47 60 79 111 127 161 174 196 225 260 278 292 316 320 346 371 375 394 409 414 442 461 468 487 496 511 527 532 550 558 563 577 587 597 617 619 648 649 650 658 690 714 731 751 766 770 774 777 792 795 798 801 816 823 841 878 890 893 911 942 952 964 969 983 993 
 63 11 45 49 56 57 79 90 92 99 100 108 116 131 134 144 145 151 173 198 230 325 340 349 353 357 358 363 391 398 402 403 445 451 461 489 502 534 565 566 572 592 602 623 649 651 690 727 766 775 786 806 837 851 858 866 874 885 890 948 960 987 988 993 
 61 16 26 42 49 67 84 86 100 152 162 184 190 191 196 203 210 223 225 228 235 239 256 329 340 367 368 398 411 435 444 445 546 547 575 580 594 596 625 643 648 650 678 690 705 721 727 747 750 789 805 811 819 831 858 888 906 931 934 964 975 993 
 59 8 28 30 45 64 69 100 115 141 148 156 187 200 203 213 218 241 248 255 256 289 295 299 303 328 357 385 395 401 412 414 429 455 481 494 507 511 516 539 575 577 580 603 608 620 625 634 663 666 680 724 767 775 795 796 859 894 895 912 
 54 22 26 39 50 77 89 95 97 121 159 160 167 182 224 226 247 273 307 312 346 357 377 395 421 481 490 495 508 517 557 574 577 595 617 624 664 687 724 759 763 774 804 839 842 852 856 901 904 914 916 936 940 961 976 
 54 2 64 69 75 84 128 160 221 247 273 311 312 336 337 347 371 376 381 382 386 413 421 425 446 490 519 532 546 550 581 604 615 624 628 636 641 683 705 712 722 747 751 777 797 798 843 845 851 861 901 926 937 968 986 
 50 1 20 22 29 40 48 53 73 102 118 132 162 237 252 283 320 340 363 364 412 451 470 485 498 517 522 550 566 591 593 609 618 619 627 682 723 771 775 777 789 793 812 816 820 913 914 935 956 958 993 
 51 3 14 19 26 33 79 117 120 171 186 194 206 217 240 267 277 282 292 328 341 356 360 363 375 392 404 437 446 472 508 525 540 548 556 561 585 593 602 645 688 727 733 745 780 783 797 816 860 863 910 979 
 63 22 24 44 54 58 99 136 150 153 156 158 169 188 193 194 224 229 239 266 272 293 335 367 380 385 395 405 426 462 463 472 476 481 493 528 531 534 539 607 616 648 660 671 702 741 742 748 750 773 777 780 792 797 798 829 843 844 851 854 868 871 890 962 
 61 51 58 60 72 74 80 82 91 92 116 117 148 162 173 182 226 260 286 313 332 348 350 400 433 437 488 511 516 532 538 554 565 585 586 595 612 650 658 671 674 695 704 705 708 711 712 747 758 786 788 829 839 850 858 868 878 888 917 950 983 999 
 55 4 29 37 40 63 92 128 149 161 170 172 196 208 214 218 253 284 346 414 440 442 443 467 539 542 547 563 607 616 624 642 644 649 671 682 751 778 785 797 803 809 812 813 814 821 856 861 877 911 913 929 948 962 975 992 
 67 1 2 3 5 7 8 12 13 55 90 94 103 122 153 157 164 166 218 231 238 268 271 283 290 334 356 393 394 395 399 402 426 438 441 443 472 495 496 518 557 566 573 581 591 593 594 624 633 654 671 679 704 709 752 777 786 813 849 853 879 892 899 924 934 959 978 983 
 59 35 125 133 139 164 186 206 236 244 257 263 283 342 357 376 381 425 433 434 451 453 455 508 536 537 540 543 548 566 571 578 583 606 607 617 633 649 655 680 684 708 710 713 718 750 791 795 799 858 861 879 885 897 904 917 937 962 978 999 
 53 7 30 32 81 102 122 211 237 260 265 294 331 333 351 357 387 390 397 398 411 428 429 445 446 452 456 457 487 541 562 573 598 647 673 726 730 736 746 798 815 821 822 838 851 873 880 916 930 954 960 971 973 993 
 62 37 39 60 81 102 106 111 136 144 173 180 192 204 227 252 306 332 340 348 352 383 412 422 425 432 442 450 465 501 520 528 549 584 591 605 608 626 627 646 657 690 710 722 725 726 729 733 744 766 809 810 815 829 864 885 899 901 946 958 988 993 995 
 61 34 35 41 48 49 54 57 69 94 101 129 130 147 165 190 202 231 238 241 244 292 299 306 313 317 368 374 384 388 394 411 453 454 475 487 506 516 576 602 617 666 667 669 674 677 682 686 711 714 722 723 735 744 796 799 821 915 938 957 966 993 
 47 21 29 48 57 79 99 110 111 118 124 134 156 176 199 207 241 266 275 293 298 326 382 417 430 457 517 555 559 572 610 615 621 633 635 674 691 705 714 767 781 801 811 814 904 911 961 995 
 65 1 14 53 58 66 72 78 91 92 130 140 176 182 188 200 249 262 277 280 289 295 335 338 341 374 379 400 403 455 490 499 509 553 557 558 561 615 626 635 661 670 671 672 700 711 719 723 728 735 752 754 785 793 796 801 803 841 865 951 960 967 973 974 975 976 
 53 6 28 29 43 89 100 131 148 179 195 197 214 225 252 264 298 334 339 346 360 377 384 387 434 444 454 464 490 517 542 588 628 629 643 660 677 686 717 723 757 792 801 813 831 843 851 867 886 911 917 929 972 1000 
 61 1 25 61 62 85 113 118 134 139 150 163 172 206 216 228 229 236 287 295 318 326 373 393 407 420 438 453 461 464 471 494 554 586 601 613 614 626 677 705 714 722 724 730 736 768 776 803 818 844 856 862 866 871 889 893 923 950 962 968 979 994 
 51 5 15 45 90 93 102 112 185 190 228 256 300 316 333 339 370 394 397 456 458 464 467 468 471 479 481 482 506 518 566 570 603 641 690 718 751 769 776 796 798 820 830 855 870 879 892 906 948 949 958 984 
 52 40 109 161 263 272 291 299 304 305 316 332 340 354 359 375 402 453 508 522 532 560 570 582 610 611 623 634 662 673 693 708 719 720 745 766 770 777 778 814 820 827 831 848 880 890 903 925 934 935 941 942 946 
 66 22 36 41 77 81 112 134 139 143 147 150 160 237 238 270 282 285 297 324 341 351 385 411 448 475 477 486 492 512 525 529 542 548 578 584 628 634 637 648 655 668 671 672 674 695 704 725 747 756 767 776 780 804 830 843 861 876 907 928 929 935 962 973 976 977 978 
 69 16 39 59 63 69 71 95 120 133 172 201 204 206 227 260 261 278 313 318 327 338 355 356 359 394 407 436 452 468 475 561 564 585 586 592 595 606 610 640 666 685 714 719 720 744 757 767 777 779 785 797 832 833 854 855 860 866 872 873 879 888 892 901 907 912 943 955 969 986 
 61 5 10 27 51 70 91 119 132 178 195 209 239 248 271 311 314 328 346 365 383 396 401 402 413 416 426 452 457 478 492 500 522 526 562 563 572 573 592 619 661 671 713 714 735 745 769 786 789 815 830 848 861 885 899 911 917 960 961 980 994 995 
 65 1 6 9 20 25 28 32 49 52 59 77 89 91 121 157 158 185 191 206 210 215 237 246 262 266 271 274 292 294 310 352 359 380 392 413 458 499 530 543 559 619 639 640 643 646 659 665 667 674 706 755 756 769 772 781 788 796 803 839 868 906 926 948 958 984 
 64 25 39 40 50 66 83 94 123 136 143 162 191 194 208 219 220 224 259 274 289 296 311 350 351 362 368 386 400 402 406 428 482 492 498 523 532 576 583 594 604 611 629 634 636 647 669 695 703 737 753 762 778 803 830 869 882 888 901 914 936 938 949 953 984 
 66 11 21 30 54 61 92 94 99 116 133 143 151 157 185 207 245 251 261 262 270 272 274 297 314 319 348 387 388 396 404 415 425 427 428 441 456 466 505 523 527 535 607 615 618 627 664 709 724 759 775 790 798 835 849 853 862 884 900 908 913 915 937 960 962 987 995 
 62 2 17 22 55 63 109 112 113 156 172 198 220 234 237 244 245 282 284 293 305 352 366 386 392 398 431 432 434 443 452 495 509 532 585 595 614 616 617 622 681 703 706 714 731 738 818 822 834 840 866 881 892 894 899 902 911 916 930 945 982 987 994 
 57 27 36 48 52 118 149 182 184 210 239 257 287 299 301 310 312 369 392 393 395 423 430 456 458 512 514 529 566 600 623 639 641 647 660 664 680 691 722 739 742 763 764 766 814 843 853 873 886 898 899 912 917 925 934 955 964 990 
 54 9 10 17 40 53 73 86 89 96 102 118 142 158 199 206 223 227 237 275 278 308 314 318 362 376 426 433 438 441 472 490 496 537 546 570 585 606 682 686 692 723 747 752 801 826 828 834 842 844 891 903 953 966 977 
 63 10 21 40 52 67 104 111 122 164 178 180 189 242 258 259 262 268 286 287 290 305 310 318 325 346 350 353 369 380 385 394 397 404 434 439 474 512 518 538 601 653 656 662 693 703 704 708 710 731 737 750 767 779 812 829 838 839 851 872 874 894 901 971 
 52 17 19 51 76 78 82 85 101 129 134 148 160 171 215 220 221 240 245 247 273 299 396 411 436 460 461 470 473 481 514 596 600 603 616 631 662 681 701 735 749 759 779 786 806 822 839 853 871 937 950 951 985 
 50 11 20 73 84 149 160 173 174 177 180 186 197 227 261 336 361 367 368 384 395 404 413 445 446 484 506 509 512 519 527 549 570 593 641 659 710 725 744 790 852 855 859 874 893 923 934 939 953 976 996 
 51 13 18 36 42 71 109 115 116 121 175 190 233 243 248 254 317 335 349 351 354 360 365 374 386 432 513 515 521 541 584 607 633 663 675 682 683 693 740 746 760 812 821 832 834 840 855 889 918 922 925 940 
 54 68 101 136 145 184 193 201 242 276 277 294 327 339 358 379 381 418 426 432 491 500 538 539 583 586 603 610 612 627 633 647 694 720 731 746 747 757 782 783 789 797 798 803 821 831 862 871 882 912 918 935 954 960 972 
 59 23 53 54 60 74 90 100 140 164 172 182 183 184 198 199 225 226 292 300 368 376 392 402 403 416 443 453 471 481 493 505 523 528 532 557 571 574 618 624 656 687 702 736 765 785 794 805 808 833 835 882 888 901 933 947 972 977 985 996 
 48 40 80 100 149 155 165 170 171 196 200 205 232 244 335 348 352 374 395 406 412 442 454 484 495 498 517 547 561 563 569 652 662 717 733 757 776 810 824 841 851 853 862 863 872 949 959 971 982 
 67 15 16 25 31 38 41 50 62 63 83 84 89 150 165 171 172 190 201 221 257 262 266 279 292 293 295 300 307 324 337 361 382 387 392 398 401 443 451 452 506 522 548 554 582 649 650 652 664 672 677 682 692 736 757 783 811 858 873 902 924 934 941 954 957 966 987 993 
 39 17 24 59 91 93 208 218 228 229 285 295 319 327 347 403 413 421 423 476 481 482 523 557 607 614 660 661 665 679 734 794 799 817 835 898 914 924 936 961 
 58 2 12 20 39 64 65 84 101 121 132 134 148 149 162 181 210 219 262 265 283 291 299 316 334 345 361 386 393 424 442 462 465 466 530 553 563 570 602 617 661 664 678 690 699 703 705 724 755 774 810 814 857 903 911 951 978 985 986 
 65 3 8 13 21 32 33 34 51 75 106 107 108 157 162 178 181 188 189 193 209 211 230 236 239 254 260 278 285 290 338 352 394 416 430 435 451 453 478 490 511 512 519 576 594 604 663 668 693 719 722 744 750 766 772 774 778 786 808 809 847 866 902 919 935 974 
 49 1 23 100 110 115 155 161 163 165 190 199 213 214 215 221 319 325 358 380 383 385 475 477 482 527 563 593 616 626 630 638 666 676 684 700 702 723 731 766 774 802 810 842 862 890 899 929 933 953 
 56 18 34 35 39 52 91 161 167 189 197 219 230 250 258 304 305 324 347 348 366 378 383 389 397 401 473 508 513 527 534 539 552 571 592 598 647 653 690 730 736 737 740 770 808 815 837 853 867 876 931 933 936 984 988 992 993 
 70 7 30 33 51 53 63 67 76 79 90 107 110 147 156 167 175 191 197 198 214 218 229 230 262 283 299 330 332 337 351 354 358 364 392 393 410 422 445 460 473 483 493 558 589 600 601 604 606 607 628 633 634 657 686 716 726 750 777 792 800 830 858 865 913 924 926 964 965 968 978 
 50 1 2 20 25 74 102 117 123 129 157 162 227 232 270 295 317 318 324 421 483 487 488 508 560 575 603 608 616 644 647 653 676 694 697 724 725 727 755 771 797 807 832 854 879 883 898 899 913 929 934 
 66 8 83 90 93 98 140 143 144 148 156 157 171 174 199 212 226 229 230 253 264 281 300 312 327 358 375 410 416 422 427 454 461 463 469 472 478 483 509 527 552 578 580 586 589 601 604 609 617 630 647 650 709 717 782 810 815 819 888 902 913 924 937 946 959 989 996 
 53 20 21 90 95 124 127 147 162 163 251 298 301 309 315 328 330 393 428 436 437 481 497 498 499 516 533 540 580 582 589 612 619 621 624 643 653 676 691 702 710 717 723 774 791 807 825 835 905 936 961 963 971 999 
 66 13 34 49 70 93 109 131 140 165 166 167 178 207 229 253 261 285 289 296 311 313 328 335 339 364 365 366 377 378 384 411 491 507 508 529 538 544 547 557 565 580 581 583 602 622 627 631 689 692 732 734 738 749 751 754 765 778 785 799 827 864 877 899 962 966 990 
 63 3 12 21 27 41 87 108 116 123 130 138 149 158 181 194 229 253 283 285 288 300 307 325 347 359 387 388 395 413 423 482 499 520 547 550 564 583 602 621 625 634 636 646 647 713 748 749 757 759 820 823 851 862 872 884 898 913 916 935 956 987 994 995 
 56 10 25 42 79 81 89 95 106 108 132 148 182 183 187 188 244 260 261 263 272 301 319 323 327 337 362 370 393 397 406 421 505 512 547 561 571 593 594 607 652 671 699 707 720 735 776 785 786 806 809 844 920 948 963 965 975 
 56 15 21 25 27 50 61 62 64 129 147 195 207 226 245 250 273 306 309 337 338 357 360 366 371 404 433 468 482 545 547 574 585 593 609 616 642 647 675 681 705 738 749 768 773 780 828 830 888 899 916 917 923 927 949 951 987 
 61 1 23 25 39 41 48 100 115 126 127 147 152 181 191 219 274 293 305 315 335 338 364 374 403 411 436 441 443 452 460 461 511 522 527 537 570 591 619 627 639 647 659 664 702 719 722 779 798 827 832 844 845 852 862 876 889 926 954 980 988 991 
 56 1 10 30 31 81 85 130 140 174 181 200 221 234 239 245 272 296 312 313 325 376 382 384 388 406 412 413 419 438 468 469 476 540 550 563 568 595 596 612 626 642 643 661 672 682 711 735 754 775 780 793 816 829 889 934 949 
 64 1 2 3 8 37 55 71 89 90 116 118 162 199 202 211 215 216 271 272 273 282 299 324 332 335 349 376 383 393 399 411 413 432 454 469 474 489 505 558 564 583 591 627 631 633 643 648 682 685 697 706 713 716 746 769 800 802 829 838 879 890 903 938 946 
 67 2 18 21 30 47 48 50 65 74 79 86 109 114 125 142 152 169 209 210 225 227 240 255 274 279 280 288 293 309 325 354 359 362 367 370 383 385 398 432 436 445 500 505 517 519 550 552 553 564 567 585 607 609 629 703 735 754 759 864 872 879 880 900 921 940 981 983 
 58 1 50 82 88 92 111 125 128 129 133 150 156 158 165 169 176 226 248 253 256 273 289 294 305 312 358 381 382 414 461 465 527 528 553 561 563 581 623 647 673 698 705 723 738 762 786 847 849 869 870 896 898 912 925 952 981 984 986 
 50 4 33 45 60 68 79 94 121 123 133 150 179 188 206 208 213 225 301 313 338 368 392 406 412 417 418 433 477 497 517 551 558 605 638 653 665 674 677 682 727 734 736 821 824 836 868 891 923 984 999 
 72 4 7 40 41 57 61 70 87 97 100 129 139 141 146 151 172 182 192 196 197 212 240 242 252 254 255 272 292 299 321 324 325 344 346 350 365 370 402 411 414 464 485 496 551 553 556 601 608 624 643 674 675 682 695 703 733 763 767 778 808 832 837 846 861 871 879 893 921 926 964 967 978 
 52 68 87 138 172 221 238 245 254 275 316 324 349 373 376 413 414 451 454 473 496 497 516 520 532 563 568 594 607 622 623 646 657 660 755 776 809 813 829 836 844 857 863 879 884 931 935 969 978 981 989 992 997 
 69 1 43 59 73 95 96 100 109 130 142 147 165 189 206 211 221 222 227 287 291 292 303 334 337 343 346 385 409 506 517 547 550 560 564 590 599 602 641 659 686 699 710 721 729 735 749 771 776 787 789 797 820 831 840 841 851 857 866 869 880 910 915 921 929 934 954 979 988 996 
 64 22 30 33 43 51 89 95 105 108 116 123 142 171 176 189 194 226 262 264 265 275 286 331 343 348 353 359 380 410 432 444 453 479 486 510 520 540 577 668 677 681 702 707 709 726 735 744 751 757 758 774 786 788 797 799 811 823 864 906 909 917 949 976 998 
 55 44 66 100 125 159 164 180 205 219 234 246 256 269 298 309 317 331 339 385 386 419 423 480 485 498 508 510 556 581 600 601 607 613 622 637 641 646 652 712 730 734 735 799 809 816 821 829 833 873 890 911 947 950 954 985 
 60 26 38 49 50 65 91 92 139 193 212 213 215 219 221 227 239 242 297 334 402 405 408 411 429 436 438 440 442 453 455 499 517 521 529 544 553 609 626 631 639 649 654 676 686 717 741 756 757 758 782 822 826 853 859 900 909 934 942 947 993 
 62 34 39 59 80 104 128 147 151 174 191 215 221 239 247 276 278 295 296 307 318 328 357 372 394 415 428 463 467 474 491 498 531 561 575 595 598 618 660 672 674 703 711 712 715 725 732 734 754 775 798 800 802 830 842 850 852 880 887 898 916 934 966 
 63 3 9 15 17 32 48 49 102 121 144 161 172 182 190 198 223 249 253 255 302 337 349 367 368 384 407 414 425 452 460 521 523 539 548 549 560 591 607 628 644 678 686 695 707 742 744 747 759 763 764 785 788 791 801 818 825 894 898 944 952 961 968 975 
 64 2 4 40 51 52 60 81 128 175 187 209 210 234 253 255 257 296 314 350 364 382 421 435 472 484 491 532 534 540 541 548 574 575 584 652 660 667 690 705 737 743 763 773 778 802 808 811 816 821 824 841 850 865 877 888 923 924 930 963 966 971 975 979 980 
 60 3 10 34 39 62 69 111 124 180 183 191 198 243 262 268 292 334 347 349 359 392 395 424 432 438 442 451 463 492 506 509 511 514 561 570 596 603 627 633 635 649 655 675 711 712 744 746 774 809 829 835 860 865 884 888 913 923 946 981 998 
 64 30 34 55 58 80 81 97 101 108 109 116 123 140 148 156 174 175 178 200 213 236 314 329 349 352 365 393 427 430 443 463 482 483 551 581 583 591 596 636 648 660 663 671 676 677 680 681 694 711 712 722 737 774 829 834 857 872 873 892 899 910 917 967 976 
 77 17 21 28 29 57 64 70 72 75 81 91 107 109 127 128 140 145 157 164 165 193 196 206 210 213 248 262 265 297 304 346 350 351 373 374 382 396 397 405 407 410 442 484 485 491 504 560 561 566 570 584 585 596 639 649 658 685 693 719 731 732 740 760 778 779 790 831 838 857 862 864 896 914 921 938 939 942 
 56 11 25 45 48 56 78 95 97 100 133 135 169 206 219 235 251 268 272 273 291 293 306 312 321 335 337 358 359 388 396 428 441 446 458 470 491 529 541 562 571 575 616 658 675 697 710 712 766 817 825 913 938 947 952 984 993 
 62 8 57 89 98 139 146 207 209 230 232 283 284 310 373 395 396 452 456 473 483 493 510 516 517 541 559 561 567 584 600 616 621 633 634 647 658 659 668 681 697 702 707 709 712 714 722 733 734 780 784 799 829 874 878 886 898 900 911 927 954 969 976 
 52 11 23 81 115 127 129 155 159 236 244 286 301 337 366 384 387 392 400 435 460 463 469 480 487 500 524 538 543 582 584 612 613 625 627 628 662 707 722 748 755 766 770 776 810 813 852 893 903 904 916 927 935 
 62 49 62 89 144 168 183 188 211 271 273 304 306 322 329 351 357 386 413 417 432 433 436 463 486 520 537 541 557 581 600 608 609 611 623 625 665 673 683 685 698 727 734 753 756 758 767 794 798 800 808 820 841 842 858 881 892 902 924 936 949 975 976 
 67 20 49 52 80 100 120 133 137 138 139 142 146 173 195 213 219 277 334 338 391 405 411 415 429 492 500 505 528 530 533 535 539 580 585 587 593 608 619 623 630 632 636 658 661 672 674 682 696 714 726 732 744 754 756 777 804 809 810 829 831 863 889 925 954 961 977 984 
 60 8 9 15 42 47 59 68 73 74 79 179 199 226 240 249 253 258 263 284 286 287 295 301 307 353 383 461 463 470 527 545 562 563 570 582 593 597 599 612 649 660 672 687 703 709 726 750 757 759 779 787 830 844 851 868 899 923 924 947 973 
 51 23 38 51 55 67 68 84 109 112 116 127 185 199 252 288 305 321 329 344 347 354 375 425 437 447 482 518 520 551 555 560 571 574 605 620 647 661 662 705 723 730 732 736 758 811 830 923 950 960 965 967 
 50 8 36 47 52 57 76 79 93 117 150 189 207 208 212 224 237 242 258 324 333 341 358 426 464 466 473 482 501 533 541 547 553 554 571 582 608 616 619 626 749 755 787 810 856 883 900 915 921 949 969 
 53 16 22 31 52 63 68 125 130 139 142 147 156 173 182 202 219 284 316 334 367 388 409 412 445 451 482 542 574 586 612 622 624 647 658 684 703 717 721 725 732 779 809 830 838 843 860 861 874 880 948 951 963 971 
 62 18 23 36 44 99 104 115 121 135 156 163 175 198 228 271 286 291 296 303 309 312 313 316 317 326 328 353 415 418 443 460 461 478 486 490 491 495 549 557 569 571 580 583 588 611 615 623 634 652 657 659 691 709 739 796 854 863 866 916 919 940 976 
 73 8 40 57 61 79 81 157 186 197 208 209 221 233 252 261 267 280 285 312 315 335 351 376 401 416 422 433 442 475 492 499 506 507 518 538 551 564 595 597 607 642 643 660 682 704 709 743 744 755 768 781 792 799 809 810 813 833 856 857 872 901 913 918 930 944 947 950 966 969 977 978 987 989 
 73 7 10 31 62 73 105 114 131 142 159 163 172 174 189 201 218 236 264 271 272 276 293 295 297 384 389 418 433 446 465 481 484 508 516 527 543 558 580 592 597 626 636 647 651 654 659 662 676 678 680 690 701 704 712 732 745 764 774 789 797 810 811 817 829 876 877 888 903 911 931 975 976 988 
 45 25 36 44 67 126 164 166 174 206 212 247 261 293 359 363 376 384 392 403 433 448 519 559 563 653 669 675 688 702 772 782 797 809 814 818 832 844 882 890 892 958 961 968 977 984 
 63 7 33 39 53 58 76 85 130 139 144 147 149 156 185 188 212 240 246 288 296 308 312 316 322 327 372 394 403 427 453 478 493 509 513 515 524 534 538 580 598 600 611 614 624 647 671 691 727 737 738 786 846 852 861 884 901 926 933 946 963 984 988 995 
 63 26 48 64 70 89 100 116 117 118 128 139 166 196 199 216 226 237 240 245 254 257 272 287 291 294 320 335 336 353 374 376 432 457 482 518 539 549 561 577 623 625 650 651 664 680 721 726 736 805 811 819 823 826 869 879 901 906 912 918 960 978 986 993 
 57 20 34 47 63 69 79 85 90 119 133 181 201 225 243 252 278 290 308 310 312 313 354 373 385 392 421 441 462 507 518 527 561 633 635 640 648 657 660 667 707 721 723 738 776 779 787 791 800 852 857 868 907 910 926 972 975 997 
 54 16 32 60 77 138 147 166 180 187 249 258 316 320 323 330 338 363 429 444 490 517 525 537 557 562 582 584 585 604 625 649 671 681 692 698 701 709 740 765 776 799 812 825 852 854 864 879 889 893 914 940 948 970 971 
 61 20 26 34 44 49 56 61 87 121 127 139 142 184 210 246 250 276 304 329 349 390 432 453 472 499 538 542 558 602 649 657 663 685 690 698 709 713 733 739 745 748 755 769 781 783 824 829 830 840 842 847 850 852 868 874 899 902 916 956 977 978 
 59 8 20 54 55 82 113 170 197 211 264 324 331 353 357 362 372 376 389 423 434 469 488 494 538 541 584 607 619 635 644 657 662 680 684 686 711 726 775 776 780 796 810 846 856 875 881 888 892 898 908 909 911 914 923 924 928 935 948 995 
 62 7 40 47 57 70 103 104 106 118 129 140 141 152 156 163 246 287 289 293 302 349 351 357 359 361 382 480 497 514 529 575 582 595 600 601 606 617 637 645 648 703 709 711 715 730 736 744 767 783 802 832 845 861 873 879 911 953 955 979 981 993 996 
 68 50 55 63 65 66 70 80 101 111 117 120 157 181 207 209 220 228 245 253 258 291 293 295 296 315 340 372 388 406 442 452 485 491 501 526 534 606 614 623 629 641 649 662 713 731 737 754 759 773 776 783 802 823 830 836 856 874 876 894 901 919 939 940 951 952 953 966 986 
 56 30 33 62 68 140 162 255 265 275 291 335 363 364 384 408 415 421 434 444 451 463 464 474 480 493 528 529 536 579 589 610 618 619 650 658 695 711 712 732 744 754 767 786 800 833 865 881 889 896 912 939 957 968 977 988 989 
 56 9 13 15 23 62 69 77 78 119 137 155 164 174 192 208 212 226 263 271 282 345 347 360 427 493 496 499 521 550 560 565 574 575 615 620 623 635 640 647 651 685 698 725 737 747 761 775 810 890 908 923 932 947 955 959 975 
 61 21 34 52 66 123 133 140 149 168 196 216 219 221 246 265 273 316 327 337 343 356 378 380 396 403 421 446 461 462 473 511 528 568 595 597 608 613 633 652 672 686 696 716 748 752 764 774 786 787 788 797 845 846 854 877 880 881 891 951 977 988 
 57 26 30 35 60 73 91 109 148 167 183 190 207 211 227 260 279 313 368 413 414 422 431 450 458 465 483 490 515 531 533 542 545 550 551 557 625 678 718 722 734 740 745 754 762 767 801 803 842 843 855 874 896 925 928 960 962 967 
 63 35 81 120 180 181 184 199 200 220 227 228 237 254 271 280 292 296 303 314 327 346 347 364 365 369 405 411 421 426 430 522 528 537 547 559 571 578 623 633 680 686 694 710 715 745 753 766 768 789 804 808 821 822 837 851 852 855 871 905 919 930 949 953 
 59 58 92 158 174 192 229 260 264 286 293 305 314 402 424 452 455 456 461 486 506 554 558 562 576 583 591 600 608 619 633 654 658 659 661 681 693 710 724 731 734 769 804 828 831 859 880 899 911 915 934 938 943 949 953 967 969 971 976 978 
 53 32 63 77 81 82 95 105 106 107 191 203 246 280 296 304 328 371 373 396 414 422 437 440 447 481 495 519 538 558 581 586 617 624 638 640 651 666 680 767 777 778 797 815 830 873 875 906 916 920 934 966 998 1000 
 46 4 24 58 65 110 115 131 173 180 206 236 245 246 248 276 304 319 334 335 342 413 473 478 488 525 527 560 611 646 649 687 693 701 704 706 710 711 744 794 804 817 844 864 932 982 986 
 53 1 64 77 95 105 119 144 147 175 181 191 203 219 223 246 261 264 287 300 338 357 359 372 374 416 430 440 442 462 466 473 474 529 546 573 597 603 650 658 668 718 749 798 809 810 819 830 855 867 870 894 932 934 
 60 3 11 14 39 49 52 54 70 89 110 128 164 172 181 199 209 237 246 250 265 267 274 279 324 331 366 367 384 406 433 463 467 473 474 476 538 573 581 613 615 623 652 672 678 684 716 747 757 787 812 826 831 833 854 865 866 882 912 935 948 
 61 31 48 50 51 58 154 161 168 183 195 230 252 271 273 298 301 314 346 364 368 369 395 408 421 469 483 487 494 505 506 513 516 542 564 571 592 610 632 645 650 653 660 698 701 718 732 759 766 817 822 826 833 854 887 901 908 912 919 936 943 970 
 54 9 37 60 61 77 88 92 127 131 189 211 220 312 361 386 435 454 458 516 531 533 539 550 574 609 613 650 661 680 684 690 697 701 722 747 759 788 797 804 810 814 816 820 822 883 894 907 917 929 931 946 964 976 977 
 57 29 30 39 44 47 60 121 160 230 235 238 246 267 275 302 334 346 349 364 393 399 412 413 448 462 465 478 482 492 522 535 537 558 571 581 601 616 646 696 737 785 799 829 835 864 871 888 898 910 915 926 939 946 954 979 982 986 
 54 11 23 24 58 65 82 95 101 110 119 141 155 175 183 193 198 292 320 332 336 344 373 385 445 483 525 543 566 567 589 591 595 626 671 683 701 711 727 776 813 815 823 842 850 851 852 865 893 894 896 915 945 956 970 
 54 6 9 11 14 67 68 78 79 85 108 109 114 131 148 159 181 223 226 240 251 260 297 322 349 372 394 406 411 418 437 456 497 527 530 538 549 558 592 615 665 683 689 734 756 803 833 837 866 890 924 967 969 977 986 
 48 10 48 70 80 94 97 121 134 156 164 175 181 183 224 264 272 283 321 323 340 377 403 411 422 426 439 485 491 537 572 580 582 586 591 628 663 671 724 748 762 797 873 878 928 936 942 958 991 
 62 17 50 77 91 107 114 115 117 120 130 147 153 182 185 193 207 219 244 253 265 282 288 302 304 341 358 419 432 439 513 538 571 595 608 616 626 633 636 666 672 675 691 766 786 791 794 809 813 823 834 855 866 881 884 886 890 908 944 952 963 973 984 
 54 21 25 30 89 108 139 158 190 223 227 250 295 312 323 350 353 386 392 399 401 433 460 474 480 505 551 570 571 592 600 613 617 622 625 642 646 655 663 687 702 721 722 744 746 789 813 819 856 877 934 943 948 960 969 
 56 14 27 33 63 91 97 105 117 131 154 160 174 202 249 255 296 300 335 338 350 352 394 403 420 424 443 449 455 487 491 498 530 533 541 551 559 562 572 592 618 671 674 711 731 733 734 778 781 793 810 880 908 914 926 935 944 
 56 36 58 89 95 102 169 193 209 246 282 285 292 312 314 320 340 347 354 359 394 431 470 477 484 507 533 534 545 555 581 591 594 595 612 618 637 658 662 677 680 688 723 737 742 772 776 778 789 801 808 821 847 857 909 920 935 
 56 2 9 12 39 43 149 159 173 182 190 206 226 230 231 243 307 326 327 334 343 370 430 432 444 450 488 493 496 537 559 570 571 580 588 605 616 625 637 666 692 718 724 733 765 797 813 814 862 879 898 912 917 920 936 972 980 
 57 10 11 17 20 21 24 25 39 68 74 77 78 98 106 124 133 158 159 191 225 244 262 390 403 404 405 421 493 504 529 544 567 570 580 603 606 616 647 667 687 694 725 728 730 758 794 812 841 872 883 917 918 945 951 967 987 988 
 66 5 9 38 40 59 68 72 76 92 99 116 159 166 174 196 197 200 212 213 219 229 261 267 272 298 300 306 325 336 374 381 386 408 420 451 462 466 473 491 492 525 529 537 550 589 633 642 658 661 710 715 728 731 734 761 807 812 833 872 874 875 879 930 983 993 998 
 45 23 59 73 90 124 132 147 152 210 239 277 286 310 352 360 428 449 460 486 489 491 507 515 517 531 557 631 643 645 646 649 658 659 715 757 777 833 845 871 896 911 925 943 951 963 
 77 5 26 31 87 91 99 102 111 120 135 152 158 163 171 177 180 208 220 227 231 237 241 246 260 279 286 306 311 313 356 387 388 389 443 469 493 494 498 500 518 520 530 537 562 572 584 585 587 596 610 613 617 627 635 653 664 682 711 748 767 798 802 817 828 836 838 841 856 861 910 923 944 949 977 993 994 1000 
 52 83 86 90 122 124 172 189 202 203 207 211 261 263 276 287 402 414 436 489 523 539 567 601 657 658 662 663 683 691 695 697 698 702 712 720 723 733 792 806 845 855 871 882 883 891 900 918 923 942 959 961 988 
 63 38 48 58 78 110 118 139 141 143 159 203 211 228 232 235 248 255 265 267 271 277 307 317 318 336 342 360 362 392 403 412 424 444 454 457 459 469 472 489 497 517 560 575 576 614 652 660 662 679 693 695 698 703 744 770 788 806 828 846 852 946 950 962 
 74 3 8 11 20 21 47 78 83 89 93 100 117 121 125 131 140 184 227 238 276 282 284 292 300 306 312 338 343 360 370 386 394 398 414 460 463 464 475 476 477 489 495 507 537 546 549 560 565 573 578 605 624 647 654 659 683 704 719 721 744 752 767 781 798 804 854 862 864 880 892 912 939 991 993 
 63 12 49 61 69 71 78 84 96 128 130 140 155 189 210 218 242 266 268 277 286 296 298 315 331 346 354 358 389 399 465 505 506 518 520 536 546 551 558 570 577 581 608 609 620 626 650 665 686 731 734 768 771 808 811 835 844 855 861 888 891 943 947 986 
 49 16 22 30 47 86 96 120 127 132 141 160 198 231 232 258 260 290 296 339 355 376 388 389 396 413 434 435 447 470 485 585 618 679 681 683 696 723 754 760 777 797 822 832 842 867 924 926 955 963 
 60 1 9 22 31 129 132 148 149 177 188 198 200 212 243 246 261 287 296 316 321 324 329 335 338 397 412 424 428 443 483 494 601 612 620 624 637 648 653 658 666 667 696 726 764 775 787 808 820 832 836 855 924 925 938 939 954 970 975 996 997 
 54 8 20 33 39 78 90 103 115 131 153 184 215 218 222 226 230 254 258 317 344 357 364 419 422 445 455 467 508 518 537 550 561 576 608 648 691 695 706 723 730 743 768 798 810 829 830 837 839 852 862 885 911 925 953 
 57 14 32 50 59 65 100 129 134 212 246 286 307 317 326 328 341 347 375 394 408 428 444 446 451 464 466 469 492 546 556 557 597 608 616 643 645 656 706 715 723 746 758 760 769 786 809 820 821 827 848 856 868 886 908 919 925 976 
 48 4 5 14 25 26 37 56 80 86 110 115 138 148 162 174 182 186 192 210 306 310 312 314 375 381 412 421 516 566 569 572 610 636 648 674 693 734 752 780 786 804 827 835 865 888 898 904 958 
 55 23 46 122 139 141 150 166 185 208 209 220 227 237 255 282 320 325 419 451 461 473 491 498 504 522 524 526 537 554 562 564 570 576 597 642 681 692 693 703 736 751 758 770 779 793 806 811 910 916 947 976 977 985 995 1000 
 66 10 30 42 58 63 67 70 98 112 115 127 139 182 185 230 235 245 260 285 306 312 358 402 441 498 513 514 519 529 557 568 574 593 634 653 657 663 671 687 701 712 725 737 742 744 755 769 771 787 804 805 815 851 871 888 891 911 952 964 967 979 985 986 993 994 998 
 54 16 39 42 48 71 76 128 147 152 170 226 234 253 267 287 290 293 312 327 341 372 374 406 415 452 502 521 533 537 558 591 608 623 624 648 659 660 726 733 735 746 766 775 809 829 840 842 845 907 930 950 970 986 998 
 63 13 23 24 43 50 51 61 68 74 103 132 154 205 209 218 221 226 252 265 266 269 297 319 349 357 384 399 401 414 465 466 474 484 527 537 540 543 602 603 639 641 642 644 654 658 666 672 673 711 712 729 736 773 777 823 900 903 911 923 945 984 985 999 
 58 9 10 15 17 21 55 59 75 90 96 101 102 127 132 133 158 166 180 181 219 263 319 321 326 327 345 357 361 472 481 483 502 548 574 582 601 628 645 688 691 697 703 717 804 809 819 824 854 882 883 898 901 922 943 944 985 995 996 
 62 1 20 68 77 81 100 104 139 234 241 244 283 314 349 353 381 412 413 416 417 420 421 424 441 442 451 458 478 500 519 528 537 548 549 555 565 579 591 595 609 617 620 624 626 648 656 675 683 690 699 744 753 780 786 792 853 866 884 923 930 950 989 
 60 3 8 21 42 100 130 141 157 180 207 216 219 237 261 266 279 285 317 324 334 391 435 437 450 458 494 502 556 563 580 600 602 614 620 623 633 647 658 660 690 723 740 744 745 774 777 824 848 871 875 889 898 912 919 941 948 956 967 978 996 
 58 11 32 54 56 58 119 122 139 149 150 153 161 172 177 217 238 243 260 271 337 338 346 383 405 408 427 435 440 442 464 472 528 551 581 587 605 641 643 654 658 665 672 692 718 723 725 760 775 817 829 841 879 881 923 950 954 956 967 
 60 9 19 37 60 65 72 76 78 106 117 127 148 228 253 339 351 393 396 415 417 418 420 423 431 447 452 472 473 484 489 491 506 512 519 531 538 559 570 626 631 636 637 640 641 645 671 691 698 733 736 744 754 763 800 803 814 826 838 951 962 
 65 5 11 21 48 52 61 69 103 111 113 116 117 120 177 184 192 197 205 210 218 221 243 244 254 260 262 274 295 301 306 317 325 414 433 442 443 456 463 470 481 502 524 527 541 557 607 633 646 680 692 696 703 732 745 764 776 791 830 844 850 854 923 949 957 966 
 53 3 20 99 110 117 131 137 172 176 198 200 214 215 228 257 322 326 339 343 359 377 382 384 401 403 411 433 442 447 454 474 530 532 561 570 575 592 604 621 624 629 683 684 714 745 748 749 813 855 860 881 958 959 
 43 10 100 132 135 165 189 227 233 234 237 249 258 266 296 342 377 398 429 451 452 510 523 537 557 573 582 592 609 635 678 692 716 746 777 814 891 904 911 925 932 937 980 991 
 52 41 48 59 77 90 135 157 176 193 208 223 236 251 286 292 302 308 334 346 350 415 423 425 429 431 454 484 492 505 548 558 573 592 593 612 630 639 650 651 691 692 730 733 749 755 760 770 792 830 843 931 976 
 61 40 82 85 87 102 121 180 208 239 249 262 283 324 329 340 346 347 364 372 395 408 463 472 482 493 496 497 528 568 572 589 592 601 618 635 652 662 685 705 711 721 734 749 790 796 810 822 827 876 889 911 926 928 940 955 957 969 978 984 994 997 
 63 26 33 50 62 65 84 99 109 133 142 149 218 229 267 273 274 293 308 329 354 374 375 398 411 433 451 452 492 494 521 532 555 558 576 609 621 639 645 650 659 662 678 684 691 714 732 745 756 766 807 808 811 828 837 843 844 895 900 907 909 924 937 971 
 65 14 15 16 42 58 85 96 101 103 105 110 116 117 139 141 161 163 184 201 212 227 261 277 280 298 306 310 317 336 348 359 367 374 383 442 448 466 479 484 494 521 527 531 544 554 583 585 624 666 676 725 754 758 762 822 823 841 867 871 877 890 920 970 975 984 
 70 2 25 55 69 76 94 103 111 119 130 147 172 183 187 210 228 235 237 245 289 312 313 320 352 357 359 365 372 394 419 433 452 472 473 490 492 516 519 530 540 553 555 562 568 585 586 619 620 630 633 634 640 645 654 682 719 740 755 785 787 797 803 808 810 825 902 915 924 945 951 
 52 5 8 20 40 42 67 83 90 106 116 117 136 141 190 198 238 260 283 334 360 370 392 401 421 433 436 456 460 488 505 506 526 572 607 622 633 636 641 680 688 702 735 759 766 774 775 788 834 852 881 929 993 
 54 4 6 21 22 32 48 51 66 77 101 126 148 152 161 201 206 246 275 278 286 294 345 357 376 382 407 432 435 464 466 467 479 481 486 495 504 520 524 536 544 653 663 752 775 782 788 793 799 802 820 833 837 914 936 
 68 1 9 18 51 75 77 102 115 116 164 169 173 189 245 283 302 322 335 344 347 360 372 373 375 404 461 465 468 471 475 481 524 539 542 561 565 591 593 625 654 657 677 681 682 686 712 759 768 789 797 808 851 859 861 871 875 882 892 899 912 920 940 961 963 968 971 987 992 
 67 3 6 20 54 94 103 115 124 127 135 218 219 223 238 261 263 294 320 326 347 358 370 381 389 396 406 411 464 480 507 510 513 540 548 560 577 591 601 602 604 608 624 633 648 665 691 697 708 725 751 800 801 816 844 862 869 889 892 904 912 922 938 945 952 955 975 986 
 55 5 15 27 47 57 100 111 124 129 138 173 185 209 213 215 254 299 319 338 343 402 427 429 478 502 506 508 540 548 552 558 568 582 592 625 628 639 694 708 731 738 746 752 761 781 811 824 841 882 890 900 922 928 935 958 
 62 44 61 73 80 142 143 151 156 169 176 202 222 265 281 282 285 303 314 319 355 357 367 382 388 390 437 440 441 446 453 494 498 507 514 533 541 565 575 603 648 658 664 668 693 710 737 745 762 770 799 809 814 865 890 895 936 947 959 960 962 993 997 
 56 53 63 68 71 75 86 101 119 124 133 142 148 152 158 179 197 232 238 267 293 307 319 348 352 366 406 427 446 455 529 540 546 562 575 588 597 619 625 649 651 656 672 698 745 752 778 784 791 819 821 915 926 950 968 983 990 
 60 4 6 64 80 126 159 178 183 200 204 225 229 230 231 252 257 269 277 315 365 367 396 399 403 417 422 452 483 521 530 558 571 582 589 590 618 622 634 636 641 652 669 688 702 735 754 758 767 780 790 809 824 831 852 854 915 921 948 982 997 
 56 32 42 46 48 51 66 81 140 163 172 181 204 206 207 224 233 245 262 282 288 300 347 364 367 387 428 432 471 508 512 517 527 554 557 573 615 620 675 685 714 717 770 779 802 822 839 844 865 883 896 903 904 921 926 951 967 
 64 12 31 32 35 40 48 72 86 89 103 108 128 158 164 172 185 209 214 220 226 238 242 307 321 325 334 336 340 358 373 392 396 398 429 485 498 505 523 524 527 541 570 571 605 635 651 659 674 677 683 688 694 724 755 756 820 831 851 856 916 939 967 969 975 
 69 35 80 89 93 112 120 147 172 188 197 207 227 234 253 259 261 272 296 318 319 356 366 373 375 406 410 422 454 460 473 475 476 527 528 537 539 563 583 590 607 644 671 685 731 738 749 757 772 776 781 785 787 798 814 823 830 834 838 854 872 879 883 891 917 934 935 951 975 976 
 66 13 21 81 98 109 118 123 129 153 164 167 176 187 188 192 198 219 264 275 293 298 302 313 382 393 395 404 406 412 417 428 439 455 465 472 483 493 518 547 568 572 577 589 597 634 658 661 702 716 752 761 788 800 802 810 848 855 873 886 890 920 927 939 946 961 985 
 49 9 13 23 53 62 94 98 139 145 161 165 175 190 201 306 310 335 342 353 365 428 433 457 498 549 564 601 605 612 636 674 680 701 754 781 790 801 805 826 832 837 851 853 883 889 923 957 982 991 
 72 21 23 24 31 39 77 89 91 104 109 110 149 159 160 161 163 171 186 191 200 206 216 218 225 228 238 248 249 255 263 276 283 292 297 304 313 341 372 383 415 435 486 505 532 583 591 594 599 601 606 621 673 675 728 742 768 770 791 809 814 815 839 869 901 902 919 924 938 950 954 965 975 
 61 13 17 24 42 49 70 90 116 125 140 143 156 206 229 246 249 254 255 257 271 272 317 347 348 349 379 414 421 422 451 454 461 490 531 548 570 629 630 644 675 692 723 737 741 760 765 774 798 821 826 858 874 876 891 923 947 970 973 993 994 997 
 70 5 16 49 57 94 102 106 109 130 135 144 149 160 172 184 190 197 206 214 251 259 263 274 314 345 351 367 408 456 467 474 498 499 504 511 514 522 535 547 572 575 604 628 639 643 650 656 673 680 702 716 733 744 760 778 785 786 827 844 879 910 918 919 934 935 962 974 976 982 991 
 51 9 15 22 23 32 45 70 97 116 128 153 208 254 257 289 306 309 316 321 339 355 404 476 478 491 495 511 516 517 529 558 581 600 606 623 629 633 634 665 671 684 694 731 770 771 797 820 831 898 914 988 
 62 1 47 48 50 70 90 104 119 120 128 139 163 167 168 171 213 219 226 260 277 296 323 357 360 364 382 387 392 403 484 513 530 538 553 573 587 602 636 643 648 652 661 688 692 704 717 720 727 779 780 798 816 828 869 889 896 906 950 973 994 995 999 
 55 39 54 62 64 101 103 104 109 129 135 139 151 163 200 201 204 230 288 305 328 333 341 363 369 392 402 441 457 462 472 489 573 579 581 584 608 618 629 642 648 675 684 715 722 724 728 732 760 797 864 913 930 940 981 986 
 59 11 27 44 77 91 102 135 136 142 172 207 220 223 227 230 231 232 248 249 261 285 304 313 318 373 377 391 442 454 469 510 529 540 541 549 552 561 587 604 607 618 646 657 660 717 719 731 733 763 766 804 806 833 853 872 878 935 969 989 
 63 12 14 30 51 80 101 110 111 130 161 166 170 199 208 236 239 271 293 303 314 327 346 348 379 389 403 445 476 479 483 495 521 531 537 541 572 585 592 600 604 633 640 658 664 716 720 726 761 820 830 831 832 869 872 873 883 900 902 903 934 946 978 996 
 65 8 12 21 55 58 59 81 109 110 123 128 129 140 159 162 185 212 218 231 238 268 276 281 284 314 358 374 399 404 411 423 442 462 467 487 493 527 539 554 570 587 606 642 689 700 706 718 731 752 758 774 789 812 824 841 853 862 875 880 939 955 968 977 984 986 
 56 10 35 44 49 55 69 142 185 187 193 210 236 256 270 282 312 325 337 347 355 373 387 421 442 465 492 509 534 578 608 650 651 652 680 685 687 750 752 755 774 777 806 820 832 852 853 880 891 900 907 916 923 940 948 964 995 
 55 3 49 71 80 110 111 116 139 182 219 220 233 250 290 293 310 372 422 431 470 475 476 496 561 564 572 578 601 602 604 623 626 627 628 632 647 648 660 669 673 714 766 769 772 878 888 892 899 906 908 913 947 950 958 961 
 66 2 8 9 22 51 54 58 76 78 86 91 105 129 156 159 175 188 198 213 232 264 286 336 350 353 368 391 412 419 442 484 485 495 501 502 503 537 539 542 551 569 578 621 624 633 639 658 668 681 712 723 754 760 763 810 813 823 854 857 859 862 880 893 899 920 972 
 64 11 93 99 118 157 175 204 211 229 237 247 260 261 276 292 294 295 297 300 312 327 339 340 366 468 470 477 480 481 504 505 547 565 568 574 579 584 609 613 636 642 649 658 694 695 711 713 718 719 736 744 768 778 787 835 851 900 901 905 927 934 945 980 983 
 63 19 20 25 77 89 92 119 127 160 161 213 231 238 268 272 297 305 326 353 365 374 381 390 404 406 412 413 444 465 473 482 483 487 490 503 507 574 619 646 648 658 667 671 681 683 692 734 739 766 769 806 816 820 843 848 879 899 901 905 927 955 967 983 
 66 3 18 32 40 41 57 78 113 117 118 122 128 163 180 182 212 229 253 265 286 297 356 358 366 370 386 392 408 414 415 427 436 460 552 559 570 584 590 596 606 628 635 657 684 696 715 737 744 766 785 796 797 841 843 858 866 882 888 891 898 927 938 948 978 985 993 
 59 29 39 43 51 97 98 106 115 150 157 199 209 218 234 245 263 307 347 348 365 391 397 449 461 482 505 541 543 555 559 570 572 606 625 641 647 659 685 696 701 750 758 770 776 779 785 834 861 863 875 896 903 907 912 924 970 984 990 998 
 47 31 64 68 90 219 238 240 256 262 273 283 284 289 327 342 348 409 412 437 451 462 466 472 488 559 580 617 650 666 673 679 695 705 714 746 755 779 785 807 843 861 862 871 890 961 971 975 
 64 20 49 66 76 79 83 101 122 123 128 129 142 182 188 211 218 232 251 262 278 283 293 294 314 322 325 326 330 361 421 428 436 437 446 467 482 495 528 566 666 673 690 733 758 762 779 790 826 844 854 855 869 885 901 904 908 911 913 914 916 934 947 960 970 
 58 22 33 55 60 70 77 93 100 101 103 131 150 173 193 208 210 215 249 259 282 295 313 352 358 360 389 390 392 460 461 462 466 490 492 497 507 510 518 528 551 580 616 629 636 691 796 797 800 809 836 877 895 897 910 929 946 966 970 
 57 11 68 79 128 131 139 143 156 167 168 174 199 206 207 247 261 271 294 304 329 334 340 350 357 364 372 413 443 482 490 525 530 547 611 613 616 617 662 666 671 710 728 739 743 744 753 756 771 774 809 831 858 873 877 959 967 968 
 60 9 14 16 31 71 76 77 78 82 90 173 186 220 274 291 292 310 383 402 434 455 470 486 516 547 556 598 609 612 620 627 641 659 661 664 679 682 684 685 690 706 732 738 759 775 792 800 805 809 814 821 842 881 893 899 905 918 948 968 999 
 53 10 16 24 30 64 109 119 126 132 219 232 234 272 326 352 371 418 449 464 484 499 511 530 537 549 559 573 640 642 671 704 709 715 753 774 793 800 819 826 836 839 861 867 884 891 913 914 918 958 960 972 985 997 
 52 1 17 82 153 197 228 235 247 250 260 282 337 351 359 382 396 397 401 405 407 411 424 462 481 495 496 611 616 619 620 629 662 680 702 722 724 730 733 739 758 760 764 796 821 891 924 952 967 987 994 995 997 
 63 31 47 85 91 97 141 149 160 168 174 180 227 252 262 302 316 322 367 375 381 390 411 453 489 504 514 558 560 583 613 616 623 629 636 640 641 651 661 670 692 707 738 741 756 761 772 787 807 810 811 818 828 829 867 875 898 917 929 934 958 977 994 998 
 57 20 30 51 65 78 90 93 95 106 110 140 157 158 202 203 208 220 229 231 238 249 257 260 263 274 315 326 339 342 408 427 431 433 449 495 511 550 575 585 600 601 606 610 616 618 672 677 683 685 765 788 881 900 925 964 977 981 
 70 27 40 41 54 69 70 77 93 138 144 152 154 157 160 166 176 199 214 229 260 262 291 317 374 382 391 429 431 434 440 444 460 472 485 504 506 514 530 550 554 556 557 574 593 601 608 615 618 636 680 682 697 712 718 724 747 755 818 841 861 867 870 921 926 933 938 939 960 967 998 
 56 25 62 69 70 74 109 116 118 148 150 173 184 194 200 229 262 269 295 305 326 330 357 358 369 389 390 393 405 417 426 449 455 484 486 496 508 563 571 573 603 608 619 632 660 665 685 761 767 768 769 787 820 913 928 966 993 
 59 1 4 31 43 48 58 59 61 68 73 82 103 113 120 127 170 177 229 272 282 284 321 329 342 364 382 403 436 455 468 479 489 496 509 516 519 539 572 580 588 590 591 650 713 724 736 767 775 808 823 840 905 907 913 935 953 957 990 1000 
 71 3 12 13 26 61 83 91 94 138 141 168 196 233 246 252 258 261 287 291 301 303 308 321 352 353 354 364 381 408 417 434 435 444 459 473 474 540 546 550 572 573 583 618 620 626 634 644 655 656 660 665 672 673 683 707 711 712 720 732 741 746 755 782 794 833 861 879 881 885 921 934 
 50 34 35 43 45 69 88 95 116 134 142 157 165 223 260 265 273 288 294 342 367 382 404 412 465 474 479 490 491 539 548 552 567 640 661 693 719 734 744 749 775 781 796 798 853 884 898 918 938 984 993 
 51 1 42 57 60 107 188 204 236 245 267 282 294 313 318 359 361 393 394 408 422 424 452 463 513 528 560 576 601 617 626 633 634 640 641 685 700 733 738 748 756 791 825 826 834 888 898 945 956 963 979 985 
 47 24 67 68 99 114 142 152 153 158 164 183 206 208 264 389 413 444 455 467 477 481 482 493 506 507 508 525 533 554 571 575 597 608 641 642 649 680 715 729 738 854 855 873 882 925 939 997 
 58 15 47 49 52 53 59 68 73 83 92 93 113 144 160 161 174 179 184 197 202 206 232 233 244 269 275 284 298 301 331 343 346 357 378 381 383 428 461 481 543 588 603 651 680 694 716 735 795 803 815 819 875 882 894 895 963 969 974 
 58 11 20 26 57 89 100 163 170 175 181 194 208 229 244 252 255 277 288 293 302 314 320 321 327 348 373 380 423 477 492 494 532 573 581 585 587 597 628 659 663 704 721 732 751 753 802 804 808 850 852 862 898 900 903 914 927 929 937 
 57 6 8 62 79 152 161 200 214 239 253 261 268 270 283 285 294 295 299 306 335 341 348 408 409 414 415 427 448 477 491 498 503 509 521 550 558 576 577 595 649 659 672 683 722 784 786 788 790 841 878 893 898 900 903 919 984 987 
 67 27 39 51 72 78 129 137 140 156 158 162 163 176 201 207 240 247 274 283 292 296 297 300 315 317 326 327 331 336 350 372 374 404 405 412 426 474 492 517 530 547 569 586 617 627 648 653 690 693 710 716 731 745 756 784 801 816 851 880 888 889 894 922 933 937 975 976 
 65 12 24 30 35 45 78 106 118 154 156 167 209 227 253 274 282 294 337 362 364 381 397 398 417 453 459 488 490 493 517 523 540 579 594 606 624 637 640 660 672 676 702 714 729 731 734 747 748 755 778 801 812 815 841 862 885 898 900 923 934 940 949 957 959 996 
 78 8 9 18 22 37 50 70 92 111 150 157 171 177 181 199 207 208 220 263 268 276 284 326 366 367 371 373 398 415 431 437 447 450 464 495 503 509 542 557 563 584 603 618 638 663 678 709 710 731 735 741 756 761 762 766 772 773 785 792 795 796 842 843 850 851 861 887 888 889 902 915 932 958 961 963 968 987 998 
 70 28 33 40 41 71 92 105 108 115 118 128 130 140 148 192 199 266 291 313 330 338 342 380 382 421 435 446 484 490 506 513 544 558 564 566 569 591 594 626 635 641 646 650 658 660 672 681 713 715 723 728 751 773 779 798 811 812 826 847 848 862 872 889 899 900 905 949 965 967 983 
 75 33 48 60 61 72 84 89 105 122 127 132 145 147 158 166 173 174 203 211 212 217 228 247 265 281 315 328 335 340 349 369 392 400 403 421 426 462 463 483 504 510 537 553 584 605 663 695 709 710 725 747 768 788 792 813 819 820 831 832 842 854 863 864 866 905 911 933 935 937 941 952 959 964 971 984 
 44 5 68 101 156 157 159 221 222 228 231 250 279 315 324 330 338 404 424 436 443 464 523 547 552 576 583 591 610 616 625 651 659 679 694 702 746 767 805 816 834 920 949 958 972 
 51 4 20 31 42 82 83 96 113 122 131 191 232 245 255 256 271 284 302 346 361 364 377 410 425 430 435 441 448 466 500 518 528 577 587 610 633 642 661 675 684 703 732 755 756 849 873 874 889 902 942 977 
 62 21 52 72 102 127 139 156 173 180 190 195 213 237 241 260 263 282 291 294 304 305 326 334 414 430 434 451 463 473 510 545 556 558 560 577 588 593 635 644 715 732 736 755 761 784 799 815 820 832 835 842 852 859 867 889 897 910 947 948 993 994 997 
 59 1 23 24 40 57 69 83 112 115 123 172 184 193 206 219 264 273 286 336 409 429 435 445 446 462 473 481 483 487 493 494 518 524 529 534 551 557 582 593 639 646 658 659 672 678 733 766 769 776 801 820 852 871 875 911 925 949 954 996 
 62 27 41 49 51 118 150 157 171 183 197 240 242 244 258 259 261 279 291 330 336 358 381 398 420 433 435 458 471 475 481 482 494 530 531 537 539 542 593 649 684 700 703 713 735 740 744 798 801 803 827 851 856 867 872 904 917 927 947 948 953 959 976 
 51 17 34 57 68 70 73 81 128 136 180 188 199 222 227 228 258 328 338 374 427 490 497 516 519 525 527 531 559 563 567 576 607 632 649 668 685 717 729 730 739 794 802 812 819 835 861 904 912 930 966 989 
 51 18 23 42 125 131 167 171 260 261 279 305 309 328 395 415 424 433 434 463 467 472 475 481 497 512 524 540 553 566 572 583 599 607 613 621 625 637 673 682 740 757 774 775 800 805 846 865 889 920 936 985 
 57 5 27 31 130 170 224 227 250 264 275 285 297 308 313 325 344 376 387 425 453 458 460 464 465 488 507 509 517 518 521 522 535 538 559 592 596 605 609 627 657 703 709 722 727 732 738 761 776 790 811 852 871 899 936 946 958 970 
 51 32 48 65 71 114 129 134 147 153 173 181 244 257 337 415 417 432 434 468 478 479 544 562 564 569 580 581 596 603 611 616 625 642 653 658 662 726 734 735 788 790 811 821 850 869 880 887 927 946 969 971 
 63 1 8 76 80 83 107 131 197 212 214 227 268 282 305 312 330 332 341 365 382 396 404 416 425 431 434 445 457 489 494 495 514 530 534 552 560 586 588 598 621 635 680 686 691 713 749 766 787 836 842 857 883 888 899 913 918 933 941 958 966 967 971 998 
 54 13 17 30 56 76 96 102 131 134 146 153 173 241 305 306 331 339 340 347 384 393 407 410 415 438 461 492 518 528 552 591 617 671 702 713 746 754 771 774 780 782 809 818 823 828 847 853 854 861 915 931 939 974 975 
 65 43 44 57 59 84 89 91 96 105 123 129 158 170 197 202 228 235 247 248 252 263 267 286 305 352 375 391 407 424 444 454 471 515 532 537 538 582 633 670 672 676 686 690 703 709 716 742 754 760 789 808 829 832 888 891 924 941 949 955 960 963 967 969 979 984 
 58 2 9 32 91 134 150 151 168 169 174 181 192 214 218 241 253 275 284 328 336 341 347 363 374 389 394 401 402 412 424 431 452 455 481 490 549 560 562 601 624 648 651 677 692 744 763 765 794 802 812 819 849 862 903 916 924 952 988 
 67 2 10 27 52 57 61 64 93 138 146 147 161 184 207 220 226 233 253 277 282 289 292 307 373 395 402 405 406 447 462 480 502 513 529 530 543 551 558 569 577 586 607 645 659 667 671 679 682 714 715 728 769 771 775 813 822 858 863 883 896 898 900 930 958 959 966 999 
 49 23 27 30 36 53 108 113 162 177 220 226 299 312 315 320 330 339 365 373 383 443 465 474 476 497 501 515 533 535 620 633 652 653 704 756 757 790 805 809 830 846 854 859 860 863 912 933 976 996 
 61 9 52 74 92 101 113 118 127 130 132 141 186 198 204 226 260 263 272 312 340 345 349 375 400 402 447 452 453 462 482 506 507 522 529 543 593 621 640 675 693 704 717 725 739 756 799 807 831 837 842 892 895 915 927 937 959 976 979 983 984 995 
 53 5 13 36 56 79 89 103 128 146 148 178 185 210 244 256 264 271 278 319 321 373 398 426 469 491 523 524 547 559 582 611 621 625 663 664 669 681 706 717 745 771 823 833 869 880 888 894 903 942 947 970 976 995 
 41 26 35 43 85 129 147 265 270 275 282 285 355 371 375 390 404 456 481 485 501 507 511 529 531 538 584 594 606 671 704 727 766 781 785 798 827 881 942 946 959 990 
 54 31 41 74 78 89 103 126 154 156 189 203 209 255 261 267 268 273 285 306 323 348 377 382 424 433 435 490 496 509 514 545 554 555 574 613 624 635 638 659 664 679 682 766 770 803 811 820 822 834 853 856 915 929 966 
 68 12 13 58 80 88 101 112 116 121 128 141 156 168 191 212 233 242 272 273 276 287 288 325 339 358 364 376 383 407 431 454 485 505 519 529 549 570 581 602 609 612 639 651 691 692 726 734 754 757 762 786 790 801 815 819 821 833 836 860 863 879 889 892 921 936 950 957 984 
 65 12 13 58 66 100 112 114 121 149 150 173 199 221 225 226 235 241 253 274 281 316 326 330 378 408 409 421 431 444 446 457 489 509 528 545 547 553 557 565 582 604 617 622 624 635 657 667 680 681 748 789 809 845 856 872 890 898 904 923 926 933 944 950 960 985 
 47 22 52 64 69 86 165 178 189 200 219 222 246 294 325 381 387 394 414 421 443 455 481 484 499 504 562 580 615 642 648 659 685 686 702 726 731 732 733 765 766 769 787 904 922 928 946 995 
 62 14 15 53 71 76 99 102 130 134 137 139 181 196 220 270 280 326 334 336 343 365 387 392 419 447 449 455 456 509 512 516 523 558 563 567 583 592 608 613 651 656 670 672 680 707 725 731 754 787 863 871 895 912 925 927 935 940 947 967 977 985 994 
 62 8 11 68 89 116 129 133 136 154 179 181 188 220 247 253 261 274 284 295 308 312 316 332 333 344 345 348 373 403 462 473 484 494 499 565 570 571 607 641 686 690 692 719 767 785 789 793 798 825 829 849 853 863 892 910 915 922 946 949 984 986 990 
 56 24 31 32 78 104 132 133 166 180 201 207 241 244 253 261 274 281 298 307 318 350 352 358 365 366 373 374 388 405 445 450 460 481 496 559 582 607 617 632 650 696 717 727 777 798 816 885 891 898 905 907 916 927 932 966 979 
 53 14 50 76 77 108 123 143 148 181 199 208 236 252 254 256 266 274 278 318 335 368 378 397 449 463 481 502 513 529 566 587 594 599 604 616 624 698 714 746 755 759 768 790 799 814 847 865 876 905 911 933 941 958 
 52 1 16 21 26 49 54 128 132 140 158 160 164 206 214 233 261 273 295 305 312 322 343 346 357 365 374 381 391 404 421 442 447 448 475 492 499 535 557 607 624 672 694 696 752 767 778 850 853 888 966 980 1000 
 65 24 51 62 87 88 124 132 159 180 226 257 278 282 293 305 312 331 334 350 351 358 361 411 412 423 437 475 476 495 513 532 537 551 565 607 615 622 623 625 640 644 662 688 690 704 711 716 718 724 727 734 736 745 756 862 879 885 896 897 935 946 954 956 966 994 
 55 14 40 72 126 130 132 147 149 192 197 242 245 279 297 298 316 327 337 338 351 361 384 386 393 402 416 422 435 441 442 448 473 489 490 510 513 526 555 560 582 611 616 660 664 702 734 758 767 803 824 845 890 968 975 985 
 71 22 27 30 43 57 77 80 94 103 114 116 129 154 157 186 209 231 232 262 264 270 282 293 300 314 330 335 337 347 364 369 377 382 385 402 409 411 425 442 443 460 468 475 493 496 497 501 520 521 525 554 562 590 601 620 623 640 702 714 716 737 744 795 805 846 848 863 871 912 929 947 
 54 30 39 66 80 83 169 197 210 215 220 243 257 274 295 298 317 324 332 340 352 375 381 384 406 507 509 537 557 576 603 617 635 665 682 709 717 736 741 749 769 791 795 805 808 823 824 855 888 932 935 953 972 985 990 
 56 9 21 71 77 112 157 159 188 196 211 214 237 256 295 298 313 315 331 365 369 372 402 412 429 443 448 453 466 514 519 564 571 599 606 627 634 659 673 699 712 727 791 813 842 868 881 898 902 924 936 946 957 977 980 991 995 
 70 2 4 30 44 80 92 93 108 117 118 149 158 173 182 198 210 218 238 294 305 316 373 385 388 393 413 416 430 482 521 527 566 580 581 590 591 595 617 618 622 638 654 661 688 694 710 713 731 744 745 760 778 785 812 825 830 833 847 874 881 889 893 903 919 967 969 970 975 987 989 
 54 50 52 66 120 138 162 176 190 195 222 266 275 304 306 313 325 363 385 425 432 478 487 491 495 546 548 573 582 612 637 684 690 714 718 733 745 763 768 796 805 843 846 879 890 902 914 917 926 942 952 960 966 968 983 
 53 2 4 79 82 103 121 122 136 141 148 157 172 198 201 218 236 255 256 269 290 294 337 338 375 385 421 441 468 476 477 516 523 542 561 576 602 630 693 706 708 716 738 740 755 792 812 836 857 880 933 959 960 977 
 50 11 16 51 80 115 120 134 232 238 248 261 269 293 301 346 407 422 453 492 529 545 547 555 560 561 562 567 589 609 611 614 640 654 658 664 680 699 710 751 776 808 831 847 852 853 890 911 924 952 958 
 65 30 44 64 67 109 110 152 158 171 174 177 180 216 226 243 251 307 320 330 373 378 396 400 402 406 412 423 451 454 492 493 494 506 512 539 546 580 598 602 614 628 634 647 652 655 657 670 689 718 724 730 746 748 822 841 852 894 899 903 914 923 940 968 984 995 
 53 8 14 15 48 58 79 83 88 92 181 196 260 312 314 333 342 351 357 395 426 455 486 495 496 503 521 539 597 603 616 634 685 690 707 719 731 735 747 755 759 792 800 806 817 846 880 884 923 933 935 959 967 976 
 60 9 21 41 59 99 122 124 132 133 226 231 254 256 262 271 278 303 350 356 369 407 409 436 462 474 475 484 488 497 517 525 527 533 538 544 547 548 549 568 594 626 655 667 699 720 730 741 745 751 775 794 840 851 855 858 870 881 898 899 946 
 74 31 41 43 48 58 62 79 85 103 105 107 130 147 166 185 194 202 204 214 247 251 262 271 273 277 288 298 317 364 379 424 436 439 443 457 459 461 463 470 481 492 497 512 536 557 559 570 591 597 608 627 631 704 733 748 757 775 783 791 797 828 831 832 839 842 886 894 898 901 915 916 924 928 944 
 56 1 35 40 69 84 172 186 187 190 201 213 218 220 221 222 239 245 262 286 289 325 338 402 444 462 477 484 518 548 571 600 641 662 667 670 698 700 711 718 729 759 782 784 786 834 859 865 876 906 910 911 933 950 959 968 976 
 59 6 30 49 53 79 109 119 140 148 151 156 183 202 218 255 299 311 315 342 357 360 366 370 378 386 397 434 489 491 501 538 572 578 584 588 596 600 602 609 624 631 644 648 676 732 742 769 770 780 796 815 883 898 920 922 927 933 987 994 
 59 9 65 69 82 86 91 128 138 154 192 197 208 220 225 237 247 271 273 302 305 312 334 336 347 348 357 432 445 482 484 489 493 506 509 516 519 530 542 574 578 588 594 631 710 731 766 776 795 801 809 825 863 887 912 936 961 973 975 993 
 61 40 63 67 76 82 120 148 150 156 165 177 189 225 266 284 297 305 315 377 390 392 407 447 457 461 504 508 521 541 553 591 640 643 651 661 671 675 690 693 697 737 756 771 780 793 797 801 816 829 833 851 865 879 890 921 923 930 933 941 944 946 
 64 1 3 4 12 23 39 46 68 69 71 101 104 111 117 128 156 157 231 248 260 269 279 291 304 305 309 313 324 359 360 375 404 462 473 476 508 512 522 531 547 568 599 626 644 648 659 663 669 674 677 684 687 705 713 747 820 828 887 898 920 931 959 962 985 
 52 22 43 66 78 102 116 122 124 131 201 211 225 230 235 253 292 297 326 332 386 437 445 451 452 454 490 505 511 532 537 580 596 607 617 621 634 671 673 681 697 700 769 813 817 905 936 937 947 948 986 994 997 
 48 2 35 39 60 77 79 206 223 252 272 273 284 292 296 335 338 348 416 420 423 472 500 537 542 575 580 584 636 637 665 680 696 712 725 745 758 779 808 815 830 851 853 861 876 899 927 938 968 
 60 11 59 65 72 82 102 109 118 121 159 194 232 250 259 270 308 322 339 341 365 376 378 388 403 412 422 431 454 457 467 474 567 592 596 621 640 683 715 751 756 768 776 781 813 825 830 835 863 895 898 908 909 916 928 936 945 951 968 978 982 
 51 13 25 45 56 117 127 144 151 199 222 252 269 282 297 298 416 434 438 442 467 469 485 497 505 520 532 538 549 591 621 635 659 681 690 709 712 720 724 744 756 760 774 775 816 856 857 891 897 939 960 966 
 68 4 31 36 39 60 61 85 100 103 111 116 130 139 172 192 201 207 213 228 238 239 256 268 284 299 347 352 360 401 426 440 442 474 494 505 520 527 533 547 551 576 591 594 596 614 622 623 648 697 710 723 727 739 754 757 767 802 825 850 890 896 902 934 937 958 979 983 999 
 50 10 20 30 47 62 71 111 117 176 190 228 250 263 319 369 374 423 426 437 442 462 499 501 518 520 531 559 561 565 574 586 603 619 624 630 643 690 746 764 786 790 808 855 877 892 895 897 919 930 962 
 59 13 28 32 36 78 95 130 135 138 160 200 203 208 222 228 271 291 293 295 299 346 348 357 365 369 388 402 461 479 505 516 517 527 610 617 625 633 634 635 639 654 723 724 731 747 750 779 799 812 819 841 855 861 927 929 931 949 993 994 
 56 5 25 26 30 49 85 90 124 143 154 198 201 209 213 228 234 259 275 289 307 309 327 356 362 371 375 385 411 432 447 461 483 491 537 543 583 648 651 658 676 696 710 711 724 746 753 759 834 845 859 885 953 958 970 978 998 
 57 18 49 53 71 73 97 109 122 140 158 191 194 207 218 231 252 260 288 315 317 324 337 340 364 368 383 461 464 487 517 528 554 561 562 609 638 646 658 680 737 738 810 821 827 830 835 845 849 860 867 893 907 918 923 941 961 969 
 66 10 13 19 22 23 61 77 93 94 141 153 156 159 206 220 263 303 309 338 347 349 351 368 369 370 421 432 437 438 439 482 484 504 505 561 611 620 642 660 662 679 711 712 714 716 725 726 735 746 757 763 775 786 789 799 803 845 864 882 908 919 947 957 960 979 981 
 44 119 120 123 155 231 254 323 376 392 398 402 417 431 434 438 439 503 546 553 558 594 607 612 616 638 706 711 713 744 749 769 800 835 866 875 881 906 925 931 938 949 955 966 994 
 52 9 13 22 77 130 131 149 181 188 196 207 211 221 224 258 261 348 372 397 410 423 442 444 473 478 489 499 517 549 581 629 665 709 739 748 751 757 760 793 802 803 821 845 861 872 889 913 924 930 938 966 969 
 58 20 54 62 70 100 171 176 227 231 236 257 264 266 279 290 293 302 342 349 369 415 416 441 443 461 536 540 558 580 581 585 592 629 652 653 667 673 690 695 712 717 741 760 762 767 768 797 820 840 862 880 884 888 910 966 975 978 992 
 56 47 50 60 61 74 83 93 104 160 197 222 230 256 276 305 313 315 318 325 329 331 334 336 365 385 401 434 453 460 465 473 490 560 562 597 603 618 625 675 678 682 703 720 755 783 785 829 836 864 880 893 928 943 950 981 994 
 62 28 30 46 50 57 69 80 92 158 166 171 172 176 208 231 292 295 296 315 336 356 361 382 399 422 425 445 470 475 476 479 490 517 526 528 567 573 611 624 668 671 703 706 713 716 720 758 762 764 777 785 811 817 863 885 891 912 929 960 966 986 989 
 57 24 60 62 66 75 87 149 179 192 235 237 238 251 270 280 336 360 368 390 391 400 409 416 475 483 520 527 552 574 594 619 626 634 643 651 659 664 670 678 690 691 710 731 735 743 762 821 829 843 875 879 888 899 915 924 984 997 
 57 46 66 149 198 228 246 248 252 254 260 261 283 308 315 339 361 362 383 395 400 407 441 468 478 483 507 510 520 523 530 548 558 602 605 611 617 619 662 673 684 719 732 767 789 804 806 814 830 851 854 891 934 937 959 961 962 986 
 57 2 57 71 94 95 96 101 143 149 171 177 229 269 298 314 335 347 351 366 377 379 386 390 412 426 444 453 464 510 511 516 558 563 573 606 661 669 676 683 708 710 738 748 766 775 812 838 851 872 893 912 924 934 938 947 959 976 
 64 6 10 14 26 50 59 74 84 117 135 164 176 180 181 183 225 244 249 260 272 285 295 329 341 362 364 371 372 402 406 436 461 492 517 519 528 560 566 582 628 631 638 659 696 697 709 731 747 763 769 772 831 837 847 867 879 899 906 917 933 945 958 994 995 
 59 1 3 23 53 76 90 100 112 117 119 130 145 148 165 172 173 183 184 189 210 230 235 260 283 313 327 357 385 394 422 425 444 465 507 512 519 559 591 601 614 617 637 642 655 713 741 746 786 846 856 889 895 913 914 939 942 962 968 973 
 59 7 15 63 71 148 162 175 184 197 208 210 218 245 252 285 307 316 324 327 343 363 384 468 505 518 526 548 549 563 566 586 596 621 623 629 642 699 718 744 746 768 775 796 798 813 824 828 842 843 846 847 849 864 901 918 925 951 966 979 
 52 48 64 70 112 150 153 160 174 209 211 226 239 244 260 283 285 326 374 382 387 393 409 425 442 479 484 485 547 580 591 602 629 649 655 695 702 711 754 761 762 787 791 799 820 864 865 884 903 913 928 945 968 
 56 11 73 84 138 157 207 209 222 226 228 236 241 267 268 282 283 306 318 347 370 376 392 405 407 413 432 462 492 510 564 570 586 588 591 617 690 692 702 719 750 788 798 817 848 868 872 873 913 925 934 947 952 959 976 977 1000 
 65 22 39 72 112 120 140 147 168 183 217 238 254 282 284 304 307 324 333 334 335 336 349 353 366 373 374 386 391 411 441 443 467 479 482 486 496 520 528 543 547 581 595 602 635 638 640 663 671 697 762 764 768 800 819 832 846 871 888 889 906 931 961 980 989 994 
 62 14 37 57 58 81 97 101 114 119 129 145 156 161 201 234 260 263 264 271 272 287 296 329 336 348 364 377 382 393 404 473 477 486 490 517 534 540 549 572 616 660 673 675 689 730 732 756 767 771 772 788 796 811 815 825 890 902 919 928 937 958 970 
 58 53 59 82 94 104 117 122 157 160 189 219 227 254 276 316 324 335 355 363 364 404 417 424 428 439 441 518 519 527 531 537 546 549 598 603 624 626 634 640 641 682 694 715 731 735 762 774 777 785 786 866 867 892 899 900 911 938 977 
 60 12 31 39 47 68 69 77 90 91 130 132 140 141 150 165 177 180 196 240 269 271 276 291 294 318 329 348 384 395 396 405 411 448 466 474 485 557 596 598 618 619 654 661 684 732 733 787 788 799 810 841 845 867 891 935 956 959 967 980 985 
 62 2 41 60 73 120 127 133 153 157 173 183 203 215 218 222 226 232 234 239 248 249 266 271 286 288 300 306 349 354 358 371 379 387 401 414 418 433 450 466 485 517 596 611 637 653 669 674 676 683 766 780 798 799 840 900 908 932 941 951 952 960 967 
 65 5 16 31 45 49 72 78 85 104 128 192 200 202 240 245 264 281 287 308 329 333 364 367 402 432 452 464 481 483 494 527 533 538 547 548 567 572 579 580 593 601 610 612 619 648 674 706 736 753 756 760 784 785 796 804 815 832 836 877 899 904 914 959 981 987 
 69 10 16 24 39 50 57 63 77 85 92 101 104 114 127 151 157 166 178 191 194 198 205 244 285 305 315 325 357 372 421 423 433 435 448 460 487 491 519 521 522 556 560 588 602 605 610 623 630 640 656 664 702 745 751 785 791 825 834 845 853 875 901 902 905 928 948 977 996 998 
 56 27 51 61 63 75 104 141 156 175 198 217 230 238 263 288 292 295 339 340 356 381 392 411 412 432 488 490 493 506 589 616 635 646 650 694 713 717 722 732 741 781 802 811 824 825 834 836 857 871 875 919 931 932 966 968 973 
 52 4 7 86 88 100 116 131 140 226 237 310 334 384 396 414 424 425 426 433 442 466 476 528 539 540 544 553 555 557 563 565 591 594 598 606 637 641 679 726 733 736 745 747 761 781 782 796 833 841 863 893 938 
 69 41 45 59 72 74 81 87 99 108 114 121 133 203 234 239 244 287 299 301 309 315 334 335 336 337 339 346 366 369 403 404 411 423 443 474 477 505 521 522 528 548 552 559 567 592 604 647 652 718 745 750 768 779 782 786 807 812 813 820 831 852 854 856 886 900 911 922 950 983 
