 300 1000
 3 3 3 3 3 3 3 3 3 3 4 6 6 6 6 6 6 6 6 8 9 9 9 9 9 9 9 9 9 9 9 12 12 12 12 12 12 12 12 15 15 15 15 15 15 15 15 15 15 15 15 15 16 18 18 18 18 18 18 18 18 19 21 21 21 21 21 21 21 21 21 23 24 24 24 24 24 24 24 24 24 24 27 27 27 27 27 27 27 27 29 30 30 30 30 30 30 30 30 30 30 30 32 33 33 33 33 33 33 33 33 35 36 36 36 36 36 36 39 39 39 39 39 39 39 39 39 39 40 42 42 42 42 42 42 42 42 42 42 42 44 45 45 45 45 45 45 45 45 45 48 48 48 48 48 48 48 51 51 51 51 51 51 51 51 51 51 52 54 54 54 54 54 54 54 54 54 54 54 54 55 57 57 57 57 57 57 57 57 57 59 60 60 60 60 60 60 60 60 60 60 60 60 61 63 63 63 63 63 63 63 64 66 66 66 66 66 66 66 66 66 66 69 69 69 69 69 69 69 69 72 72 72 72 72 72 72 73 75 75 75 75 75 75 75 75 75 77 78 78 78 78 78 78 78 78 78 79 81 81 81 81 81 81 81 81 81 81 81 83 84 84 84 84 84 84 84 86 87 87 87 87 87 87 87 90 90 90 90 90 90 90 90 90 93 93 93 93 93 93 93 93 93 93 95 96 96 96 96 96 96 96 96 96 96 96 96 98 99 99 99 99 99 99 99 99 99 101 102 102 102 102 102 102 102 102 102 102 105 105 105 105 105 105 105 105 105 105 105 105 106 108 108 108 108 108 108 108 108 108 108 108 111 111 111 111 111 111 111 111 111 113 114 114 114 114 114 114 114 114 114 117 117 117 117 117 117 117 117 117 117 118 120 120 120 120 120 120 120 120 121 123 123 123 123 123 123 123 123 123 123 123 123 123 125 126 126 126 126 126 126 126 126 126 126 127 129 129 129 129 129 129 129 132 132 132 132 132 132 132 132 132 135 135 135 135 135 135 135 135 135 138 138 138 138 138 138 138 139 141 141 141 141 141 141 141 141 141 141 142 144 144 144 144 144 144 144 144 145 147 147 147 147 147 147 147 147 147 147 149 150 150 150 150 150 150 150 153 153 153 153 153 153 153 153 153 156 156 156 156 156 156 156 156 156 156 158 159 159 159 159 159 159 159 159 159 159 162 162 162 162 162 162 162 162 163 165 165 165 165 165 165 165 165 165 165 166 168 168 168 168 168 168 168 168 168 169 171 171 171 171 171 171 171 171 171 171 171 174 174 174 174 174 174 174 174 174 174 176 177 177 177 177 177 177 177 177 177 177 180 180 180 180 180 180 180 180 180 180 180 183 183 183 183 183 183 183 183 183 185 186 186 186 186 186 186 186 188 189 189 189 189 189 189 191 192 192 192 192 192 192 192 192 193 195 195 195 195 195 195 195 195 195 195 197 198 198 198 198 198 198 198 199 201 201 201 201 201 201 201 201 201 201 204 204 204 204 204 204 204 204 204 207 207 207 207 207 207 207 208 210 210 210 210 210 210 210 210 210 210 210 210 213 213 213 213 213 213 213 216 216 216 216 216 216 216 216 216 218 219 219 219 219 219 219 219 219 219 219 220 222 222 222 222 222 222 222 222 222 222 222 223 225 225 225 225 225 225 225 225 225 225 225 226 228 228 228 228 228 228 228 228 228 228 231 231 231 231 231 231 231 231 232 234 234 234 234 234 234 234 234 234 234 235 237 237 237 237 237 237 237 237 237 238 240 240 240 240 240 240 240 240 240 240 240 240 242 243 243 243 243 243 243 243 243 243 243 243 243 244 246 246 246 246 246 246 246 246 246 249 249 249 249 249 249 249 249 249 249 252 252 252 252 252 252 252 254 255 255 255 255 255 255 255 255 255 255 255 258 258 258 258 258 258 258 258 258 258 258 258 258 261 261 261 261 261 261 261 261 262 264 264 264 264 264 264 264 264 264 264 264 265 267 267 267 267 267 267 267 267 270 270 270 270 270 270 270 270 270 270 270 270 273 273 273 273 273 273 273 273 273 273 273 275 276 276 276 276 276 276 276 277 279 279 279 279 279 279 279 279 279 280 282 282 282 282 282 282 282 282 284 285 285 285 285 285 285 285 285 287 288 288 288 288 288 288 288 288 290 291 291 291 291 291 291 291 291 291 291 293 294 294 294 294 294 294 294 294 294 295 297 297 297 297 297 297 297 297 297 297 297 297 299 300 300 300 300 300 300 300 
 47 21 27 33 85 121 153 193 200 207 208 223 248 249 255 282 295 393 396 407 427 443 460 490 501 529 537 542 569 590 604 616 621 696 711 768 778 802 820 864 879 891 895 896 906 916 928 997 
 63 1 41 56 61 75 83 88 96 108 113 133 137 141 194 207 223 241 253 272 301 309 321 331 339 340 343 348 356 372 384 406 429 435 445 450 452 495 502 507 551 562 564 596 599 636 694 696 698 704 722 725 729 746 788 802 833 864 910 921 966 982 984 991 
 41 4 13 40 68 69 105 138 142 259 262 280 286 333 339 364 384 405 454 463 470 476 522 528 531 574 601 654 662 706 713 715 730 779 846 852 867 886 950 967 982 985 
 57 21 27 48 58 59 72 92 108 117 137 146 170 178 184 193 196 219 231 252 271 319 323 339 344 346 368 382 399 406 439 447 481 491 509 511 521 582 601 615 627 654 664 712 718 723 743 745 749 759 765 801 829 858 864 897 943 960 
 67 2 12 24 32 40 62 69 75 84 85 90 104 128 156 158 205 219 229 231 239 242 244 258 265 282 289 293 300 306 327 339 349 385 396 443 463 472 485 500 507 522 537 553 562 570 631 638 662 714 715 745 770 775 793 797 816 817 822 824 838 852 862 894 920 966 968 981 
 50 18 23 40 53 79 152 161 168 206 210 213 217 241 249 256 260 275 372 374 410 427 430 432 518 529 530 570 616 652 665 673 676 690 714 717 727 733 744 752 774 776 813 820 852 864 895 903 934 944 980 
 54 16 21 67 80 86 92 106 148 206 210 240 248 259 273 300 304 351 354 373 403 405 413 432 434 437 438 452 518 554 565 579 584 585 604 621 641 645 694 696 745 775 781 785 790 827 863 866 880 910 916 919 980 985 986 
 67 12 14 30 55 83 85 104 109 111 115 119 138 143 156 161 204 205 210 225 245 250 266 267 281 319 346 357 377 380 395 396 398 403 415 445 459 471 494 507 517 528 539 610 630 647 648 656 657 662 665 681 687 688 700 740 765 781 796 825 847 854 883 899 908 961 978 981 
 53 16 24 44 53 72 75 125 155 158 174 176 208 211 282 284 312 339 369 373 377 470 532 534 543 551 612 621 650 659 666 691 693 696 701 723 737 747 768 778 782 800 828 837 857 884 907 933 936 941 952 961 977 981 
 64 15 30 40 57 132 138 143 149 188 191 196 202 205 212 223 227 252 267 272 281 306 321 336 350 352 373 402 427 452 470 471 474 501 514 519 520 523 528 533 559 579 600 625 628 637 643 646 651 654 664 672 693 704 757 768 836 858 862 870 935 952 963 981 984 
 54 3 17 21 23 72 136 144 173 177 204 213 219 298 347 350 355 365 377 378 380 445 471 480 483 528 543 550 553 569 583 592 625 626 637 661 667 669 677 686 705 727 744 747 757 768 774 820 822 843 848 877 886 955 985 
 68 4 21 41 63 80 105 122 132 158 175 191 206 215 220 227 229 259 280 307 319 342 349 353 361 363 376 390 393 406 415 417 421 423 437 462 549 558 562 573 591 598 603 611 617 633 638 640 654 672 675 687 739 746 776 782 784 798 802 804 819 824 830 833 850 879 908 926 952 
 61 2 14 27 57 62 72 79 94 137 158 175 178 183 187 195 215 231 245 280 306 332 333 350 356 372 402 409 431 438 443 462 476 528 552 572 592 603 610 633 654 664 673 685 688 694 698 755 789 800 807 812 871 872 903 904 915 938 950 963 967 981 
 56 14 49 50 66 77 87 130 133 139 141 158 165 184 193 233 235 236 241 295 306 307 310 320 340 370 372 384 385 407 411 441 445 460 472 549 559 561 590 602 618 650 651 655 697 720 743 747 767 787 822 830 837 852 859 892 975 
 61 4 8 16 22 24 43 62 72 75 80 93 108 112 113 114 171 194 244 249 265 278 296 298 334 355 358 384 393 401 406 410 424 466 481 524 531 591 594 630 639 647 658 665 693 694 724 734 754 788 804 814 816 834 878 883 942 952 961 968 970 971 
 59 6 8 42 43 74 75 84 92 97 152 168 177 179 197 204 233 245 270 322 340 354 365 393 415 427 454 460 464 480 490 498 507 508 555 564 579 590 619 645 669 678 681 694 709 716 748 767 777 831 840 881 884 891 896 903 906 919 942 973 
 59 1 27 47 53 66 74 83 135 137 175 183 227 233 255 272 284 289 300 320 352 363 366 367 385 417 435 436 440 459 460 462 468 489 512 521 524 592 611 615 648 649 661 673 684 686 712 721 725 766 780 798 821 834 842 865 873 932 981 997 
 68 2 35 37 42 53 54 64 87 98 121 141 143 170 176 219 249 252 256 265 268 318 322 328 329 344 372 373 383 390 403 417 440 444 447 461 462 481 491 509 514 529 538 557 606 610 634 635 680 688 689 699 704 733 736 747 758 762 765 801 816 839 853 882 890 933 943 962 995 
 70 1 17 25 34 58 67 70 72 74 103 104 115 125 133 140 158 166 180 197 198 210 263 266 270 279 287 311 323 327 332 336 341 360 372 409 412 414 418 423 427 430 440 449 482 484 495 555 559 570 571 600 604 605 606 607 633 654 656 678 758 787 798 818 915 917 933 934 951 971 997 
 59 34 36 47 49 103 133 139 149 160 174 180 181 186 195 206 212 215 221 226 272 295 303 307 329 336 353 354 356 402 434 435 461 509 512 570 581 597 604 616 636 674 694 726 736 759 775 782 813 837 898 899 918 920 946 950 966 972 990 994 
 50 8 46 49 78 101 114 119 122 146 174 176 178 199 229 238 254 261 264 270 344 363 382 422 445 456 460 461 467 481 518 552 569 602 610 656 684 706 714 725 728 733 777 778 790 871 875 888 922 942 971 
 71 34 43 47 50 61 88 89 112 123 134 144 151 174 192 196 198 200 224 235 238 243 248 261 290 292 300 306 310 322 343 357 370 373 385 388 394 395 416 423 452 461 464 510 532 554 603 607 608 647 665 674 699 724 725 726 735 758 787 807 811 833 862 882 884 898 906 927 934 936 962 973 
 51 9 11 15 32 35 36 119 134 191 223 272 288 298 305 325 368 372 405 421 428 462 499 501 517 552 554 566 569 585 611 616 642 654 672 673 698 700 710 799 822 863 865 882 888 897 901 914 933 938 987 989 
 72 2 12 22 36 53 88 107 124 139 145 153 159 183 184 194 216 240 262 266 274 275 284 337 346 348 351 360 386 392 394 396 430 458 551 571 590 606 608 644 653 654 695 710 734 753 757 771 780 787 789 815 820 838 839 840 850 866 888 889 891 893 897 910 912 921 924 959 966 974 975 981 995 
 63 13 21 32 39 73 83 85 88 104 139 141 156 158 169 172 184 214 222 239 246 278 315 319 323 325 341 387 397 398 405 410 432 458 482 500 527 531 561 572 592 624 715 729 734 744 747 757 769 787 795 797 802 812 820 832 838 850 863 872 908 956 957 976 
 54 41 92 117 153 180 209 215 233 257 270 284 296 315 348 358 365 386 387 430 439 466 476 525 534 550 554 560 609 628 647 654 656 662 671 691 694 697 701 759 774 775 777 787 859 862 867 871 874 882 928 944 960 993 995 
 65 1 10 11 15 33 36 76 91 103 105 118 134 145 195 244 261 264 271 272 279 289 290 345 381 444 455 464 467 474 480 486 487 498 499 513 553 558 571 580 598 601 654 658 673 681 687 702 707 723 734 768 791 802 805 812 827 877 878 904 905 951 953 981 989 993 
 65 1 2 38 39 84 92 105 131 142 172 199 204 213 243 264 273 290 295 324 327 343 352 356 377 378 404 416 446 464 471 516 519 529 537 553 576 604 621 645 648 669 709 721 725 749 756 759 766 776 777 784 785 798 832 851 852 854 883 896 903 933 939 941 967 983 
 65 18 45 54 58 60 65 79 91 104 105 153 176 188 206 224 235 242 251 275 302 310 311 348 384 405 418 424 436 458 462 475 507 508 558 575 577 591 594 596 598 612 634 665 677 695 730 738 740 749 788 795 797 807 814 815 830 843 844 855 868 877 941 948 991 994 
 58 24 42 54 89 104 106 116 120 172 227 236 252 258 283 296 306 311 353 363 408 415 435 472 480 526 529 549 586 588 593 603 629 630 638 694 715 717 745 760 785 793 807 819 834 853 857 861 863 876 879 895 903 908 926 935 970 974 981 
 58 2 57 66 80 92 114 123 163 165 231 233 243 251 291 312 326 341 382 402 405 409 445 447 481 486 491 498 507 511 551 553 554 560 567 602 626 649 661 678 680 682 697 702 705 731 756 766 797 801 820 863 873 885 911 930 935 961 974 
 63 5 83 84 98 105 130 131 148 152 158 159 169 176 183 196 205 213 225 230 253 256 286 365 379 396 403 420 445 447 474 487 490 511 528 531 603 625 640 642 645 685 701 710 715 722 725 729 739 749 764 767 775 792 822 882 884 897 925 926 934 944 959 968 
 80 45 50 68 71 75 82 108 113 122 123 124 130 134 150 159 171 172 183 200 205 207 215 244 248 263 264 266 299 307 309 345 351 394 395 399 408 417 428 434 435 444 449 458 491 529 534 537 548 606 614 618 619 626 638 639 646 681 703 710 736 745 767 776 781 786 811 824 831 841 884 890 897 914 917 947 967 975 989 995 996 
 61 9 10 14 15 22 24 36 37 56 75 94 97 102 131 148 149 152 174 186 210 259 263 283 304 312 320 329 339 340 353 355 366 383 384 403 410 440 443 471 493 498 514 517 537 583 593 613 620 630 666 700 731 750 757 764 820 867 877 961 994 995 
 60 20 62 99 142 149 195 203 249 258 281 282 330 333 359 419 443 447 498 506 530 531 541 560 564 569 595 602 613 622 627 656 664 665 681 685 694 710 711 715 736 748 749 750 756 764 770 777 779 787 826 832 852 873 927 932 940 950 951 959 971 
 57 5 14 46 48 55 74 120 168 171 182 201 207 209 293 297 330 344 396 413 431 434 436 437 451 480 507 511 515 525 536 556 568 593 596 636 638 658 661 675 676 677 702 751 777 800 817 820 831 851 865 905 943 945 946 961 977 983 
 67 1 3 11 27 32 91 114 141 188 220 233 241 265 318 329 351 354 360 377 399 406 439 461 467 481 484 491 519 536 542 561 580 593 611 636 646 656 660 665 673 676 717 728 729 732 736 776 778 798 802 809 817 821 839 842 850 862 872 895 896 913 930 947 966 981 985 997 
 63 1 29 63 105 106 131 153 159 174 190 191 192 198 226 244 256 270 325 392 393 438 455 460 464 475 554 555 557 579 581 582 584 631 635 639 647 665 669 672 673 680 688 706 710 722 726 737 738 769 781 785 797 798 812 825 856 862 882 883 916 936 972 995 
 60 28 41 46 58 62 63 97 103 107 119 122 125 230 254 278 290 299 307 312 313 333 335 340 341 345 355 412 437 509 511 512 579 587 611 613 619 626 641 647 652 661 703 710 721 740 746 757 769 791 805 807 824 839 883 891 892 917 951 970 995 
 48 43 74 89 95 112 115 119 139 159 165 169 170 234 252 306 335 356 371 378 391 395 402 427 476 485 502 531 561 570 597 605 612 621 629 651 670 693 706 711 760 774 775 779 785 813 863 883 970 
 48 14 44 57 90 95 103 112 119 132 133 158 194 239 259 261 263 269 287 293 313 372 389 402 482 510 511 517 528 544 583 593 603 607 609 620 626 659 665 669 675 789 799 838 851 909 937 951 962 
 51 5 64 65 77 95 108 119 168 169 184 192 194 212 223 232 252 259 333 368 382 422 439 457 459 495 505 528 529 598 629 636 660 672 674 701 710 727 749 766 772 782 784 824 862 883 889 893 909 911 925 933 
 66 7 14 20 24 27 70 74 81 92 151 155 168 178 184 206 220 227 251 274 318 331 339 351 353 360 363 365 368 375 379 408 465 468 495 508 509 533 536 537 542 549 550 604 608 616 620 632 635 638 660 666 673 683 694 700 710 746 763 794 849 904 912 916 967 975 997 
 70 30 35 40 44 62 85 112 122 137 205 237 238 262 263 273 280 306 309 319 327 339 352 363 393 398 421 450 463 472 474 491 522 544 551 554 558 572 593 602 606 641 643 654 684 697 709 733 760 763 783 797 800 821 823 831 851 852 853 862 886 906 912 928 953 961 964 980 995 996 998 
 74 1 17 18 40 41 51 55 73 114 118 157 163 182 198 207 219 223 227 239 250 259 286 318 319 322 324 341 345 436 438 461 491 493 512 528 539 554 560 579 596 612 638 645 649 674 685 695 701 707 711 723 725 727 733 750 755 756 784 785 800 808 822 840 849 860 863 864 882 921 927 941 943 963 989 
 44 12 25 42 49 75 81 97 115 181 213 217 218 261 262 301 305 341 411 414 421 436 445 456 483 495 575 611 613 706 713 731 739 744 827 828 850 851 863 868 871 891 924 943 945 
 60 7 36 61 78 92 106 108 119 135 169 188 193 194 195 205 206 234 241 261 287 296 332 343 352 362 368 369 384 416 446 454 474 501 535 539 559 563 577 587 593 638 643 646 660 663 674 693 722 746 772 785 788 838 892 893 906 938 953 973 978 
 57 76 104 110 122 141 151 164 169 172 175 182 192 214 247 249 269 278 288 290 296 299 305 320 342 346 378 382 393 408 421 427 481 504 529 571 581 601 604 632 673 695 704 735 762 781 790 855 863 868 870 874 908 933 954 955 960 964 
 56 3 32 51 72 84 103 107 126 133 135 143 173 185 231 250 270 289 294 322 338 353 358 361 366 412 417 440 445 471 498 518 558 570 579 614 680 685 693 700 704 715 716 749 762 774 788 822 824 839 843 893 912 922 957 959 973 
 54 10 12 26 65 73 116 129 191 204 218 230 236 299 303 368 371 376 378 393 413 477 500 552 569 575 590 608 612 626 639 640 662 676 696 720 738 739 746 755 764 781 809 820 852 866 877 893 895 917 922 942 945 969 997 
 61 10 27 34 72 76 80 92 94 105 116 134 169 170 195 198 235 260 297 301 324 351 378 403 442 481 501 520 553 593 594 612 649 700 702 713 736 745 761 764 783 786 787 801 803 810 825 833 873 876 885 889 894 900 901 905 917 925 944 948 961 999 
 60 23 24 62 66 99 100 126 162 222 248 265 319 372 387 404 411 412 421 426 442 478 485 515 540 542 593 595 627 655 669 683 691 700 711 725 727 735 763 769 826 830 831 849 864 892 909 929 930 934 941 942 952 957 959 967 970 971 981 986 987 
 62 12 15 40 41 55 85 103 112 122 143 154 156 161 171 183 192 197 205 219 297 329 340 349 359 399 404 408 409 411 435 524 552 567 580 626 630 646 648 653 656 664 684 690 704 756 758 764 767 775 790 797 817 828 853 871 892 915 928 934 960 997 1000 
 68 6 8 9 12 32 35 96 100 109 115 117 122 131 146 159 163 170 205 231 259 263 273 281 300 307 313 339 341 352 367 396 426 438 454 491 507 534 537 546 578 585 659 674 678 687 696 712 761 776 790 798 805 820 828 829 856 874 876 883 906 921 927 945 954 960 987 996 997 
 56 7 12 21 30 83 85 114 118 183 211 310 323 324 339 393 415 418 439 453 464 470 484 494 505 510 511 525 529 549 581 583 585 631 633 668 669 670 700 703 735 756 763 767 786 798 799 811 838 846 886 911 930 932 947 960 996 
 56 2 43 54 56 66 74 113 123 129 132 173 179 210 217 224 241 254 261 278 310 320 330 399 402 404 476 539 549 553 558 600 606 617 622 629 666 670 674 682 685 694 705 732 748 768 788 792 806 832 864 944 952 974 978 995 998 
 59 13 14 46 76 84 106 109 176 185 191 195 218 248 259 269 273 297 307 334 368 384 385 391 407 432 433 449 456 471 496 508 509 530 555 582 615 641 648 661 665 680 696 721 740 752 765 800 804 815 820 837 839 840 850 892 904 927 933 935 
 59 2 33 40 46 76 81 83 114 125 134 159 197 210 234 243 265 266 279 306 335 363 422 461 463 472 479 504 514 521 531 532 537 565 573 576 587 592 598 601 602 676 730 760 775 779 790 798 800 811 815 856 857 895 900 907 925 947 972 976 
 61 2 4 86 130 174 231 237 249 252 271 279 286 287 305 320 336 348 352 360 363 385 394 402 415 416 422 444 455 462 472 483 562 581 590 613 618 628 672 680 721 737 740 756 766 799 803 814 817 845 853 863 871 877 888 893 905 910 927 954 960 974 
 58 10 29 33 41 45 106 145 217 224 240 280 318 323 340 341 354 365 453 475 498 499 503 508 536 565 602 609 612 625 631 645 646 655 669 688 700 707 710 712 734 744 756 777 781 785 823 856 878 883 912 933 951 959 966 983 987 995 997 
 53 50 52 73 108 127 129 136 137 157 165 242 246 297 328 351 352 379 423 428 443 461 471 474 485 488 501 530 556 570 580 610 636 640 664 677 689 690 693 705 717 721 811 825 833 849 864 883 925 928 955 967 975 984 
 46 13 16 26 54 69 105 117 161 168 177 226 233 261 285 297 299 324 361 374 383 388 392 462 518 535 542 574 579 619 660 701 703 744 748 753 755 760 763 764 799 841 845 860 901 917 978 
 58 1 5 6 13 21 42 110 130 149 154 173 188 204 225 231 242 254 271 277 297 307 319 329 347 393 401 411 416 426 428 465 487 490 517 518 519 524 573 592 619 649 655 703 711 720 761 803 850 851 852 867 883 905 918 920 950 979 981 
 66 1 5 7 32 50 51 55 57 59 91 93 96 99 122 141 161 172 211 223 231 254 258 287 296 297 314 322 323 335 373 380 387 413 422 439 456 481 516 519 524 530 535 580 619 636 661 666 673 696 722 730 733 758 788 802 839 868 869 874 884 907 911 912 929 965 981 
 60 29 83 91 93 104 106 197 206 220 234 247 273 308 316 334 340 342 363 395 416 424 425 443 453 470 514 532 536 543 559 560 564 565 598 606 621 645 658 679 690 696 704 709 748 755 771 784 807 820 860 872 876 886 904 939 949 956 960 984 988 
 55 20 22 28 63 87 112 113 114 130 140 145 175 177 239 266 273 352 406 409 436 480 513 514 569 573 581 584 592 629 654 657 698 712 727 735 745 747 755 777 789 805 832 849 853 860 864 865 866 872 938 945 957 968 980 989 
 60 1 2 6 14 40 74 80 93 98 103 114 176 216 282 285 287 296 316 324 348 392 394 405 408 416 444 448 459 461 496 509 515 529 533 554 577 578 590 610 618 636 646 666 701 742 790 830 850 873 875 882 915 917 941 942 950 959 973 978 987 
 54 32 56 64 74 105 115 127 136 152 161 173 181 194 210 227 234 242 251 341 378 380 382 391 419 430 495 528 576 596 617 622 630 639 645 675 720 728 755 763 773 822 853 866 880 893 894 903 910 919 939 948 950 966 993 
 54 13 14 24 54 55 60 63 67 111 119 132 135 138 159 166 167 175 196 209 233 267 278 290 298 308 345 360 405 408 416 443 460 468 483 504 540 570 582 591 601 612 641 666 713 737 739 777 811 854 886 888 920 934 970 
 46 66 104 121 122 144 147 170 186 212 215 221 231 234 278 320 321 332 371 390 420 454 464 472 478 488 534 537 590 626 627 635 638 643 690 715 720 782 803 813 850 928 931 984 986 999 1000 
 64 2 6 7 20 40 45 53 68 103 129 148 156 158 166 168 169 177 204 209 234 235 244 249 259 295 306 323 329 332 347 351 387 410 468 491 492 563 591 618 639 665 668 674 688 714 721 731 741 820 838 845 852 858 880 884 905 918 923 931 933 944 963 991 994 
 56 5 10 33 38 72 75 83 142 167 192 213 243 275 284 296 339 353 379 394 408 434 436 444 450 452 483 508 527 529 559 603 618 626 645 646 661 668 671 673 693 701 705 714 740 755 771 775 797 804 840 865 870 906 926 981 988 
 55 38 68 78 108 148 156 170 172 177 208 213 218 257 302 310 343 383 393 394 396 446 454 469 475 490 497 513 532 540 542 582 584 586 602 605 613 627 641 645 669 720 726 766 776 786 824 825 844 851 926 963 969 977 981 991 
 62 6 8 15 19 32 43 81 105 139 141 155 212 244 263 297 329 339 341 363 366 367 396 405 411 412 446 479 521 523 529 555 583 587 594 607 628 635 638 639 661 667 689 710 712 721 728 739 775 783 792 816 822 834 845 855 863 879 897 899 953 973 981 
 57 1 12 35 42 54 60 92 95 193 207 226 232 243 261 278 281 282 293 355 375 384 392 398 412 478 491 500 505 535 539 549 580 613 619 621 632 638 650 665 676 684 717 734 760 765 786 809 849 853 858 903 922 950 965 969 973 984 
 57 20 21 24 31 55 60 66 67 68 76 77 92 119 125 129 134 141 153 165 186 207 213 245 270 295 319 441 453 454 455 472 548 549 580 599 620 627 635 650 653 665 693 717 732 749 773 775 777 806 842 865 891 915 936 964 969 993 
 70 1 3 6 14 16 37 56 65 89 94 107 116 119 128 145 150 175 207 213 215 238 248 255 261 264 270 280 316 319 322 342 343 356 375 383 427 435 436 457 469 499 518 523 530 540 548 575 583 590 608 631 680 686 710 712 757 766 776 780 785 805 857 869 886 915 925 927 929 933 980 
 45 13 26 74 107 125 143 160 184 201 204 260 292 325 341 361 395 410 473 494 507 538 542 549 558 565 571 573 611 677 692 699 701 703 709 711 756 812 835 874 896 923 948 959 972 988 
 76 3 13 31 40 49 77 83 134 137 151 155 164 174 186 189 201 217 219 222 228 231 254 271 279 291 297 318 327 341 354 362 366 407 429 438 439 490 512 539 540 542 543 556 561 570 582 590 613 629 632 633 638 646 658 662 664 675 682 696 716 737 763 806 821 840 852 860 876 878 885 893 906 959 970 991 997 
 50 12 28 138 140 143 167 173 226 239 248 257 265 307 309 334 346 452 466 487 538 575 581 605 646 702 708 710 713 737 738 742 746 748 750 756 772 778 844 859 894 907 924 927 938 942 944 951 968 971 999 
 65 7 8 23 43 88 104 106 134 161 164 192 194 202 207 251 254 272 281 284 294 310 314 315 320 326 356 369 375 383 388 411 413 445 456 459 475 494 502 509 513 515 517 543 545 569 619 630 631 662 697 702 709 730 735 736 745 746 799 823 844 848 878 898 903 996 
 75 5 27 31 44 56 57 66 75 103 132 136 141 142 153 170 178 180 182 183 235 279 287 324 330 331 341 347 353 356 382 386 404 412 430 446 450 462 507 510 519 522 526 530 537 538 558 590 591 600 617 619 623 651 681 693 703 710 711 723 750 759 771 797 804 821 823 841 850 906 907 917 926 934 966 994 
 61 25 41 57 91 116 120 131 137 146 181 183 201 240 264 266 289 311 317 325 331 342 353 363 374 394 400 402 436 448 521 551 557 566 572 585 592 605 610 624 626 640 654 655 670 675 704 713 734 777 785 815 822 854 863 875 891 905 906 941 942 987 
 52 8 20 50 65 74 78 103 131 145 169 177 185 194 214 251 279 282 303 308 334 352 390 398 431 439 442 449 461 480 485 502 523 532 639 668 723 728 730 734 752 775 798 814 825 837 871 877 894 916 973 981 1000 
 59 18 41 42 47 53 64 65 73 77 174 185 193 195 228 239 250 253 267 291 297 307 329 353 368 370 376 379 382 383 434 465 473 490 528 541 647 660 667 681 691 700 701 705 708 717 752 769 808 821 838 862 866 875 889 907 972 982 985 994 
 56 1 34 46 62 63 85 93 132 143 151 168 175 209 235 256 259 273 274 278 300 369 388 406 415 469 471 494 499 513 520 562 572 590 602 608 628 659 701 742 746 747 751 775 796 814 850 851 873 882 883 890 893 906 937 959 990 
 58 25 40 59 73 103 105 118 152 171 178 267 296 331 355 364 375 378 397 402 424 443 457 473 492 493 507 510 512 519 547 592 608 611 649 659 668 692 697 699 751 761 775 801 806 811 816 837 852 866 871 873 899 909 917 931 956 972 975 
 52 6 13 26 54 56 68 76 77 81 111 121 136 161 163 191 197 213 219 232 236 240 260 352 356 358 364 365 419 434 459 470 569 609 614 629 658 682 700 704 725 748 776 810 826 837 841 873 886 919 941 950 954 
 55 2 6 22 46 79 100 164 192 194 196 215 232 263 265 271 279 288 310 328 367 385 469 499 509 530 540 548 553 564 572 577 578 580 599 610 612 623 627 642 693 734 736 748 758 779 789 802 823 833 844 859 864 959 967 993 
 71 2 5 9 11 12 15 17 21 30 44 48 59 83 87 106 108 115 123 141 166 168 169 192 228 232 281 283 299 308 342 355 366 410 453 488 553 559 563 566 583 608 615 629 650 681 696 700 713 715 722 740 755 759 777 790 794 797 799 801 816 818 838 841 858 859 904 915 941 944 960 999 
 51 3 11 38 61 87 91 92 119 120 182 201 204 222 272 284 307 309 334 340 346 352 384 387 416 428 456 464 498 548 574 584 590 612 635 655 674 681 701 709 769 778 787 801 820 830 852 881 882 896 956 979 
 60 3 15 16 34 69 74 88 93 104 115 119 127 155 184 197 257 263 264 272 308 316 317 323 344 364 406 408 439 444 452 466 515 519 538 570 588 590 596 654 655 681 684 695 700 707 717 718 726 759 767 773 788 825 829 880 951 959 962 971 993 
 59 2 4 6 32 37 40 54 55 58 69 75 100 107 128 143 147 152 153 171 185 214 217 231 270 312 364 366 375 385 388 401 409 517 531 541 548 594 626 630 647 690 691 739 746 747 750 766 853 862 870 876 895 924 936 950 954 979 992 998 
 61 3 24 37 53 72 119 130 137 142 153 192 283 291 297 332 365 408 434 460 462 465 467 470 475 490 498 507 514 533 545 575 580 581 591 596 607 617 622 634 648 654 664 670 674 681 700 706 721 723 733 751 799 809 826 834 847 896 918 923 971 974 
 59 25 44 54 64 76 97 152 183 192 208 233 258 259 270 288 307 317 333 335 365 376 382 433 480 486 504 514 540 556 609 611 635 648 653 659 670 673 688 700 701 710 711 745 778 790 797 800 822 835 879 897 923 928 932 950 960 968 988 999 
 56 23 67 79 98 102 106 171 173 192 193 199 217 225 226 268 288 293 318 320 382 394 396 437 449 457 476 485 487 490 510 526 581 602 631 636 656 686 687 703 711 713 721 742 768 771 775 814 821 860 881 882 891 933 934 971 999 
 59 1 65 72 87 113 118 119 124 132 153 171 172 197 281 306 386 397 443 445 464 467 469 470 473 479 502 503 517 518 538 539 540 561 565 575 576 580 591 611 626 675 677 687 688 689 691 724 738 746 786 788 797 807 810 846 857 858 868 889 
 64 43 49 55 56 75 97 106 115 126 143 158 162 163 169 174 228 235 238 241 246 264 266 275 289 294 305 309 318 323 350 352 356 369 372 466 490 491 503 511 523 528 548 572 579 593 611 665 680 701 721 742 746 749 784 799 819 831 843 883 892 895 902 903 970 
 56 2 21 22 23 41 57 66 151 160 172 177 190 223 226 251 255 256 268 286 296 360 374 386 398 409 420 429 437 450 454 462 483 498 501 509 529 582 586 614 619 630 641 648 667 677 678 727 737 769 800 803 804 853 907 911 935 
 47 4 6 9 17 21 29 59 151 185 189 216 240 274 279 285 288 299 300 321 353 389 425 449 475 507 560 575 580 601 619 626 641 654 683 723 734 765 801 825 851 944 946 959 963 972 982 984 
 52 91 94 107 130 143 186 205 225 244 263 267 286 298 331 348 357 358 359 382 394 463 474 476 478 479 513 539 548 557 603 612 624 645 650 658 676 681 695 703 705 746 775 778 801 803 814 823 827 844 883 893 986 
 62 25 33 36 89 126 129 135 155 178 231 254 289 299 319 332 376 377 390 394 395 405 415 416 426 448 457 517 519 531 538 539 549 552 581 616 618 630 641 647 669 685 697 702 711 728 759 767 772 779 803 843 849 851 873 877 920 932 959 978 986 988 998 
 63 76 85 93 113 117 137 151 159 174 184 195 259 280 316 323 328 340 357 377 395 424 427 450 462 481 498 499 541 547 571 584 607 610 612 628 658 664 681 690 702 703 710 723 727 747 770 784 786 811 820 848 854 862 878 882 891 893 940 951 957 958 982 985 
 62 56 65 67 96 106 135 143 146 152 154 160 169 172 192 195 196 206 213 232 240 261 279 319 327 337 347 355 358 364 382 407 410 418 428 437 490 495 511 533 539 541 574 576 579 597 599 625 639 681 717 723 782 798 802 818 872 893 915 918 930 934 975 
 71 13 42 44 75 100 120 128 143 147 160 169 173 194 226 234 237 260 272 286 291 298 336 366 367 371 395 401 411 416 420 446 466 483 502 517 518 537 548 559 569 583 593 596 597 602 615 639 644 666 667 676 680 683 691 693 707 725 770 781 800 830 839 849 854 862 863 877 952 962 981 993 
 53 2 11 56 62 66 94 96 111 133 143 156 170 189 192 242 251 288 318 332 392 410 412 434 452 471 480 481 503 508 535 551 557 568 578 618 655 671 682 685 694 721 740 755 780 813 818 820 821 844 887 905 935 980 
 54 23 41 47 72 73 104 117 130 152 179 193 201 206 240 262 296 324 327 330 357 388 401 417 429 455 485 491 510 511 520 523 533 536 537 541 548 566 572 588 598 706 713 810 827 830 832 842 850 852 872 886 888 967 982 
 64 16 41 53 63 70 104 129 157 168 169 217 221 224 239 298 330 359 369 388 393 402 410 419 426 428 466 512 522 523 525 527 530 577 584 594 604 617 645 647 676 700 703 725 728 734 735 736 764 807 821 837 840 862 891 913 915 923 924 925 945 951 960 969 988 
 70 7 17 25 40 41 54 72 98 147 151 168 169 173 186 259 266 270 275 287 305 309 357 371 374 402 403 407 434 436 443 454 460 510 524 558 560 564 596 603 606 632 645 647 648 651 655 680 681 701 714 746 750 763 782 802 839 856 857 892 906 908 936 945 954 960 964 985 993 996 997 
 56 13 49 56 79 103 112 151 160 163 174 182 191 223 235 258 264 269 303 344 374 385 386 453 474 477 522 551 556 594 595 596 610 615 636 641 676 690 692 741 753 776 792 801 805 808 825 864 875 893 924 943 951 964 976 983 1000 
 57 14 22 97 116 121 125 187 190 198 200 212 225 255 276 307 329 338 342 360 364 370 400 406 418 435 438 441 483 488 492 498 499 541 553 558 566 573 595 614 621 661 700 704 719 745 764 792 800 813 817 852 858 859 908 944 949 985 
 56 20 22 23 52 109 111 119 124 129 131 152 160 181 185 187 193 197 215 229 238 284 287 316 340 359 370 404 405 420 454 474 492 500 583 589 593 612 622 634 641 666 673 699 702 721 748 799 804 829 834 838 869 871 962 977 996 
 62 5 18 34 37 41 47 110 121 180 207 227 233 249 253 270 273 279 281 282 304 308 315 337 367 418 420 443 448 454 464 472 507 531 574 582 610 620 631 636 644 667 671 683 685 687 697 713 732 744 787 798 806 817 826 845 862 876 888 893 904 962 973 
 56 20 32 42 79 96 100 104 117 120 191 213 226 231 256 259 261 277 285 299 309 329 332 343 402 415 421 431 482 486 516 551 562 571 579 601 605 624 663 667 721 736 768 770 817 824 856 870 880 892 919 938 948 954 962 975 978 
 67 14 29 32 35 44 48 60 73 79 86 91 94 124 136 142 151 154 182 213 217 223 234 258 267 271 278 288 289 355 366 383 385 392 396 402 417 434 449 475 534 553 557 572 574 579 593 595 618 627 650 685 695 711 728 729 731 732 737 765 800 812 871 883 904 909 961 996 
 70 12 33 42 86 121 131 132 142 159 165 204 223 238 241 259 274 279 305 311 313 320 352 370 406 407 417 427 458 460 471 507 509 517 522 530 570 581 584 590 615 635 644 655 695 722 736 776 782 803 812 824 825 830 831 839 850 851 880 883 884 885 907 915 933 935 936 937 976 981 983 
 66 4 32 48 66 72 120 148 159 161 171 176 196 211 214 220 237 239 243 251 270 319 325 340 341 342 348 363 435 444 447 456 459 464 486 488 500 512 526 532 539 571 603 615 624 627 637 642 688 710 712 755 765 804 806 839 840 856 862 899 907 921 931 943 972 975 987 
 48 65 66 74 111 113 114 146 149 190 192 206 209 221 242 250 354 358 386 393 397 417 473 491 502 550 553 601 606 647 650 658 682 731 735 755 798 826 843 855 859 875 876 880 891 896 936 937 970 
 69 2 47 68 73 76 79 92 130 142 148 155 159 161 193 207 216 217 219 223 237 243 249 258 259 262 263 276 286 299 309 310 324 343 345 346 351 363 397 426 427 465 480 536 557 585 634 635 647 651 652 653 667 724 726 779 783 817 822 838 851 863 866 880 921 952 953 960 981 994 
 54 25 63 68 91 96 122 144 168 169 183 202 205 263 280 296 301 302 305 310 318 320 364 402 405 425 466 471 472 499 508 513 550 576 603 626 672 678 683 721 734 774 785 791 809 811 820 850 878 879 910 919 929 935 974 
 69 1 32 35 58 65 91 113 147 156 157 159 175 184 193 202 216 224 232 238 241 263 268 298 305 310 322 363 388 397 422 467 504 519 520 544 548 550 564 566 567 579 591 621 627 651 681 686 687 703 707 726 735 755 758 778 799 811 830 833 834 879 891 922 933 959 964 975 981 983 
 56 1 7 52 54 62 64 73 74 90 122 144 175 182 199 263 296 303 336 354 360 368 370 390 398 466 521 522 537 549 553 555 560 566 569 573 612 636 646 657 673 678 680 683 688 714 720 733 741 776 815 827 837 871 883 950 965 
 57 32 53 91 96 103 123 144 154 173 177 181 192 218 220 223 256 271 278 318 337 343 372 401 411 416 431 435 445 456 538 564 580 583 601 619 631 654 685 686 696 701 712 734 740 760 766 770 772 831 834 840 865 878 918 936 947 956 
 57 16 20 34 93 99 108 114 142 143 146 158 171 189 192 203 220 249 253 257 273 335 354 376 379 387 389 418 425 434 452 498 503 509 517 538 624 628 633 640 665 668 678 684 704 724 727 761 775 779 782 786 812 837 908 963 979 988 
 58 11 22 67 78 98 130 142 153 179 184 187 224 249 267 273 275 279 281 295 302 305 339 351 367 375 417 420 441 490 501 512 560 583 586 593 602 604 632 648 655 667 700 701 710 759 768 785 786 787 807 820 841 853 886 910 923 928 987 
 69 1 5 15 32 34 43 57 59 67 74 95 121 146 160 161 169 206 209 218 222 249 254 286 292 320 340 351 364 384 394 407 426 429 438 454 495 522 532 533 550 571 576 586 590 618 633 645 646 648 656 688 693 711 718 765 769 772 806 866 875 883 908 921 925 938 948 951 962 984 
 62 23 25 60 62 72 105 106 112 120 158 160 171 172 183 209 219 235 266 267 279 286 311 333 334 336 365 403 428 448 456 464 476 490 518 520 534 541 570 581 605 626 632 657 693 741 752 761 762 776 808 813 822 842 866 879 891 903 904 926 928 987 998 
 56 16 59 86 92 98 105 123 198 232 237 244 260 286 308 314 328 352 385 396 398 405 419 429 471 491 498 521 547 560 588 628 655 695 697 698 725 728 744 793 801 808 829 835 848 872 875 896 904 905 924 942 951 956 961 970 990 
 49 54 105 121 160 164 170 192 228 259 273 276 301 338 340 358 426 474 479 517 522 535 554 610 614 618 628 647 648 651 673 678 679 687 700 701 713 715 729 771 813 823 824 923 942 947 951 956 961 963 
 72 23 27 32 44 63 64 73 104 105 110 119 131 132 134 156 182 206 207 221 239 251 264 275 319 330 383 412 414 424 438 460 466 498 532 539 544 545 547 550 580 584 589 602 605 609 623 667 674 680 681 692 711 715 719 736 764 775 798 807 812 814 851 858 874 897 903 905 907 926 936 952 973 
 65 1 10 15 17 37 55 132 150 164 205 225 253 266 281 288 302 305 306 334 341 345 350 353 357 373 387 396 413 512 524 526 530 557 591 615 617 623 629 640 656 661 682 684 700 702 737 738 755 761 766 767 779 788 799 814 822 824 839 886 891 949 955 977 983 993 
 65 12 40 43 44 63 71 75 130 141 149 171 173 209 214 260 283 287 318 320 344 356 373 397 417 427 435 441 453 454 460 463 494 512 517 528 532 537 544 558 629 669 700 701 711 717 720 734 737 739 742 777 794 817 823 841 865 872 897 900 922 951 953 955 971 1000 
 63 21 29 43 57 70 90 94 113 131 158 161 162 171 172 220 228 231 267 280 307 330 345 401 402 407 420 430 445 453 463 466 477 480 507 604 613 627 637 638 649 653 683 687 708 733 742 761 785 797 817 830 849 850 891 899 900 920 924 935 944 950 972 994 
 62 1 3 17 23 32 82 86 93 104 144 148 163 165 194 205 252 258 259 263 284 300 310 359 402 407 416 434 441 497 523 528 549 595 599 607 613 618 627 659 673 693 694 711 728 742 755 791 806 822 823 830 831 884 887 914 915 925 943 948 956 965 970 
 47 5 35 36 77 110 119 144 271 286 290 315 326 328 330 333 349 385 388 403 457 459 483 499 518 523 526 543 613 625 668 704 714 724 729 742 754 769 799 801 830 831 857 893 906 909 927 943 
 62 13 32 45 63 91 117 119 133 152 164 178 182 187 232 238 251 259 284 298 309 326 330 340 342 363 369 375 376 406 470 471 484 485 492 520 528 556 581 617 708 726 729 745 786 813 815 833 845 876 892 904 905 921 937 952 953 954 960 961 965 981 993 
 56 1 18 32 43 78 98 116 123 130 132 151 152 153 182 195 224 242 260 263 266 269 302 313 330 352 367 404 410 434 442 507 508 509 519 537 540 548 555 561 572 581 603 635 665 678 688 747 839 849 862 876 927 938 947 959 977 
 55 55 119 122 175 181 190 195 205 210 218 224 254 259 261 301 318 319 351 357 377 392 399 406 408 414 415 416 462 493 531 537 574 582 591 657 664 668 712 714 724 756 764 779 793 794 799 809 811 820 828 863 883 899 926 930 
 61 8 27 40 46 63 65 68 83 120 128 130 132 133 143 226 237 273 321 339 343 359 440 452 484 500 512 531 569 595 603 643 656 660 670 680 695 704 709 712 724 727 728 733 745 753 782 785 805 831 832 852 854 858 861 879 896 935 939 944 953 964 
 51 3 5 28 40 64 65 66 83 110 159 173 179 185 270 282 283 320 373 404 419 469 497 510 539 552 553 582 590 604 611 620 686 693 722 756 757 803 820 836 846 870 876 888 890 909 918 923 935 961 964 969 
 50 14 33 42 69 133 196 248 272 274 286 295 296 318 328 384 397 410 435 442 444 446 452 455 460 464 473 508 541 550 554 660 668 669 670 678 711 721 755 765 775 783 787 813 814 819 849 873 942 970 996 
 60 77 100 134 135 144 194 195 216 220 224 233 279 308 319 348 368 369 421 427 434 442 460 501 536 548 567 606 610 635 662 665 673 675 682 687 688 695 706 709 742 751 782 791 798 808 828 839 861 862 863 868 881 882 916 929 950 974 976 983 1000 
 55 41 63 83 104 117 132 136 144 153 161 191 208 217 252 254 263 271 280 282 288 302 304 309 318 321 365 374 386 387 467 476 477 481 494 550 555 608 622 639 646 653 656 658 666 668 721 722 729 732 737 809 844 933 955 972 
 67 19 46 78 94 99 120 122 129 138 188 191 201 205 208 214 218 249 268 280 306 319 339 364 428 435 441 475 479 482 489 492 508 517 532 548 551 567 582 595 600 601 605 630 646 647 659 666 669 682 735 737 750 756 771 782 789 799 870 893 914 915 918 971 973 980 987 994 
 55 26 29 52 75 114 123 125 159 161 175 195 196 226 232 245 255 280 314 326 339 356 373 376 401 403 422 438 441 444 464 482 494 500 538 539 542 551 611 620 621 655 666 680 710 713 728 805 810 811 814 822 838 872 961 976 
 56 32 37 47 53 83 86 104 105 106 107 115 119 124 127 155 162 169 174 222 228 281 320 328 331 366 378 386 416 435 454 480 500 526 533 536 539 563 569 570 598 618 635 637 640 698 758 765 788 821 862 872 887 954 957 961 981 
 73 1 6 20 57 59 62 63 76 115 136 142 147 191 192 216 247 276 296 300 306 307 329 337 344 357 360 371 400 404 412 415 434 467 480 484 500 505 518 524 589 592 619 625 627 667 669 675 681 695 697 706 709 717 722 723 726 747 756 766 767 784 791 800 801 836 842 886 915 930 934 937 971 984 
 51 4 15 28 84 86 90 95 120 140 149 169 187 205 216 267 307 318 332 334 357 389 421 429 453 465 515 519 533 540 550 594 595 598 600 620 689 712 748 759 779 799 804 826 830 849 850 896 923 941 964 985 
 48 47 97 113 150 241 253 286 299 309 329 353 366 370 409 410 443 444 453 474 481 507 511 563 581 619 623 647 664 675 685 688 689 695 732 754 778 788 806 811 843 877 878 887 941 950 992 993 998 
 44 11 69 109 119 151 163 184 197 199 215 233 262 319 436 463 500 513 516 521 529 541 551 558 562 573 575 599 620 622 649 665 686 695 703 735 756 773 788 895 907 926 929 990 994 
 58 5 58 93 96 103 107 108 119 124 132 136 145 162 202 213 216 217 230 237 250 252 262 275 280 295 314 316 325 333 342 344 374 391 394 404 406 427 432 435 473 509 530 599 632 655 702 725 737 765 787 846 847 864 870 924 928 947 948 
 60 25 38 51 63 67 76 112 142 152 208 213 227 231 245 262 280 295 306 310 326 332 340 347 364 367 370 385 403 417 432 473 521 541 554 584 620 628 632 639 641 687 709 714 750 762 786 802 803 853 863 902 903 914 943 950 951 967 972 974 986 
 54 41 64 114 138 201 217 249 260 292 305 307 311 312 330 342 352 356 357 383 389 393 405 459 462 465 467 477 495 526 542 547 549 560 574 592 610 623 624 643 696 709 721 723 775 832 837 843 891 923 936 941 943 951 975 
 67 11 33 48 50 79 92 95 116 131 171 179 183 206 213 214 219 240 265 287 295 323 332 344 347 348 353 363 364 373 380 383 385 408 426 428 449 465 466 483 524 548 569 583 591 616 643 664 678 701 706 745 764 765 785 799 811 837 855 865 904 932 933 941 948 965 985 990 
 64 19 59 69 74 86 101 134 165 176 197 205 220 263 279 311 321 330 353 384 411 416 434 435 447 467 500 506 513 542 549 552 569 575 593 623 642 653 681 682 684 709 718 727 748 769 776 784 785 789 794 799 800 833 855 865 866 895 914 937 950 951 971 983 988 
 76 3 4 6 9 30 34 54 64 67 87 96 122 149 164 194 205 223 228 231 249 262 273 312 318 324 331 374 419 420 421 424 447 463 479 483 503 505 510 544 550 559 594 611 615 627 655 669 690 715 730 756 764 776 787 792 798 808 816 818 820 824 830 831 847 849 893 896 903 910 915 932 939 942 966 973 982 
 66 8 24 82 85 94 124 149 154 158 168 176 181 183 197 243 252 321 339 366 380 385 389 429 433 470 480 492 538 550 551 565 597 606 610 618 621 635 651 673 682 694 698 703 709 711 718 739 758 766 778 779 789 819 824 851 864 865 878 894 899 914 925 936 952 953 955 
 74 12 36 78 85 91 112 113 127 139 141 156 169 171 185 190 194 215 217 224 226 246 251 261 268 281 301 315 338 365 378 393 399 403 422 445 451 454 470 482 508 511 531 547 561 590 597 627 656 714 738 757 764 782 794 814 840 844 853 870 871 884 888 894 904 908 914 920 955 963 980 983 984 991 996 
 46 12 22 34 36 50 56 119 146 207 208 212 275 276 281 282 301 327 367 372 380 385 456 473 487 493 510 577 600 603 628 633 634 663 666 676 695 710 730 741 755 801 811 855 867 887 969 
 53 3 18 25 49 66 77 87 126 138 146 168 171 177 245 282 298 303 311 318 331 359 395 409 415 420 459 472 476 480 495 498 519 555 571 582 624 634 670 680 693 712 721 727 746 784 798 799 901 926 929 942 952 992 
 60 6 11 43 46 75 96 116 124 153 171 192 205 224 233 242 244 260 288 309 318 329 339 351 353 354 373 382 461 478 484 499 511 517 564 594 595 610 612 624 640 650 682 683 756 785 790 800 806 829 859 864 871 886 895 903 913 916 941 942 959 
 54 42 69 74 94 113 126 136 162 163 172 224 232 244 259 261 323 329 330 383 458 477 485 494 496 518 528 532 540 541 570 577 580 588 601 605 626 636 647 692 699 700 709 722 731 786 810 820 856 866 903 915 925 959 972 
 59 23 78 84 91 95 164 195 205 221 234 250 290 292 297 300 305 313 331 339 377 382 403 434 447 469 480 491 515 525 527 528 543 576 581 583 589 590 652 702 727 749 752 758 780 790 797 851 855 857 881 904 906 919 925 946 971 976 995 1000 
 49 69 84 112 119 122 124 130 182 188 233 239 254 262 274 279 303 379 385 427 476 537 543 568 573 575 576 579 611 613 622 628 655 679 703 720 736 766 780 784 794 846 852 865 870 885 909 946 960 974 
 53 20 67 79 97 180 182 212 221 307 308 327 354 355 379 443 464 481 483 484 511 517 520 525 528 543 567 568 596 607 614 618 625 652 654 657 671 673 684 726 737 795 805 812 822 830 854 855 898 911 932 942 973 982 
 61 12 23 44 58 77 78 175 222 269 279 301 304 321 325 333 339 345 357 366 372 385 391 417 431 475 499 507 510 512 514 535 558 559 564 569 571 572 579 580 613 641 642 656 675 700 749 764 773 777 785 788 805 831 841 843 854 903 915 923 951 985 
 51 2 10 33 73 91 115 120 166 174 178 186 199 204 224 233 297 301 384 465 467 481 485 525 533 599 602 606 621 628 635 646 650 660 666 673 686 702 706 710 769 777 787 840 841 854 873 903 918 926 939 972 
 62 5 16 20 40 42 52 64 119 121 133 150 182 250 260 261 279 312 328 354 366 380 397 416 429 446 453 470 476 477 485 496 503 536 537 540 567 582 587 595 606 636 640 643 664 682 721 735 747 755 804 820 839 876 894 897 936 941 951 963 968 980 983 
 55 8 21 22 33 68 69 83 111 119 146 147 153 182 186 196 203 224 292 354 387 396 402 437 445 452 457 464 484 508 547 570 581 604 645 664 724 755 761 798 804 818 820 826 827 863 868 874 881 895 901 904 906 973 986 996 
 63 4 12 18 95 98 105 113 139 141 142 145 154 172 182 208 215 248 255 272 286 295 302 308 309 310 314 331 354 396 404 424 433 455 481 492 513 516 557 584 590 593 636 685 718 720 723 734 745 746 757 765 783 798 811 845 862 871 882 941 942 981 983 997 
 62 1 13 17 44 63 79 142 187 199 203 210 216 224 231 240 266 267 292 306 325 333 376 383 397 402 405 418 428 436 443 452 455 460 473 475 479 500 507 530 550 604 612 613 647 677 700 702 729 746 797 814 819 842 856 869 870 901 914 962 967 982 999 
 66 23 42 66 80 95 99 110 112 138 191 198 204 217 232 265 271 278 280 306 311 326 330 337 341 359 417 443 449 453 456 501 518 527 545 564 573 582 588 603 610 616 624 636 655 690 711 716 722 730 733 766 771 780 816 821 828 865 872 913 914 937 946 950 951 955 979 
 50 2 10 15 20 22 74 79 90 99 154 162 211 228 271 278 352 357 363 367 377 386 417 427 428 490 521 524 540 546 563 583 587 667 685 694 705 757 805 811 841 861 863 885 895 898 905 913 916 966 980 
 57 3 38 54 95 125 145 146 162 169 171 176 185 196 236 250 257 278 308 312 322 353 396 399 405 427 451 455 500 502 507 508 529 551 558 573 578 596 647 664 693 721 744 750 766 777 796 812 850 861 880 884 895 947 949 966 977 985 
 54 20 23 24 32 58 69 89 111 133 141 151 172 193 203 227 235 252 295 303 318 321 326 364 371 374 428 449 478 514 537 572 574 591 613 626 657 664 673 715 716 736 751 768 799 818 874 886 918 924 935 943 950 993 999 
 42 12 18 20 48 76 86 135 182 204 307 317 324 328 339 400 419 427 437 453 506 528 534 546 553 558 573 576 580 627 638 653 720 724 750 778 813 823 830 840 881 935 989 
 60 6 14 21 73 83 88 125 134 141 151 181 202 205 240 246 265 305 310 312 314 319 328 333 355 379 405 425 435 480 481 491 537 538 552 554 560 566 589 605 607 630 657 681 683 686 711 718 724 733 817 827 854 864 866 872 887 909 910 973 974 
 67 2 3 10 57 66 106 121 139 152 166 170 176 182 194 205 216 242 261 276 289 320 334 335 375 387 402 416 417 421 440 457 479 509 534 549 559 573 604 619 628 649 658 660 681 702 734 741 776 781 798 802 818 837 845 856 866 870 873 886 889 913 916 934 942 945 971 982 
 63 28 30 59 63 106 117 152 162 166 176 195 223 252 270 272 278 285 288 311 321 338 368 374 376 432 453 458 472 479 492 494 504 545 563 581 587 591 601 617 636 651 668 671 674 685 708 719 721 734 803 842 863 896 906 925 943 949 950 973 974 980 996 998 
 46 40 64 96 110 126 136 207 229 239 255 271 274 297 342 353 375 431 435 446 462 471 495 499 528 538 544 548 602 625 666 693 700 709 732 735 755 776 781 786 809 810 820 839 949 976 979 
 59 7 59 62 108 119 121 151 155 169 187 189 192 233 248 271 312 336 374 375 382 391 420 429 434 466 468 497 499 501 504 559 562 569 577 605 610 615 625 641 655 657 702 707 718 721 722 747 776 777 798 839 916 923 940 965 971 983 990 993 
 58 3 12 25 56 64 118 141 170 182 186 189 208 229 231 239 271 295 311 319 321 331 352 358 368 381 390 391 392 407 428 454 509 518 538 540 544 617 618 627 654 695 733 735 746 770 811 830 840 844 877 882 898 904 916 947 959 964 973 
 57 40 64 73 79 134 142 154 184 186 214 231 240 265 292 295 305 307 322 338 348 359 377 402 404 408 416 417 419 420 428 438 444 496 505 507 530 539 611 626 664 665 679 704 752 768 773 825 851 867 935 937 941 954 956 967 977 982 
 50 40 67 103 128 130 158 172 196 198 233 254 286 300 308 317 323 326 375 393 415 423 442 494 511 530 556 564 580 617 634 642 648 653 666 681 738 771 801 818 822 841 851 859 899 908 921 954 960 980 991 
 58 3 12 15 33 34 42 46 61 72 77 93 98 182 185 191 213 215 217 218 260 263 276 307 328 352 354 366 369 386 394 401 420 428 434 438 453 472 490 493 501 502 530 548 553 577 611 655 681 718 738 749 804 817 833 903 904 910 935 
 64 12 27 40 64 95 114 137 139 165 184 207 231 278 296 322 328 340 352 356 374 392 394 398 409 410 462 465 473 485 525 535 550 563 584 590 603 614 665 666 671 674 676 682 683 712 739 745 757 758 760 765 767 772 779 788 798 800 914 934 940 946 987 995 998 
 51 25 59 94 124 175 180 185 194 195 241 250 293 300 335 344 347 368 382 384 397 406 430 437 447 453 465 474 480 493 498 530 537 545 564 565 568 597 619 626 657 665 709 718 748 779 813 821 854 875 892 934 
 75 1 9 19 48 73 79 83 95 112 129 131 143 147 163 169 174 208 236 258 283 284 317 323 326 329 341 347 364 377 383 384 393 402 415 418 420 430 435 453 457 460 475 490 498 508 526 530 538 541 543 546 561 571 576 602 609 637 647 670 674 693 748 765 769 790 797 835 855 892 897 914 915 916 965 977 
 51 83 92 117 121 133 221 248 264 266 271 289 301 321 347 352 365 372 376 381 390 395 419 435 439 460 555 563 590 601 623 655 664 683 717 737 757 768 779 789 792 810 843 847 859 863 872 875 907 942 978 987 
 54 28 39 47 65 76 120 130 162 205 209 239 248 251 268 287 291 303 342 345 365 367 374 420 422 426 452 465 474 493 499 523 559 566 606 621 652 653 678 683 709 726 751 759 772 838 858 894 917 933 941 948 966 981 982 
 70 29 44 49 50 58 83 97 121 131 132 145 158 164 170 193 215 223 228 232 250 252 259 266 286 353 354 368 419 430 439 444 461 463 478 528 571 579 618 634 635 636 643 644 667 668 672 686 707 712 740 749 755 756 764 785 786 797 811 830 834 866 874 883 901 929 932 933 943 945 975 
 53 20 25 41 93 96 109 174 191 214 219 241 247 262 317 325 351 355 366 372 414 440 479 482 522 532 537 592 596 619 626 658 684 727 745 760 771 786 787 814 821 822 849 855 898 900 922 943 952 965 968 977 992 994 
 54 14 22 24 49 58 122 133 151 164 170 179 192 193 205 226 240 251 264 286 308 310 316 349 353 382 384 424 430 470 488 524 526 535 569 574 594 614 623 648 676 679 748 758 762 792 795 801 844 865 876 889 912 924 980 
 55 11 16 22 38 40 41 47 65 67 104 121 159 168 186 284 287 295 316 319 340 394 458 471 472 500 548 580 589 590 604 607 612 622 637 654 660 663 693 707 710 716 725 753 756 789 820 863 888 896 899 905 934 963 970 999 
 62 83 97 109 110 158 160 201 213 223 224 225 231 268 278 291 304 355 376 378 419 432 446 451 452 454 460 478 507 509 539 540 547 551 567 581 592 625 637 654 663 677 681 696 698 700 701 718 743 771 775 781 800 801 872 891 905 943 944 945 965 974 988 
 51 23 56 62 68 97 106 122 138 140 145 233 248 308 352 364 386 392 399 401 448 483 499 531 538 546 550 571 598 642 650 666 681 732 733 751 759 776 787 789 800 805 841 847 854 867 898 924 938 974 980 983 
 62 12 19 54 76 84 105 150 164 165 174 185 278 279 282 283 300 308 319 320 322 350 407 414 418 457 459 484 508 519 522 529 530 540 543 569 574 579 583 590 591 594 597 616 638 674 705 719 751 767 775 786 792 795 832 845 887 907 910 914 933 941 952 
 76 30 51 73 86 91 94 105 106 114 135 138 154 155 157 169 204 214 232 246 255 256 260 298 302 309 318 325 328 332 348 369 416 429 473 484 492 493 503 506 508 512 519 528 547 552 561 586 601 611 626 634 642 659 680 689 757 778 800 812 821 833 837 843 878 884 890 896 940 941 948 949 962 967 976 982 991 
 56 11 13 22 47 81 85 120 126 226 236 237 238 243 250 259 260 262 271 273 290 298 309 337 341 375 382 453 500 518 529 570 596 618 646 687 711 716 720 748 752 761 767 780 805 827 832 838 884 905 911 920 956 958 959 980 996 
 59 17 30 61 74 93 99 133 159 173 183 196 199 205 212 234 257 264 311 349 362 367 389 404 407 420 432 439 442 482 538 544 549 591 625 629 634 638 642 646 648 656 677 689 691 704 723 786 795 810 823 826 849 858 937 950 965 972 973 990 
 57 20 31 46 63 118 120 131 133 136 148 181 191 202 240 248 262 271 277 291 295 316 329 347 352 354 383 392 405 406 491 495 529 538 539 541 551 559 560 583 598 625 630 634 642 687 764 776 813 820 847 855 862 877 914 939 966 982 
 64 2 4 45 85 107 109 119 126 159 195 197 205 216 225 239 270 321 333 345 356 363 425 434 437 455 502 503 523 548 551 558 593 601 635 682 693 697 702 712 720 724 745 750 785 798 818 826 836 837 855 857 873 874 891 919 934 944 970 971 975 978 979 983 991 
 64 14 21 47 49 54 60 74 92 93 101 119 120 121 152 154 158 160 181 205 212 282 299 306 314 331 346 351 355 356 363 373 410 411 419 466 508 518 521 554 562 567 573 590 615 652 674 683 704 710 713 714 729 731 732 733 755 760 794 872 878 939 950 975 986 
 51 4 21 35 78 88 117 134 157 160 164 170 177 253 265 270 282 283 306 341 345 373 390 436 486 494 498 499 513 549 550 566 580 586 590 635 646 654 664 671 688 724 729 734 747 754 810 853 860 953 984 986 
 50 2 44 81 93 114 122 130 261 263 277 306 320 328 331 341 343 393 403 465 468 476 517 545 580 590 594 622 625 640 682 691 714 721 738 764 768 799 802 806 833 862 864 883 904 910 915 919 952 972 994 
 59 9 53 56 107 115 127 133 153 158 170 176 207 246 275 296 312 313 362 369 387 397 417 423 431 439 456 460 472 479 501 504 520 529 605 620 641 646 671 682 728 766 802 812 822 823 831 858 874 875 885 914 949 950 953 956 967 976 984 992 
 52 8 17 63 77 101 102 170 171 199 202 249 274 276 308 314 328 345 347 463 482 484 498 515 520 534 540 557 566 580 585 604 634 667 685 711 736 745 757 764 767 781 797 811 812 822 832 867 897 909 935 946 994 
 67 4 43 54 77 81 92 112 116 135 151 155 164 170 183 195 223 240 249 250 256 274 287 290 308 311 333 344 395 402 404 452 483 489 491 529 543 549 559 561 573 579 590 605 631 638 645 649 659 671 674 700 747 757 774 778 796 798 802 811 853 874 903 934 946 952 984 985 
 52 1 15 26 59 63 83 103 114 121 164 170 226 241 286 304 310 364 418 428 473 478 486 498 509 546 552 571 572 576 604 611 614 629 643 650 669 674 679 697 733 804 819 834 845 863 905 927 934 946 947 968 980 
 56 33 45 66 73 82 89 131 149 175 184 191 214 253 254 262 274 276 316 341 346 349 352 394 404 407 416 425 440 452 509 527 559 569 579 658 668 676 680 681 683 688 703 765 775 776 788 793 833 850 865 869 895 907 909 977 986 
 56 2 5 9 14 24 26 45 49 77 83 91 135 144 173 198 202 250 253 260 265 274 313 325 336 355 358 373 407 414 419 424 430 462 481 503 508 531 537 588 590 625 700 705 722 738 756 763 764 781 803 804 818 887 896 912 937 
 58 33 43 45 70 93 108 118 120 144 158 167 183 215 242 243 245 259 264 279 306 308 332 363 364 376 384 399 415 437 508 510 534 571 582 605 612 614 658 686 701 710 735 790 792 862 873 875 879 885 894 898 911 919 945 958 964 970 983 
 65 16 35 59 63 70 73 79 115 129 130 132 146 196 205 207 262 271 312 350 358 360 385 398 402 403 412 418 422 471 482 484 486 490 531 538 549 557 602 660 667 686 710 712 730 759 763 765 768 769 770 787 802 804 814 830 838 842 850 854 894 917 924 963 968 993 
 47 11 27 29 40 44 45 177 178 181 200 283 305 379 431 434 447 452 467 479 482 486 492 546 597 600 610 642 660 665 668 686 753 761 763 797 803 823 846 885 912 928 935 958 972 985 989 1000 
 53 17 27 46 65 66 73 130 175 177 193 231 241 248 249 251 269 273 303 305 405 426 442 452 473 494 498 517 535 538 552 571 601 636 678 713 764 783 795 805 806 814 842 856 857 871 892 915 928 932 963 974 982 994 
 55 1 63 110 114 122 152 223 225 279 282 285 301 317 323 331 334 340 347 388 403 418 463 465 490 498 508 585 593 610 635 639 640 645 675 694 705 719 726 738 745 764 766 791 812 815 817 821 849 871 887 914 930 933 942 959 
 53 3 13 103 113 116 127 136 138 154 214 248 262 282 315 324 354 367 370 378 380 382 383 385 416 440 450 482 499 508 515 530 552 612 649 655 661 667 676 721 731 733 758 770 799 830 836 873 888 917 924 936 976 987 
 60 21 38 45 48 71 83 93 102 113 126 131 145 214 215 217 223 262 283 343 345 352 367 383 407 409 429 444 471 479 494 496 522 523 530 533 537 569 578 582 620 657 674 719 720 746 755 762 765 772 813 815 830 835 864 867 916 937 942 965 974 
 59 21 43 64 113 116 117 123 137 193 229 241 243 285 286 287 304 314 336 383 411 422 437 438 451 457 463 525 532 572 579 595 629 651 666 673 683 697 704 705 711 718 723 741 745 764 780 785 796 818 873 882 900 922 928 933 942 951 962 970 
 57 34 41 48 51 101 109 193 251 281 295 297 303 306 308 319 346 358 363 390 409 413 427 443 451 458 498 525 528 535 555 560 561 575 582 603 610 649 651 657 664 666 702 726 733 770 785 821 841 845 848 860 883 895 904 944 984 986 
 58 12 26 34 44 112 124 136 146 147 152 193 198 221 225 280 315 348 363 393 398 402 406 421 429 430 437 459 482 492 500 510 560 561 566 610 616 620 659 712 719 722 737 753 764 792 806 813 830 866 885 891 915 936 960 981 982 985 993 
 64 12 18 36 40 55 59 60 76 103 107 126 127 158 184 217 226 231 234 270 295 302 318 320 339 342 379 389 414 416 419 426 452 454 487 523 547 569 575 582 614 619 636 684 687 690 709 738 750 757 776 788 807 816 823 884 888 894 919 922 944 956 976 980 993 
 59 9 42 54 74 99 128 143 151 165 170 173 183 193 200 216 223 224 234 237 239 252 282 285 306 330 366 373 401 440 446 472 475 492 521 558 562 570 611 613 635 647 662 664 686 689 705 755 791 792 801 834 898 909 940 942 961 965 989 994 
 60 21 41 51 55 58 109 120 124 193 219 225 235 250 260 263 266 298 306 342 356 368 373 376 398 418 437 526 549 572 578 601 603 614 616 644 646 671 673 675 684 743 771 797 801 821 830 849 851 865 876 881 894 895 898 900 902 917 954 968 972 
 53 7 91 108 123 165 199 209 218 227 251 265 272 289 297 306 318 330 339 373 427 431 435 444 459 475 491 527 529 532 603 625 635 649 678 697 703 738 755 766 798 805 813 838 843 852 871 908 917 930 943 963 986 993 
 55 12 15 25 50 56 124 126 191 205 249 265 276 278 286 291 309 318 330 346 354 370 402 417 423 445 449 457 463 481 491 508 548 564 606 619 635 636 640 668 733 742 744 770 791 832 851 867 902 921 922 928 963 972 981 996 
 63 2 33 51 52 78 92 116 159 166 191 204 220 234 270 286 300 330 333 351 356 373 383 389 392 393 397 403 420 428 436 441 460 493 498 520 531 533 538 572 582 591 599 639 640 648 682 684 685 713 722 750 813 815 822 854 870 875 898 923 935 936 958 989 
 66 10 13 20 68 81 105 106 112 120 144 152 166 171 173 200 206 209 212 240 283 306 312 320 321 329 352 378 382 403 415 421 429 447 456 518 530 531 542 552 569 585 592 604 629 666 715 724 726 741 775 785 798 815 821 824 840 849 854 863 864 877 934 948 968 976 986 
 60 13 21 23 29 31 99 107 127 142 147 158 167 205 218 239 271 284 305 334 368 372 393 400 415 418 456 464 471 473 490 498 570 573 590 592 601 643 661 674 677 682 683 687 725 741 766 776 780 815 820 825 834 835 916 918 947 951 952 960 985 
 57 3 12 57 83 92 103 119 123 130 142 143 175 183 185 192 199 207 225 231 248 287 315 318 324 339 353 375 377 379 405 439 446 448 455 464 496 511 519 534 601 637 642 668 669 703 712 733 786 839 840 852 862 894 895 919 944 981 
 60 22 26 36 42 88 114 116 118 169 174 208 209 224 233 254 262 264 272 274 275 289 299 302 320 321 335 341 343 354 400 403 408 424 429 431 452 461 481 497 519 534 569 649 660 689 705 716 722 723 725 813 834 850 852 882 952 955 979 988 999 
 63 16 58 65 73 90 93 127 134 135 155 181 241 252 253 287 290 299 321 335 336 357 377 381 415 422 455 482 498 510 528 541 543 573 579 590 591 594 605 622 625 629 646 650 658 666 670 700 726 751 779 793 812 830 832 849 856 858 871 888 930 949 952 969 
 70 23 24 34 46 55 61 68 92 96 107 113 129 135 145 152 154 163 169 200 205 214 230 243 245 250 255 297 342 354 365 372 404 416 470 478 481 485 496 507 536 540 549 559 562 571 608 612 640 649 650 670 673 679 689 704 707 744 789 800 830 838 874 887 894 904 929 949 952 953 986 
 59 1 6 8 13 43 48 80 95 107 116 123 142 194 206 221 251 258 281 288 309 332 343 345 387 399 407 434 445 459 460 491 539 542 552 565 630 668 683 698 699 749 758 768 777 784 791 826 853 854 874 875 884 889 912 927 929 960 982 989 
 49 47 51 140 151 152 175 182 191 272 288 359 382 439 446 461 475 476 483 491 522 523 581 592 597 599 611 614 615 637 645 651 653 689 694 724 769 787 788 790 799 808 823 827 849 874 891 916 945 995 
 71 17 24 27 34 84 102 105 124 125 129 130 151 158 166 176 186 246 284 289 295 344 346 355 365 383 384 386 392 393 394 395 406 422 453 454 462 473 493 519 521 559 562 574 581 595 603 611 620 645 662 694 701 760 786 796 821 827 831 837 857 865 866 871 884 904 905 909 931 951 963 965 
 65 3 12 18 33 43 75 80 89 120 123 133 149 251 259 260 307 352 395 403 404 429 439 482 485 493 503 507 509 513 520 522 542 548 552 611 612 613 627 674 682 684 687 704 706 724 732 738 746 757 760 773 779 816 817 825 840 859 883 892 917 922 933 941 951 976 
 60 27 41 42 84 113 127 142 153 187 213 221 225 236 255 256 271 282 283 298 301 312 313 339 340 383 395 419 446 453 472 481 492 500 506 524 585 586 626 635 637 640 660 684 700 760 774 805 808 816 847 873 885 897 899 910 923 924 961 963 971 
 62 13 18 32 44 45 55 68 80 81 92 131 160 188 192 258 273 290 302 308 311 331 358 365 382 384 393 455 470 484 500 509 557 569 574 585 597 602 621 631 667 685 720 727 767 774 800 804 835 838 851 855 864 870 895 916 924 942 953 960 962 977 979 
 58 20 28 32 65 93 99 107 130 133 144 151 170 182 196 206 213 240 250 255 262 283 298 382 393 419 438 459 461 477 483 489 497 508 517 535 537 601 602 622 629 648 657 668 686 702 738 757 772 783 790 812 851 884 918 954 970 982 995 
 47 26 33 48 53 56 68 86 120 172 183 194 198 215 223 269 290 315 321 322 329 371 393 469 475 508 541 590 611 615 659 671 679 682 683 700 708 736 765 797 808 811 839 894 923 927 940 996 
 55 2 22 23 28 49 54 96 173 183 186 208 225 260 264 286 287 297 300 313 335 364 374 376 382 394 395 417 434 436 440 479 491 495 499 546 550 625 650 658 668 675 692 705 726 727 793 820 831 853 871 888 915 982 984 986 
 62 20 22 34 39 139 146 147 153 165 182 211 232 272 279 280 290 307 343 380 386 389 391 396 401 404 426 440 468 471 518 528 558 570 596 612 619 621 636 654 661 686 693 694 696 709 722 741 761 775 792 799 820 854 907 923 928 945 960 963 964 994 997 
 67 9 13 38 47 93 95 151 160 170 192 193 224 225 227 238 245 255 289 295 298 308 314 328 334 336 355 364 372 411 417 420 427 462 525 558 586 590 611 614 625 653 654 675 677 696 706 710 732 734 735 744 755 789 793 797 824 840 865 868 870 875 929 962 971 984 993 999 
 64 39 47 73 96 126 150 151 152 154 161 178 183 184 224 229 232 260 296 314 333 355 406 416 429 440 461 465 470 484 493 524 528 530 558 563 618 663 686 694 717 725 729 735 743 765 768 770 789 803 820 822 828 846 863 868 872 887 900 908 924 932 934 963 981 
 58 2 5 25 42 48 58 101 107 115 138 152 161 166 198 218 246 271 288 301 303 352 359 361 365 384 418 435 455 495 501 560 586 638 687 704 714 726 735 758 788 798 803 815 826 852 858 864 869 882 891 892 893 894 903 959 964 987 993 
 58 1 37 46 60 61 75 93 113 130 197 227 248 271 274 318 324 329 340 342 348 372 394 401 425 441 447 474 520 532 544 623 637 640 665 674 684 687 693 695 714 745 758 764 778 813 821 830 849 873 874 880 886 894 924 931 977 987 989 
 57 13 15 26 32 40 54 110 115 140 174 194 215 261 273 311 325 403 406 449 468 515 516 518 533 541 559 565 570 572 587 595 614 647 656 689 700 715 732 735 763 785 802 830 838 841 862 868 879 880 887 892 916 953 966 980 983 985 
 66 6 42 43 45 60 94 125 134 153 159 171 207 224 246 247 256 257 260 272 295 330 332 372 390 394 403 404 409 428 441 444 455 461 488 501 510 521 529 547 562 564 579 581 585 587 605 621 622 683 694 710 722 733 749 755 794 800 801 805 808 891 937 938 954 962 978 
 74 11 14 40 44 73 87 91 105 132 134 135 144 176 178 193 195 213 216 222 261 262 286 298 313 325 326 344 350 352 355 364 367 382 413 419 423 425 438 468 538 547 558 560 610 628 643 644 657 665 671 674 693 700 702 721 732 742 760 786 787 789 831 875 893 894 912 914 915 919 929 941 953 957 971 
 53 29 42 46 64 69 94 104 108 109 120 131 159 176 191 193 206 246 278 295 305 321 324 339 342 353 434 486 496 507 613 626 632 634 668 673 677 693 698 700 729 743 776 780 789 799 855 875 884 889 901 923 951 988 
 60 5 7 13 26 37 60 62 63 77 97 103 104 125 127 145 170 188 197 224 238 239 253 260 276 280 283 305 344 352 373 427 478 493 520 557 562 585 592 594 675 697 702 709 721 724 728 730 737 739 756 780 798 861 908 914 953 955 962 981 982 
 67 42 84 109 114 118 121 130 137 151 154 200 239 251 252 256 268 283 288 305 334 335 342 374 377 385 387 403 409 420 456 486 496 498 530 548 550 577 588 601 611 628 639 645 651 664 669 693 701 710 711 732 746 747 749 765 771 832 833 834 835 838 889 892 906 909 945 983 
 57 7 24 26 36 66 77 90 143 182 214 219 225 230 232 249 250 253 259 267 292 300 357 361 367 421 461 466 480 481 555 560 591 592 637 658 667 681 745 750 757 761 775 777 779 781 785 786 843 852 863 871 887 907 935 944 945 983 
 65 15 17 42 57 60 78 151 155 179 180 223 236 241 247 251 254 297 318 323 343 344 361 374 411 416 441 443 444 462 464 473 475 480 482 494 499 531 534 537 558 560 577 580 591 610 637 654 657 664 683 684 715 716 758 777 806 812 832 849 885 903 906 925 939 988 
 61 24 52 71 87 93 115 129 130 132 144 170 216 227 233 242 248 249 265 271 277 287 291 299 319 339 344 366 401 423 433 434 447 467 472 574 582 602 609 617 636 673 716 766 776 794 798 810 842 850 852 867 871 916 929 932 946 953 955 957 965 994 
 69 11 41 55 56 92 105 107 120 132 142 151 163 179 185 188 194 208 220 235 244 253 272 289 307 310 337 362 394 404 406 452 471 473 474 501 504 563 577 594 615 618 622 625 635 637 657 683 712 714 718 733 748 758 774 778 784 793 794 845 851 859 867 884 916 938 960 965 984 989 
 51 30 35 52 53 64 88 104 114 156 172 173 178 179 191 238 274 321 329 338 363 388 392 436 453 455 468 478 481 498 499 551 613 637 658 665 667 696 701 716 723 752 783 785 810 849 850 860 872 882 949 972 
 57 12 38 45 55 63 77 84 114 126 148 160 175 208 229 331 373 393 418 438 453 474 480 501 512 513 548 563 590 600 602 603 630 632 637 653 666 667 675 686 709 713 719 735 737 791 795 821 825 872 874 877 890 955 959 962 982 984 
 60 13 63 73 84 92 94 103 110 150 158 170 213 225 255 274 282 296 314 339 355 383 387 398 417 443 446 448 453 462 463 466 468 484 498 575 594 628 649 654 673 703 734 740 766 778 780 791 799 830 831 844 864 880 889 926 933 960 993 995 996 
 60 4 14 36 55 65 75 144 152 160 171 206 238 242 289 295 296 321 343 377 379 403 408 409 413 421 422 438 456 490 506 522 536 537 538 578 583 595 613 620 628 684 698 701 707 713 723 749 755 759 815 840 850 857 865 896 906 908 916 937 970 
 71 3 11 16 26 31 34 35 89 107 113 119 148 154 157 161 167 184 200 223 258 274 275 281 297 311 318 322 402 405 407 423 428 437 447 449 465 467 480 492 498 528 529 531 532 544 547 548 554 575 580 593 625 631 650 667 706 709 713 747 832 872 892 895 897 903 907 909 910 915 957 971 
 66 28 32 34 50 73 141 146 193 214 225 253 259 260 270 275 276 291 292 293 309 339 376 383 436 448 464 474 484 512 518 523 555 561 569 575 591 606 615 627 646 656 657 673 682 684 696 703 705 708 709 726 727 755 761 788 797 848 855 868 872 873 881 923 955 964 998 
 66 28 35 36 87 104 113 134 162 174 211 225 250 270 305 320 342 368 377 395 416 426 444 457 463 493 511 520 529 545 551 573 580 601 612 616 620 626 642 666 672 693 703 705 706 715 748 767 779 793 811 821 822 823 839 842 849 853 855 873 900 930 934 946 960 985 993 
 57 30 45 67 101 102 113 129 142 144 147 151 159 179 187 192 200 204 229 248 282 389 392 404 405 407 413 431 445 452 453 490 499 520 538 546 581 605 614 618 634 646 675 700 701 747 769 810 832 842 848 886 903 905 908 923 933 946 
 60 21 37 56 74 96 103 111 120 131 137 155 197 218 231 239 240 244 249 270 272 278 280 286 313 378 386 393 415 423 445 461 485 491 494 591 601 624 639 641 677 695 702 705 723 736 744 769 772 793 797 838 852 865 869 885 903 932 952 984 990 
 61 16 18 63 87 95 106 123 152 158 192 201 206 236 240 253 258 262 287 290 292 306 308 330 340 341 350 381 406 431 445 447 463 466 476 507 531 540 557 558 561 591 628 630 637 649 657 665 679 684 704 714 727 775 816 833 836 849 909 942 947 964 
 54 22 24 31 73 80 92 98 131 145 146 149 173 206 207 208 232 273 298 331 351 366 395 404 425 447 470 528 545 547 553 576 614 628 629 638 672 676 716 723 780 799 802 827 851 874 893 897 904 943 953 963 966 982 992 
 55 4 7 25 51 54 110 127 128 131 178 216 276 295 328 356 366 388 392 408 415 427 431 435 436 459 472 477 493 548 568 587 590 591 636 654 664 673 681 683 721 751 761 777 789 793 833 839 846 883 891 905 908 957 971 980 
 50 4 41 60 64 68 74 84 94 95 116 153 172 189 218 289 294 339 353 386 407 423 463 501 510 532 552 569 574 601 611 645 652 661 664 666 675 733 774 820 823 826 832 838 853 862 873 960 961 989 997 
 54 1 7 20 35 55 62 70 76 84 134 171 172 228 243 252 264 290 309 324 328 342 381 388 401 407 411 417 446 453 487 492 522 551 571 595 605 607 616 627 637 646 655 686 732 769 791 795 826 831 849 869 911 916 960 
 64 23 52 71 76 97 106 108 145 181 197 199 209 212 215 218 242 243 245 273 278 286 319 322 349 386 415 429 432 444 448 471 507 516 518 529 536 556 576 583 586 591 659 664 703 709 722 747 786 790 791 800 823 824 828 843 849 875 891 897 898 905 917 920 946 
 62 9 11 33 105 108 113 119 123 126 141 144 171 177 201 207 224 229 232 275 305 333 364 376 402 404 448 487 491 538 558 561 587 604 615 633 638 639 640 655 705 716 721 724 738 744 757 762 766 771 793 814 835 842 883 885 903 907 920 931 945 961 1000 
 55 1 30 48 61 76 80 84 109 142 175 202 216 221 223 250 252 259 261 308 337 395 463 489 492 493 519 580 591 595 612 658 664 668 676 682 693 698 722 733 795 831 835 837 854 855 857 864 865 871 903 904 925 960 965 970 
 64 3 21 40 41 44 54 55 56 61 65 67 104 147 148 151 178 206 208 216 219 262 279 287 312 322 335 339 387 401 443 447 452 481 483 496 497 522 547 549 574 611 614 620 632 637 638 642 673 681 703 728 731 756 759 797 833 842 857 894 911 933 943 976 984 
 55 38 45 78 177 185 191 205 236 261 279 286 296 315 339 383 406 427 472 480 488 499 501 504 561 579 581 584 590 592 611 618 622 626 656 659 670 681 696 701 725 741 756 758 768 789 843 844 850 903 923 933 936 941 961 983 
 54 8 16 22 33 40 45 61 81 84 130 153 158 259 289 307 314 339 373 397 404 429 434 439 450 461 474 482 490 492 498 502 504 529 593 602 623 635 697 725 768 781 792 801 857 860 867 872 884 905 919 932 961 978 997 
 59 5 42 89 100 115 130 151 157 163 169 190 223 232 244 254 280 311 357 376 392 400 402 436 463 477 492 493 494 510 539 559 582 595 635 643 646 670 676 677 698 708 748 756 775 777 778 784 786 803 810 811 862 867 869 879 906 935 950 956 
 65 2 12 34 35 41 73 85 86 94 98 106 113 120 147 153 171 184 197 205 242 255 279 287 292 295 339 340 359 363 364 418 428 436 437 444 461 463 502 514 521 531 553 572 626 648 672 711 712 714 722 723 724 733 740 765 770 777 780 790 804 841 850 871 964 998 
 48 33 43 46 72 75 94 114 134 142 159 161 167 173 187 206 224 252 260 290 309 318 343 349 375 430 465 486 500 572 597 611 627 653 664 669 681 685 721 745 755 767 823 825 856 858 860 944 962 
 63 1 28 29 33 41 64 95 106 108 119 135 141 144 188 189 225 234 245 257 299 319 324 325 326 341 346 386 388 397 419 427 448 454 507 540 545 562 607 609 614 616 656 679 685 700 710 712 728 745 763 765 774 776 779 798 802 831 832 837 841 853 892 918 
 56 2 20 53 63 64 76 100 145 152 171 194 229 239 241 250 252 271 313 321 347 382 387 395 403 425 430 441 483 496 511 515 537 572 598 625 679 689 695 709 724 739 774 807 839 856 866 887 890 891 905 921 931 959 960 967 970 
 56 13 23 41 72 112 117 137 158 160 169 199 200 213 223 260 266 278 292 329 342 374 380 426 446 457 460 479 499 508 520 525 540 604 637 649 658 663 672 720 751 766 770 775 776 792 821 837 866 892 906 907 917 923 934 942 978 
 54 7 21 28 35 36 45 55 58 95 132 148 156 162 232 247 270 313 345 363 382 387 422 437 444 505 509 510 512 513 518 519 534 536 560 574 612 628 659 681 736 756 806 811 832 841 846 873 882 904 922 933 944 952 994 
 52 84 160 211 317 322 344 351 353 358 363 384 386 399 409 417 455 502 561 569 573 601 623 631 653 660 671 682 713 729 754 762 763 764 791 803 810 815 833 834 851 868 876 885 893 924 946 956 982 985 986 988 990 
 65 15 19 40 76 85 86 130 136 163 184 187 191 195 199 207 288 291 312 331 337 340 372 396 398 429 468 494 517 521 543 550 565 572 580 584 593 619 635 682 686 689 696 702 710 711 722 723 734 759 775 794 813 816 821 831 851 884 891 903 915 919 952 972 979 990 
 72 3 48 70 100 109 110 121 123 136 172 182 214 249 251 264 280 309 314 323 365 369 374 391 400 401 409 444 456 482 498 519 521 608 616 627 634 637 639 657 665 699 704 728 759 762 767 803 807 818 823 831 836 849 882 884 885 897 906 913 914 923 925 926 932 936 937 943 945 951 964 983 996 
 57 54 57 75 91 128 148 170 179 189 226 239 258 287 322 358 365 374 397 419 433 449 452 455 460 461 471 498 503 519 556 557 569 578 610 612 618 623 634 666 667 713 721 757 767 776 800 816 838 841 862 882 893 908 933 943 960 961 
 69 3 4 7 26 32 33 47 51 53 64 69 71 77 84 101 104 107 131 139 145 173 206 214 234 240 264 268 270 288 294 309 319 322 323 339 340 358 400 409 421 446 460 513 552 585 589 611 666 683 688 695 698 714 715 719 724 755 798 812 816 824 826 830 837 849 890 917 952 971 
 64 1 42 80 84 92 98 112 133 147 169 181 184 207 239 242 259 261 274 277 306 322 343 346 356 397 402 403 406 436 448 452 482 529 539 550 570 573 626 633 646 648 655 679 680 685 694 712 734 750 751 791 804 812 835 854 882 918 930 932 943 959 988 994 998 
 68 17 18 20 50 51 67 72 88 91 112 132 142 159 182 193 194 196 206 231 258 296 298 310 312 319 320 322 347 369 379 394 430 437 446 460 462 471 473 482 497 502 527 554 559 571 585 588 658 662 664 677 716 765 780 798 832 837 846 878 894 911 918 931 954 958 965 969 980 
 58 1 3 54 73 104 109 158 162 163 206 223 253 275 281 288 295 298 333 337 341 356 395 412 428 441 450 480 481 492 509 547 563 580 627 652 662 664 665 670 743 751 760 770 785 867 868 871 876 917 929 941 943 944 946 961 962 974 983 
 59 36 40 49 78 83 93 97 172 196 232 238 249 287 296 329 339 344 360 361 418 443 448 450 473 486 505 514 559 565 581 614 656 675 690 693 697 709 710 735 741 778 785 793 799 805 810 851 891 911 922 927 956 957 961 968 972 975 984 995 
 55 4 19 31 32 40 54 57 65 87 103 122 140 143 150 151 160 190 215 249 261 267 280 289 320 328 355 365 375 402 427 471 479 480 488 518 548 549 591 592 623 639 657 725 739 743 780 793 802 853 878 889 892 947 948 998 
 64 13 35 57 72 98 99 107 154 158 162 205 226 232 242 291 306 310 316 319 331 332 349 357 358 373 375 396 397 403 408 418 421 434 438 443 460 483 489 524 549 574 594 647 703 707 713 733 748 751 753 764 785 789 791 823 824 862 883 890 905 925 927 947 950 
 50 12 39 68 69 108 121 130 135 155 169 184 194 214 228 268 271 277 288 298 299 328 353 446 461 482 510 511 512 533 536 568 648 650 659 664 674 712 738 743 788 790 809 835 836 856 867 885 891 920 983 
 51 13 22 23 60 64 116 131 135 196 214 224 225 230 232 236 250 280 309 388 406 413 418 442 448 460 490 493 542 557 560 563 570 573 602 623 637 694 702 756 773 789 837 904 905 907 925 934 974 988 995 998 
 52 4 12 21 67 83 85 93 121 162 176 177 180 213 240 281 287 288 296 364 398 401 410 412 424 428 440 480 555 558 562 584 633 659 684 717 721 730 733 783 787 797 811 862 870 871 885 888 904 938 970 973 982 
 56 4 21 22 36 53 124 143 186 192 231 235 250 291 329 338 339 378 386 413 419 427 465 480 487 544 556 580 594 626 635 644 653 659 660 673 682 694 752 764 777 789 797 807 825 839 847 849 854 872 885 918 920 924 962 964 981 
 57 34 43 78 95 106 113 125 141 151 198 205 227 231 233 234 249 253 272 281 340 343 423 427 450 452 454 461 492 499 510 536 556 559 571 580 586 606 621 629 664 673 694 723 747 778 814 834 840 850 863 886 887 926 945 950 981 995 
