 300 1000
 3 3 3 3 3 3 3 3 3 3 4 6 6 6 6 6 6 6 6 6 7 9 9 9 9 9 9 9 10 12 12 12 12 12 12 12 12 12 12 15 15 15 15 15 15 15 15 15 15 16 18 18 18 18 18 18 18 18 18 21 21 21 21 21 21 21 21 21 23 24 24 24 24 24 24 24 24 24 24 24 24 25 27 27 27 27 27 27 27 27 30 30 30 30 30 30 30 30 30 30 30 30 32 33 33 33 33 33 33 33 33 33 36 36 36 36 36 36 36 36 36 37 39 39 39 39 39 39 39 39 39 39 40 42 42 42 42 42 42 42 42 42 42 42 42 43 45 45 45 45 45 45 45 45 45 45 48 48 48 48 48 48 48 48 51 51 51 51 51 51 51 51 51 51 51 51 51 54 54 54 54 54 54 54 54 55 57 57 57 57 57 57 57 57 59 60 60 60 60 60 60 60 60 60 60 60 63 63 63 63 63 63 63 63 63 63 63 64 66 66 66 66 66 66 66 66 69 69 69 69 69 69 69 69 69 69 70 72 72 72 72 72 72 72 72 72 72 73 75 75 75 75 75 75 75 75 75 75 75 75 75 75 75 77 78 78 78 78 78 78 78 80 81 81 81 81 81 81 81 81 84 84 84 84 84 84 84 84 84 84 84 85 87 87 87 87 87 87 87 87 87 87 87 88 90 90 90 90 90 90 90 91 93 93 93 93 93 93 93 93 93 93 93 96 96 96 96 96 96 96 96 96 97 99 99 99 99 99 99 99 99 99 101 102 102 102 102 102 102 102 102 102 104 105 105 105 105 105 105 106 108 108 108 108 108 108 108 108 108 108 108 108 111 111 111 111 111 111 111 111 112 114 114 114 114 114 114 114 114 117 117 117 117 117 117 117 117 117 119 120 120 120 120 120 120 120 120 120 120 122 123 123 123 123 123 123 126 126 126 126 126 126 126 126 126 126 126 128 129 129 129 129 129 129 129 130 132 132 132 132 132 132 132 132 132 132 134 135 135 135 135 135 135 135 135 135 138 138 138 138 138 138 138 138 138 138 140 141 141 141 141 141 141 141 141 141 141 141 144 144 144 144 144 144 144 144 144 144 146 147 147 147 147 147 147 147 147 147 147 147 147 148 150 150 150 150 150 150 150 150 150 153 153 153 153 153 153 153 153 153 153 155 156 156 156 156 156 156 156 156 156 158 159 159 159 159 159 159 159 159 160 162 162 162 162 162 162 162 162 164 165 165 165 165 165 165 165 165 165 165 168 168 168 168 168 168 168 168 168 168 170 171 171 171 171 171 171 171 171 172 174 174 174 174 174 174 174 174 174 174 176 177 177 177 177 177 177 177 177 179 180 180 180 180 180 180 180 180 181 183 183 183 183 183 183 183 183 183 183 186 186 186 186 186 186 186 186 189 189 189 189 189 189 189 189 189 189 192 192 192 192 192 192 192 192 192 192 195 195 195 195 195 195 195 195 195 196 198 198 198 198 198 198 198 198 198 198 200 201 201 201 201 201 201 201 201 201 201 201 204 204 204 204 204 204 204 204 204 204 207 207 207 207 207 207 207 207 209 210 210 210 210 210 210 210 210 210 210 210 213 213 213 213 213 213 213 213 213 213 215 216 216 216 216 216 216 216 216 216 216 218 219 219 219 219 219 220 222 222 222 222 222 222 222 222 222 222 222 224 225 225 225 225 225 225 225 225 225 228 228 228 228 228 228 228 228 231 231 231 231 231 231 231 231 231 232 234 234 234 234 234 234 234 234 235 237 237 237 237 237 237 237 237 237 240 240 240 240 240 240 240 240 240 243 243 243 243 243 243 243 243 243 246 246 246 246 246 246 246 246 246 246 249 249 249 249 249 249 249 249 249 252 252 252 252 252 252 252 252 252 252 253 255 255 255 255 255 255 255 255 255 255 255 255 256 258 258 258 258 258 258 258 258 258 258 259 261 261 261 261 261 261 261 264 264 264 264 264 264 264 264 264 264 264 266 267 267 267 267 267 267 267 267 267 267 270 270 270 270 270 270 270 270 270 270 270 270 273 273 273 273 273 273 273 273 273 276 276 276 276 276 276 276 276 277 279 279 279 279 279 279 279 279 279 279 282 282 282 282 282 282 282 284 285 285 285 285 285 285 285 285 287 288 288 288 288 288 288 288 288 288 288 289 291 291 291 291 291 291 291 292 294 294 294 294 294 294 294 295 297 297 297 297 297 297 297 297 297 297 299 300 300 300 300 300 300 300 300 300 300 
 61 2 5 10 15 23 33 35 63 93 104 116 121 161 180 220 224 258 281 300 327 371 412 429 442 482 515 518 542 574 628 632 639 662 668 672 683 692 706 711 721 722 737 753 755 801 805 807 819 821 824 825 830 839 847 878 887 931 954 962 974 977 
 57 24 27 52 83 146 178 191 238 298 309 330 334 341 350 353 368 401 404 444 463 470 516 518 563 582 596 611 617 628 644 649 654 659 690 703 749 754 759 767 791 814 830 851 861 864 867 875 876 881 885 894 896 903 908 915 932 979 
 63 18 29 41 42 71 85 88 95 106 113 114 131 133 140 220 264 265 270 279 323 329 334 336 340 365 453 474 502 503 553 558 573 575 580 587 592 603 617 633 681 688 692 693 698 719 723 747 752 778 805 813 842 853 858 886 921 933 952 960 970 976 980 984 
 64 24 25 36 42 44 65 76 91 99 134 159 184 186 198 201 224 232 234 272 274 286 316 353 368 383 421 430 464 466 477 510 513 583 584 600 607 614 626 640 683 698 713 732 747 751 752 778 798 804 807 836 850 852 868 877 886 913 920 922 930 931 937 957 983 
 59 3 17 46 47 117 145 228 244 254 272 312 338 345 366 382 390 397 407 422 428 439 441 450 456 479 504 508 516 555 559 593 594 596 629 630 661 687 690 693 710 720 731 738 770 774 808 840 855 864 873 885 919 932 946 955 959 965 984 986 
 52 4 43 47 51 60 94 109 132 147 149 168 181 191 196 240 248 252 322 325 334 402 469 479 482 489 529 534 537 547 557 595 598 600 611 615 627 633 658 672 703 712 721 735 761 791 868 876 902 922 924 938 959 
 64 1 14 34 37 93 109 113 122 138 180 195 199 204 220 239 257 288 306 310 315 334 358 359 360 380 385 392 425 436 440 458 486 504 539 568 575 585 596 609 623 648 667 672 690 725 726 741 750 760 768 769 770 813 814 824 850 856 859 930 954 965 980 981 988 
 57 2 6 11 34 49 66 88 125 141 158 170 189 193 207 239 260 287 347 386 391 410 424 435 444 461 465 468 487 505 507 520 524 527 532 605 656 682 700 710 712 725 731 734 738 779 781 816 820 832 847 873 899 900 938 940 946 996 
 64 14 61 103 157 159 162 179 183 197 207 208 209 227 248 260 274 279 280 282 306 324 335 344 349 375 376 393 396 404 492 504 513 522 536 550 554 599 609 657 664 667 680 692 722 724 742 746 774 777 786 796 800 817 827 832 839 850 879 886 903 928 932 980 997 
 58 34 66 140 147 165 210 237 243 265 282 295 374 400 417 428 433 437 460 487 533 540 542 551 558 572 573 581 596 617 629 636 640 642 662 678 680 702 704 710 741 783 804 806 829 856 874 885 891 910 913 922 924 931 944 946 949 953 957 
 55 2 38 51 56 62 68 81 88 166 175 220 258 274 281 303 348 356 375 386 402 403 413 414 419 457 484 492 512 533 562 567 592 603 615 618 620 633 645 657 738 755 762 776 787 804 844 853 884 894 899 911 937 972 978 997 
 43 30 49 86 93 108 153 158 189 213 219 231 258 280 300 313 318 320 397 447 455 463 493 503 544 588 621 632 667 670 677 680 684 690 720 771 773 792 822 845 902 948 964 986 
 53 32 60 79 84 97 121 123 151 158 166 182 197 206 219 238 240 264 267 319 333 340 344 353 354 384 409 415 418 438 440 448 450 506 523 553 575 581 630 631 647 683 723 777 780 790 798 818 832 841 846 873 906 912 
 57 12 22 24 27 48 73 85 108 143 149 159 179 188 209 219 229 244 254 260 308 309 339 343 366 383 411 443 444 450 451 458 512 553 563 585 595 600 623 652 656 658 683 721 735 772 793 799 807 813 825 840 842 860 890 908 929 996 
 62 12 21 22 30 34 123 124 144 159 171 200 227 243 257 266 273 282 325 343 350 352 367 382 390 446 462 465 471 484 487 490 497 527 536 548 571 584 608 617 625 626 638 672 680 694 713 736 738 784 795 800 808 824 860 876 880 885 886 910 914 947 986 
 56 7 34 37 40 60 65 66 99 107 169 193 201 281 335 337 360 400 431 435 490 503 508 515 524 554 582 583 624 642 659 661 668 669 680 705 722 732 762 776 777 789 791 792 795 797 863 868 881 893 901 907 927 941 955 957 975 
 62 4 8 12 19 20 34 97 136 207 209 211 223 247 254 278 313 324 328 329 343 373 378 381 384 425 440 442 456 462 478 509 510 512 532 550 563 573 593 621 671 713 759 779 804 805 807 843 848 867 874 886 898 907 913 927 935 948 951 964 973 985 993 
 56 8 30 44 56 62 83 85 94 98 123 132 152 158 163 182 276 302 311 314 320 343 356 423 459 493 522 544 548 556 563 572 598 648 662 680 690 709 750 778 791 799 824 827 833 839 846 863 870 873 891 918 929 946 990 996 999 
 50 39 40 57 60 63 82 89 107 127 130 160 195 201 212 221 229 271 285 328 329 344 373 384 386 391 412 432 470 505 513 522 542 566 595 644 660 663 702 739 779 808 817 841 858 896 943 947 955 966 980 
 49 31 42 52 74 77 93 108 137 143 153 159 206 242 244 253 301 303 321 345 382 391 395 408 415 464 466 513 551 553 561 567 568 608 645 648 707 721 744 770 853 903 910 920 921 969 982 985 994 1000 
 62 31 51 77 82 89 92 93 97 104 123 127 161 163 177 178 199 219 230 244 250 255 277 281 314 331 398 418 419 486 513 550 563 591 596 603 616 617 642 648 657 666 738 768 770 771 780 790 799 814 832 838 844 856 861 868 889 919 923 933 948 966 985 
 55 3 69 89 116 134 170 204 206 229 273 286 299 326 329 360 361 366 379 382 402 439 450 454 484 528 550 552 571 573 585 592 598 601 620 621 623 642 667 680 695 700 720 725 765 786 795 836 852 912 914 926 939 947 992 998 
 59 4 9 38 74 77 78 91 94 108 129 137 150 176 224 228 267 318 319 326 330 364 382 387 398 400 420 424 432 461 469 473 505 508 519 526 527 535 537 551 571 576 597 648 651 694 698 701 711 752 753 765 790 859 889 892 904 908 923 994 
 54 10 30 69 72 79 145 177 184 219 250 264 276 282 287 299 316 328 331 340 376 410 449 457 482 510 514 519 525 555 561 563 566 589 594 616 640 652 657 666 699 712 717 745 750 761 774 780 786 803 827 829 882 899 908 
 55 16 23 124 136 153 157 170 189 195 207 211 217 285 293 307 313 319 337 403 418 424 426 464 469 479 512 537 548 556 559 568 573 595 602 603 645 669 682 701 711 733 776 778 789 832 845 874 890 895 899 910 940 945 986 990 
 52 1 13 41 45 51 54 68 75 98 110 134 135 172 197 219 241 368 375 383 387 396 479 503 520 545 552 561 577 580 595 621 641 666 675 698 700 709 733 765 788 813 847 861 892 895 918 927 946 965 971 981 991 
 66 11 13 38 40 43 58 75 80 95 135 138 150 165 173 180 191 192 199 210 238 247 256 267 273 284 296 306 355 360 361 387 398 430 440 452 458 467 469 496 508 512 532 555 609 613 640 642 685 692 701 704 710 733 782 793 808 847 850 851 857 907 963 972 975 992 998 
 47 8 31 49 80 94 110 123 127 128 180 214 251 265 291 325 340 399 422 437 464 467 475 480 487 500 503 542 604 618 621 627 631 632 638 681 743 756 807 826 843 870 885 898 914 927 941 977 
 74 1 12 66 67 70 79 98 103 111 127 140 146 154 157 181 196 198 208 215 220 237 259 265 283 288 295 334 355 370 420 441 470 471 473 488 494 499 507 513 535 551 557 565 570 572 584 590 592 604 610 625 636 663 690 727 739 772 781 784 807 810 814 815 834 836 886 897 922 925 955 968 971 977 990 
 53 56 59 71 95 101 150 168 176 177 189 191 239 240 255 270 373 393 413 467 496 515 535 573 630 637 639 640 660 661 673 675 677 686 687 693 699 702 773 784 824 832 850 857 863 866 867 877 892 896 921 936 939 965 
 64 8 31 34 54 86 96 116 123 132 136 179 182 196 198 214 225 228 244 246 248 256 288 290 294 306 320 337 341 371 381 385 400 422 429 431 433 444 447 466 475 491 544 558 589 624 630 638 655 661 670 672 681 720 740 766 775 806 820 823 927 930 939 973 984 
 73 7 29 55 60 62 69 72 79 91 100 102 105 117 161 198 207 252 253 254 267 276 284 286 306 314 334 337 357 372 376 394 437 439 443 449 451 459 467 468 480 512 518 523 541 544 548 553 579 601 621 628 630 640 650 684 692 695 723 725 739 751 773 777 825 835 845 859 861 891 918 953 972 979 
 66 22 33 50 52 62 67 72 104 107 117 126 167 190 194 221 233 236 251 252 273 275 293 295 323 327 336 362 374 444 480 481 494 499 516 523 526 532 533 549 552 567 581 583 598 626 644 663 702 710 743 750 786 787 805 816 832 834 866 867 913 926 957 973 981 995 997 
 50 3 4 29 61 75 97 104 117 123 137 182 208 213 229 236 252 274 317 321 358 368 370 380 384 399 404 426 449 462 570 594 650 651 662 672 699 732 740 754 767 800 805 824 835 905 908 925 933 995 999 
 56 1 5 106 117 122 125 149 165 173 178 192 215 220 240 264 275 296 301 304 306 318 363 392 399 401 420 459 471 572 588 591 601 619 629 631 632 633 641 672 703 736 749 770 788 797 806 808 832 897 898 918 930 945 952 967 975 
 54 12 17 60 70 71 93 107 127 161 186 195 200 203 229 234 290 309 336 345 399 403 421 428 432 437 485 494 512 532 538 552 587 631 673 676 677 698 699 719 742 777 790 804 807 812 818 827 835 856 885 915 931 974 979 
 57 2 31 32 44 85 106 192 223 252 285 292 293 302 313 324 347 373 387 399 417 423 430 438 439 441 479 523 530 542 575 587 591 618 624 626 676 687 699 723 733 739 745 768 780 796 797 821 836 839 854 880 898 901 954 981 985 994 
 46 6 9 35 51 54 85 87 113 125 142 150 157 160 165 180 281 284 295 346 362 381 390 490 537 543 551 584 610 628 633 655 670 701 730 756 768 773 796 819 846 867 874 879 938 985 994 
 58 3 20 96 115 118 126 138 157 187 188 196 198 218 228 249 287 307 399 430 440 458 469 474 479 490 497 501 502 512 530 533 541 552 556 566 620 660 669 670 688 702 724 726 740 753 765 784 785 886 893 917 954 955 966 967 974 979 990 
 67 11 15 32 38 43 46 68 89 93 104 115 152 157 211 213 229 231 265 286 299 331 374 416 474 486 489 499 508 538 539 557 577 610 625 628 639 645 649 667 680 687 700 713 716 720 722 732 743 745 770 773 781 794 833 843 867 886 923 941 943 956 960 964 966 972 977 999 
 54 13 15 21 51 52 103 123 128 144 202 216 234 241 252 265 270 281 307 314 344 354 383 397 417 468 491 508 513 542 561 581 600 601 631 638 702 704 718 723 738 749 780 800 811 819 826 880 905 925 945 964 975 987 999 
 60 4 21 22 30 35 41 48 78 110 123 184 185 190 202 205 227 244 245 248 266 294 329 336 366 382 393 438 442 448 458 505 512 514 521 581 583 611 612 622 629 635 641 645 652 687 693 707 715 747 755 799 875 877 885 896 918 955 966 978 988 
 54 7 24 31 50 66 71 73 83 105 109 117 139 140 157 158 199 245 293 294 306 318 333 335 447 461 463 468 524 550 555 574 608 619 666 673 675 681 691 777 792 795 801 823 857 861 874 877 906 911 924 956 976 979 981 
 60 5 41 60 68 70 79 116 215 216 222 253 295 329 362 384 390 394 397 398 400 417 418 430 433 456 467 500 504 512 523 529 531 537 543 562 575 583 592 597 601 603 628 631 648 650 668 670 720 730 754 761 773 827 838 844 896 903 934 962 991 
 58 1 13 85 107 114 136 158 183 186 199 218 240 248 258 260 296 297 315 357 399 414 424 433 470 478 535 539 561 574 578 583 597 600 617 629 631 639 669 699 710 720 725 755 756 803 815 843 851 855 874 885 894 913 929 931 943 956 970 
 58 5 25 28 34 92 94 115 126 129 131 147 150 185 212 217 237 248 306 323 327 367 376 387 402 404 415 418 441 455 504 527 557 563 582 614 616 628 631 644 648 674 694 699 703 740 749 792 800 804 813 856 858 896 925 930 931 943 991 
 57 9 40 44 51 55 60 75 94 105 125 198 230 318 328 371 375 388 395 397 398 400 410 426 431 447 463 467 469 483 487 500 506 512 513 541 552 598 604 614 615 616 619 649 661 673 711 715 720 730 734 774 779 789 799 812 927 942 
 64 7 26 35 37 57 71 83 91 92 99 103 154 161 165 168 169 190 194 200 212 226 227 237 243 246 271 272 284 290 304 393 420 421 433 441 449 460 468 490 515 527 542 584 609 621 657 671 673 677 681 713 722 746 759 771 818 823 826 829 833 897 929 932 937 
 52 70 84 94 108 112 149 152 167 173 185 186 208 232 285 305 318 319 341 345 354 369 379 387 393 402 419 420 429 450 507 511 545 556 558 575 576 595 603 605 660 661 697 721 725 727 778 830 832 860 936 938 990 
 45 69 111 116 142 167 201 207 217 218 229 231 242 275 320 349 379 407 430 491 496 512 532 553 566 583 611 654 669 690 723 724 754 787 867 880 885 890 899 908 911 955 969 992 993 996 
 58 21 23 31 60 80 111 134 146 170 187 201 220 223 252 279 280 282 283 315 324 326 392 401 405 408 410 431 463 467 480 525 542 550 571 577 586 601 612 623 630 633 673 677 698 702 722 723 740 757 773 817 818 909 954 974 981 988 996 
 66 20 52 53 57 79 100 157 181 214 231 241 253 296 305 321 325 327 328 344 345 353 377 387 443 447 458 459 469 474 479 504 542 547 556 574 576 597 615 624 630 644 658 688 693 697 712 723 767 771 790 796 800 849 855 885 903 907 914 922 932 944 954 956 964 975 980 
 64 2 17 22 43 49 67 70 82 109 118 122 195 210 246 247 250 273 282 305 317 347 355 372 393 411 417 430 471 479 493 507 525 533 542 552 586 594 612 617 630 640 654 673 695 713 721 738 739 776 787 788 806 812 816 817 864 875 881 884 897 912 949 981 983 
 62 16 34 61 71 72 83 84 91 94 115 116 118 124 138 159 166 190 207 238 262 268 284 286 292 314 326 339 340 354 367 418 423 438 450 463 471 491 503 507 517 530 551 561 601 641 645 708 726 731 744 795 798 815 843 846 853 858 899 946 953 955 982 
 69 24 50 55 71 77 83 97 104 131 150 158 160 180 196 208 215 222 260 292 297 299 325 333 340 344 347 376 397 402 431 447 467 468 489 490 514 516 528 529 533 539 561 570 591 593 601 609 612 619 620 636 656 694 708 726 759 769 776 779 786 803 878 887 908 918 931 981 986 991 
 50 13 16 39 53 80 88 91 92 110 114 171 182 212 237 253 313 337 340 361 382 392 410 411 433 439 464 480 482 501 510 542 582 598 610 614 622 657 660 680 706 737 740 749 750 766 806 825 860 901 976 
 54 2 30 31 44 60 83 100 124 125 128 166 191 223 254 255 264 277 318 333 348 354 377 404 418 438 441 442 451 452 460 463 468 479 490 499 511 530 635 639 730 749 757 762 763 779 781 796 815 817 894 909 980 983 985 
 65 30 51 59 81 91 93 148 149 154 168 222 253 279 290 309 319 324 340 346 353 356 387 443 452 453 455 457 501 515 517 540 541 572 579 605 628 652 656 659 660 663 691 736 751 765 767 788 825 839 842 843 844 857 870 874 885 893 914 933 937 949 961 968 991 992 
 67 5 25 70 77 93 95 104 111 195 199 203 204 207 238 239 277 292 305 324 335 338 362 375 383 391 439 453 490 491 492 514 525 534 558 572 574 579 581 601 609 631 639 673 676 689 708 728 772 781 784 826 834 835 870 871 879 885 890 918 920 921 959 964 973 980 981 992 
 56 6 29 41 69 94 99 106 113 114 148 161 188 192 193 234 275 300 314 317 374 407 409 453 478 480 482 514 523 524 532 539 565 566 602 608 618 664 688 699 712 724 729 733 753 785 799 815 857 869 875 890 901 910 920 980 994 
 62 18 33 49 52 114 115 117 128 137 145 146 173 199 239 250 262 265 279 281 299 332 336 339 365 368 412 413 417 419 429 471 474 492 499 505 516 534 546 587 628 629 634 647 670 690 712 725 744 746 775 780 789 837 868 872 916 926 928 938 972 978 989 
 57 36 39 41 59 61 71 94 98 109 114 125 131 140 155 165 207 214 247 273 285 299 324 327 344 383 409 419 428 508 516 521 533 547 560 568 593 601 626 629 632 648 672 722 725 754 761 768 796 802 887 904 930 945 963 964 982 991 
 61 32 51 100 135 151 162 167 179 197 200 203 208 209 227 236 237 262 286 339 347 375 378 382 386 391 430 461 491 505 532 549 555 565 569 594 599 612 614 615 624 644 665 671 711 731 733 747 756 763 792 801 817 824 827 889 898 929 958 975 986 998 
 57 5 16 20 30 31 42 54 113 138 150 158 159 174 186 189 204 217 231 243 250 257 267 324 335 338 359 406 412 445 480 483 500 503 532 534 550 590 591 648 662 695 696 746 758 778 802 810 826 846 863 870 875 879 904 907 931 946 
 61 1 5 13 14 21 54 55 69 70 76 103 134 149 161 183 188 196 212 221 285 294 306 307 313 316 336 348 361 379 380 407 466 474 480 490 495 503 516 527 550 552 573 615 623 630 653 662 664 665 701 726 744 795 804 830 833 887 919 943 944 952 
 71 14 51 62 65 69 90 91 123 149 165 174 186 198 201 228 233 238 244 274 298 299 334 339 348 354 384 389 403 429 437 448 451 459 504 505 512 517 544 564 569 582 622 649 662 699 718 723 741 743 753 759 772 777 787 799 814 818 825 847 857 859 861 862 904 908 910 930 931 953 959 1000 
 66 54 76 88 93 95 106 124 143 147 153 160 165 167 170 199 238 257 265 273 274 278 287 363 373 379 381 383 385 386 406 415 428 443 455 465 473 494 528 539 549 551 562 566 614 638 640 680 691 725 735 760 772 778 786 821 836 849 861 869 897 899 913 927 934 956 981 
 50 4 39 40 43 67 78 115 118 130 135 153 171 181 283 284 316 319 329 346 399 421 431 470 474 522 536 572 573 586 610 653 659 680 732 753 771 780 781 800 806 811 825 827 862 871 897 934 951 953 985 
 70 1 3 13 60 69 77 82 86 124 135 136 140 148 150 163 172 179 183 188 191 195 202 208 209 228 231 239 258 266 270 275 281 287 313 353 356 395 399 460 480 506 562 564 574 576 577 580 595 651 654 703 717 746 750 768 787 791 810 854 878 883 886 908 917 925 930 935 952 983 992 
 58 16 22 42 73 91 102 113 132 133 188 210 223 227 228 232 233 249 250 292 325 327 328 350 393 396 403 430 431 437 469 507 525 552 599 607 613 648 669 701 713 714 737 739 750 777 803 809 837 849 851 859 902 926 947 950 971 972 977 
 70 22 42 77 81 88 105 115 119 124 136 151 159 165 171 185 188 223 237 240 254 282 318 328 339 388 432 437 448 470 476 479 497 498 502 511 524 546 551 579 605 612 616 630 634 652 659 680 683 702 720 739 759 761 762 801 816 845 857 886 889 901 910 912 939 948 950 954 969 985 997 
 51 2 4 19 42 72 95 103 129 187 232 234 260 283 291 293 301 317 321 387 452 453 468 475 485 486 491 497 498 506 542 563 573 585 600 605 609 612 614 639 648 658 664 698 743 757 767 795 804 874 888 962 
 62 21 25 29 43 73 85 94 97 104 116 138 144 148 153 186 196 197 237 262 267 304 333 337 343 357 364 365 385 458 490 512 514 526 553 557 583 615 616 623 631 642 660 669 684 691 696 707 756 764 772 789 810 848 871 873 882 934 947 967 971 976 978 
 57 12 27 38 40 70 71 76 84 106 111 116 132 144 169 179 184 200 269 284 303 307 308 314 338 352 361 373 417 434 440 447 467 550 555 559 564 594 596 605 611 633 654 661 687 700 703 707 710 738 767 837 891 905 914 960 964 975 
 59 4 19 60 73 74 107 114 115 151 178 198 200 201 208 211 220 233 238 264 281 294 297 345 348 364 418 427 441 491 508 516 519 526 536 538 557 575 582 594 621 628 639 692 697 710 711 734 738 769 777 808 838 844 854 915 944 961 979 990 
 64 4 24 51 76 83 86 104 124 130 145 146 180 181 214 220 248 272 273 281 307 326 327 351 355 370 382 423 450 451 465 472 493 506 512 519 542 570 571 573 575 587 617 620 631 646 691 693 704 735 797 804 806 834 846 849 863 875 877 878 911 927 956 970 996 
 61 32 34 39 54 84 96 106 108 113 130 142 161 192 203 208 209 233 255 256 263 295 335 353 374 385 395 406 418 440 442 461 473 505 515 534 552 557 585 620 664 676 683 686 698 729 742 755 768 789 803 813 832 833 851 859 913 922 945 955 958 964 
 58 14 15 27 35 47 121 157 160 170 180 220 227 241 249 281 307 317 323 328 343 355 392 420 421 444 479 483 509 554 581 623 624 649 658 667 722 728 729 749 756 775 796 806 825 827 833 859 866 875 880 887 897 914 926 941 965 980 992 
 54 35 45 51 84 92 98 115 152 199 201 205 224 263 265 284 353 402 410 446 451 452 484 541 542 545 554 572 574 579 600 602 604 605 607 628 629 643 644 653 693 740 741 844 867 872 874 882 888 889 925 926 937 938 980 
 66 2 30 33 51 60 61 66 78 114 135 136 153 165 167 192 200 238 255 306 330 332 350 365 390 397 420 462 463 472 474 477 512 517 521 526 527 537 548 595 606 609 612 619 631 643 647 660 691 699 731 734 738 742 790 798 825 828 832 834 859 862 877 899 951 980 991 
 63 62 64 96 134 151 167 193 203 218 225 238 239 255 271 276 277 278 286 297 313 316 343 438 449 453 454 457 480 488 524 537 539 554 564 585 610 611 629 632 664 674 681 683 694 695 702 715 720 742 750 752 772 819 825 876 882 883 902 910 918 955 963 974 
 60 60 72 80 94 105 130 137 187 207 208 244 246 266 287 305 329 346 355 361 368 383 390 391 422 443 448 459 460 461 468 476 480 554 596 621 628 631 641 648 660 662 665 674 702 719 741 746 769 789 796 815 820 845 874 883 898 925 944 963 999 
 67 11 13 23 42 62 86 92 95 108 144 152 157 192 210 234 239 255 275 322 336 338 344 357 371 382 392 393 396 410 437 536 537 552 564 565 576 580 605 611 636 658 671 687 713 723 746 759 767 770 813 820 826 841 857 863 867 874 897 917 932 957 966 977 979 982 989 994 
 62 10 12 15 30 72 76 87 88 126 134 183 184 188 195 216 224 240 285 325 326 344 363 364 427 443 460 481 516 517 529 536 542 552 584 601 621 622 630 658 671 680 727 733 740 750 756 759 808 814 842 843 844 870 876 880 890 896 946 963 966 975 990 
 50 5 32 40 73 197 209 212 235 248 250 253 256 270 306 320 326 380 381 412 430 440 452 455 466 536 553 592 626 642 650 653 677 679 697 723 732 756 759 782 817 834 835 838 850 869 937 949 959 981 993 
 63 22 42 51 53 59 71 96 102 103 114 157 164 179 195 214 221 242 243 253 273 274 282 290 293 296 298 337 390 406 414 419 442 460 484 504 544 632 652 653 669 711 734 742 753 763 800 824 826 832 854 858 876 879 883 886 887 888 912 917 928 945 983 992 
 58 3 9 27 43 46 60 63 70 71 79 105 125 148 163 180 187 193 194 224 230 252 272 297 324 331 334 361 368 371 437 438 440 467 468 470 482 494 497 504 528 561 595 607 616 673 767 772 776 792 807 850 871 886 900 927 943 946 990 
 59 40 58 104 107 116 117 133 138 141 147 179 186 189 223 238 250 277 281 305 313 322 330 332 336 344 345 397 420 459 468 493 507 524 581 582 591 592 640 642 649 680 690 703 718 719 720 730 739 748 750 791 804 826 852 853 938 943 946 993 
 57 12 52 53 58 60 71 153 163 201 251 266 272 289 365 373 407 428 438 457 490 525 528 569 585 588 597 609 622 634 638 650 654 658 659 668 677 714 718 732 760 761 780 782 785 789 803 819 860 863 878 879 889 926 946 970 991 992 
 49 3 37 82 94 100 116 199 213 216 249 305 324 345 388 424 439 463 471 485 505 513 526 541 546 613 620 649 681 682 685 724 750 766 774 795 800 811 821 838 844 846 859 888 892 936 939 942 956 972 
 52 53 124 178 196 202 208 219 229 237 249 316 328 340 363 366 375 376 377 382 391 395 401 436 463 472 484 586 591 597 607 644 657 680 698 700 701 706 711 740 742 746 767 797 866 896 920 944 961 973 978 979 988 
 66 5 16 61 66 74 122 123 136 144 147 158 207 227 241 278 290 293 338 354 362 371 391 429 465 479 487 533 534 564 590 595 600 602 611 614 616 623 637 674 684 715 718 731 736 748 769 785 786 793 794 804 810 835 851 874 896 904 910 920 954 964 968 973 974 990 993 
 58 3 30 49 60 62 73 75 85 113 136 140 181 182 187 197 207 210 212 233 237 239 251 296 305 313 316 318 388 402 405 411 422 472 486 532 547 561 573 580 584 587 593 594 648 652 653 658 660 737 766 856 882 898 941 954 960 979 987 
 71 4 13 23 27 48 50 51 64 119 121 128 129 134 137 145 147 180 185 210 239 241 272 292 353 363 364 407 410 411 413 417 439 447 462 479 481 487 505 525 529 532 534 555 573 579 587 595 597 610 659 663 676 687 694 707 722 732 794 815 840 842 846 900 905 913 917 939 944 975 980 985 
 54 43 46 47 49 82 95 125 127 153 159 172 173 210 240 248 273 287 298 305 333 335 349 368 370 373 376 386 403 422 428 458 464 469 480 535 546 548 581 593 609 639 644 658 733 737 738 742 750 770 796 888 900 943 976 
 55 12 15 30 31 32 35 41 47 56 78 83 103 104 144 154 203 249 253 294 300 316 343 363 382 410 428 445 450 465 469 490 492 495 519 542 561 564 565 624 685 701 715 739 749 788 798 809 879 881 888 908 929 931 964 978 
 66 6 35 55 64 74 113 114 139 177 205 223 229 230 240 261 264 277 279 282 301 323 324 330 335 362 388 394 400 407 424 434 447 450 518 521 524 551 553 591 597 598 610 621 622 631 638 646 650 652 682 687 694 696 713 715 724 726 758 765 815 842 858 864 900 911 983 
 52 7 14 19 23 50 65 79 91 112 114 134 142 201 237 239 257 277 320 338 354 383 392 442 448 451 469 519 523 524 531 545 615 638 670 692 712 720 727 749 753 767 777 827 844 875 889 918 955 974 976 993 997 
 51 13 40 42 82 167 174 220 231 241 250 276 295 298 336 340 373 382 401 402 430 445 486 504 544 556 572 592 598 614 615 622 658 675 702 716 727 739 775 806 809 812 867 874 912 918 921 929 933 952 966 975 
 46 36 41 70 87 118 129 131 140 143 162 191 192 238 362 391 424 432 444 449 462 463 473 480 481 485 496 505 530 547 549 575 596 613 622 632 659 681 707 716 823 836 852 860 915 918 972 
 59 22 24 29 33 38 41 47 55 63 75 86 119 136 150 156 162 166 181 191 198 200 219 240 245 256 259 273 277 295 310 327 334 336 356 359 361 399 440 457 517 559 581 629 649 664 691 711 763 774 787 795 851 857 871 873 933 944 951 992 
 58 6 41 69 85 138 141 152 158 168 192 210 219 228 230 255 256 273 277 281 287 301 306 326 348 358 400 449 471 478 507 546 555 557 561 568 605 638 642 684 689 710 724 728 777 778 786 823 829 835 868 874 877 894 896 897 920 981 992 
 58 46 63 127 150 179 187 214 233 234 238 245 253 265 272 277 278 284 310 318 319 327 385 388 394 395 396 423 449 473 475 477 483 491 524 533 546 556 578 626 638 648 650 700 757 762 768 771 813 844 862 868 875 877 901 961 966 987 1000 
 66 6 16 24 43 62 106 109 113 134 135 138 142 147 166 189 219 222 246 253 266 267 275 280 292 293 305 306 308 315 330 352 353 376 387 392 404 450 467 491 514 524 545 567 592 607 631 635 668 670 690 710 722 739 757 780 789 833 855 856 867 873 887 906 912 953 954 
 64 4 14 29 54 88 99 123 133 153 184 198 228 251 252 276 315 341 343 361 363 395 432 433 435 463 472 479 491 496 516 554 568 580 601 603 611 638 641 655 686 697 701 705 710 717 722 726 732 762 780 788 791 828 835 856 874 875 896 910 914 932 934 936 967 
 75 7 25 42 80 98 126 134 148 149 159 178 180 192 201 245 246 253 254 305 338 343 344 351 361 392 410 412 426 439 472 476 481 515 542 544 563 581 597 618 645 656 680 692 699 711 714 731 736 738 741 744 745 759 760 763 767 817 819 833 839 842 855 864 867 895 898 908 933 938 939 949 965 972 980 984 
 70 17 18 23 41 80 84 87 93 99 104 107 117 125 170 183 242 272 295 303 317 320 354 360 390 399 419 458 469 482 488 517 532 536 547 549 561 577 602 610 622 627 630 631 638 641 665 685 692 699 703 724 748 758 777 785 788 809 821 823 835 846 871 877 879 882 928 940 944 963 983 
 75 9 17 21 37 40 48 68 72 78 92 104 117 118 131 138 140 147 153 175 179 185 190 198 223 246 262 263 296 302 312 322 327 349 364 378 387 390 403 436 441 461 478 497 512 528 563 582 642 674 685 692 708 717 742 760 773 778 795 809 817 824 837 841 843 883 890 910 911 916 917 920 935 936 950 954 
 43 40 76 136 137 198 199 200 207 224 259 286 298 303 317 385 401 413 420 439 498 528 531 552 560 562 590 593 605 623 640 655 664 680 723 738 783 788 808 893 928 936 940 998 
 50 5 15 52 56 72 90 92 108 172 213 222 235 250 253 279 325 335 336 345 388 396 399 408 417 423 438 476 494 504 546 559 593 609 620 642 648 661 681 713 731 732 822 849 852 870 878 923 954 982 989 
 64 7 24 43 55 73 105 115 133 148 158 171 175 187 211 218 237 239 250 272 276 281 284 305 315 386 403 407 430 445 448 496 514 525 533 543 546 565 577 610 613 681 714 719 726 735 754 775 787 795 805 816 819 823 835 839 865 870 886 926 932 972 973 976 991 
 58 8 13 42 55 57 86 87 96 151 159 170 189 199 243 255 259 315 381 404 407 421 425 440 447 459 461 463 470 473 494 501 503 509 526 532 553 565 579 619 625 629 638 652 657 711 737 738 751 781 797 823 843 844 885 899 928 930 967 
 62 4 12 22 24 96 125 134 143 159 166 217 218 222 229 230 238 251 272 308 314 335 361 362 398 400 421 435 454 455 460 471 506 512 514 515 521 578 632 654 673 676 685 706 710 720 777 779 780 801 833 836 846 848 880 898 904 924 932 933 937 953 982 
 50 14 40 41 42 47 61 103 111 158 165 179 189 202 207 236 303 317 355 402 468 475 493 500 503 535 537 548 552 582 608 632 647 662 691 700 708 719 766 781 788 795 816 838 880 885 903 936 962 988 995 
 54 3 13 101 105 141 143 229 240 259 283 284 303 367 397 401 402 407 437 441 447 454 460 475 485 501 514 531 542 543 551 580 582 588 596 601 603 651 663 715 735 743 749 755 782 783 828 840 855 870 899 909 966 985 991 
 61 4 5 105 144 194 198 207 224 226 242 257 258 264 275 282 295 304 307 320 348 359 405 429 433 437 439 443 464 481 489 492 494 497 502 511 512 536 569 576 582 585 604 628 673 692 705 709 714 716 733 759 769 771 787 823 843 874 916 927 938 947 
 53 2 21 44 52 90 106 108 123 129 148 160 222 232 315 395 404 412 451 453 456 520 533 536 547 555 561 572 577 586 593 601 613 630 635 640 702 703 711 760 769 787 797 833 848 859 860 897 926 944 949 983 991 999 
 62 51 53 82 105 166 187 191 207 247 249 284 299 303 311 313 344 354 375 383 389 404 405 408 425 434 465 468 470 487 507 519 523 534 562 565 569 594 610 657 659 673 681 727 738 769 807 824 827 861 867 874 891 892 909 917 936 943 950 975 983 986 1000 
 54 3 35 51 66 72 73 105 108 120 124 148 221 282 283 309 313 316 324 369 371 374 378 397 411 437 479 494 504 536 572 592 649 680 683 725 731 743 750 752 756 790 791 798 810 823 830 833 834 898 909 919 950 953 973 
 69 19 23 32 42 68 73 74 75 84 96 114 140 141 173 178 196 208 219 220 225 227 240 241 244 252 284 324 330 347 357 377 401 417 431 446 489 507 512 518 565 614 641 645 663 669 681 685 690 717 732 739 774 788 804 805 866 867 908 909 921 928 939 941 944 946 947 952 966 982 
 58 5 74 112 131 132 133 139 147 158 165 183 203 221 230 257 261 307 313 315 325 328 338 353 362 373 377 382 390 400 401 410 428 430 457 469 526 535 543 574 603 628 629 653 677 720 742 747 765 778 793 795 822 835 875 894 897 923 971 
 67 25 28 32 37 64 113 120 123 150 159 189 196 198 228 230 252 256 261 276 285 348 367 374 376 383 419 440 454 474 490 506 507 521 528 532 545 549 562 582 617 630 635 649 651 659 692 693 704 745 748 749 786 795 831 843 862 869 874 875 882 905 936 937 938 970 973 980 
 50 4 6 19 26 76 83 145 154 195 196 197 278 281 287 293 308 318 346 356 420 444 450 452 470 477 498 508 510 591 614 620 633 682 735 739 769 785 791 805 823 828 831 834 847 891 917 953 967 987 994 
 60 25 49 75 76 86 99 104 105 116 118 160 178 184 196 229 245 256 286 316 322 328 354 372 377 426 430 432 436 462 480 481 506 510 522 579 594 620 648 678 684 691 700 716 744 779 785 811 813 816 872 891 902 912 937 955 957 960 963 967 998 
 52 17 35 59 70 72 73 108 120 125 151 161 182 219 235 242 250 294 300 301 356 379 408 446 464 490 495 524 536 553 581 594 601 634 636 645 660 676 696 722 743 798 815 848 859 863 873 876 917 921 947 953 965 
 44 2 14 15 57 114 123 239 247 249 254 264 332 345 354 362 383 436 460 465 475 485 492 506 507 512 563 566 580 648 649 684 705 740 751 759 772 801 860 915 926 936 964 993 1000 
 58 1 12 18 45 54 70 73 103 129 133 167 175 188 228 238 244 247 250 258 286 299 327 349 365 399 401 421 458 468 472 483 484 499 520 529 534 555 582 601 611 612 630 646 650 659 746 757 779 785 795 797 806 836 838 896 898 937 1000 
 68 32 52 65 71 89 92 97 103 123 133 139 166 190 205 221 249 255 257 268 269 296 313 336 343 348 350 365 378 410 429 465 481 489 506 526 555 556 574 586 588 612 629 666 669 701 706 732 735 744 763 768 781 791 795 797 808 815 831 845 858 870 900 909 925 932 954 993 995 
 66 32 44 85 86 90 97 122 125 148 183 196 197 202 205 211 228 251 262 288 298 305 358 381 382 396 410 419 422 434 466 495 504 520 524 526 532 537 565 579 592 599 606 615 637 643 657 662 721 768 791 826 836 846 869 874 883 902 905 917 924 930 939 956 974 987 994 
 49 24 37 54 57 139 155 168 173 197 203 219 274 276 296 357 361 364 392 394 427 428 458 460 476 479 533 553 595 620 628 638 658 659 680 698 706 710 711 733 737 738 769 883 900 906 926 965 976 990 
 62 33 45 51 70 79 104 112 116 120 160 180 197 245 260 293 305 310 314 315 347 355 361 397 398 419 427 428 432 481 483 490 498 532 535 544 551 566 581 582 629 634 646 652 657 682 699 700 731 772 843 845 864 890 898 910 914 915 917 946 955 956 971 
 58 47 73 92 110 114 129 155 159 165 196 219 228 238 251 253 272 281 283 293 311 312 321 326 356 382 440 447 458 470 476 541 550 552 588 622 659 668 677 694 738 759 765 772 803 804 818 833 847 872 886 890 898 926 932 957 966 967 990 
 56 1 5 54 70 85 110 139 157 166 189 219 221 234 238 254 263 279 285 300 324 330 336 343 344 348 353 368 376 425 426 437 457 469 541 550 584 592 604 626 672 697 709 755 777 788 856 859 875 879 880 893 902 908 936 937 952 
 53 31 55 60 87 96 115 127 160 179 181 220 227 234 242 246 248 294 319 342 351 366 422 441 457 478 490 503 544 559 568 575 580 593 601 661 693 722 724 737 750 769 775 787 829 837 852 879 886 916 917 938 973 993 
 51 1 22 25 103 113 116 134 137 143 149 187 188 205 240 250 272 284 290 299 314 324 333 347 354 362 365 383 396 418 419 426 459 467 482 509 542 582 601 641 674 675 725 747 762 833 838 863 943 955 968 993 
 61 24 46 65 67 98 110 135 157 195 232 249 273 281 287 295 313 326 331 335 392 393 400 414 451 454 472 486 507 512 528 534 584 595 599 600 605 611 613 640 666 668 682 683 693 701 707 712 715 725 731 835 858 865 869 915 919 921 926 936 964 995 
 56 13 55 100 105 117 122 131 166 168 216 224 260 266 268 293 306 307 316 328 337 357 369 374 381 384 400 402 417 418 420 458 466 468 488 496 501 529 544 550 581 595 638 646 686 712 739 742 779 799 813 858 946 952 956 982 987 
 71 2 6 11 23 41 51 64 65 71 87 91 106 129 136 160 188 208 214 243 247 248 250 267 274 281 308 316 318 319 325 345 346 359 363 374 380 391 405 420 439 445 458 459 473 475 493 499 533 540 564 572 598 600 620 686 690 697 713 723 764 783 814 815 843 845 890 900 926 973 980 996 
 55 11 16 44 51 53 154 178 190 194 196 212 232 251 268 272 296 297 298 310 321 325 346 361 366 384 482 495 513 532 556 581 592 611 646 663 685 696 702 714 728 737 764 771 781 786 798 799 836 867 902 915 928 951 956 964 
 58 1 52 60 86 130 134 165 179 180 185 209 215 235 273 278 295 296 297 347 349 352 373 392 405 418 420 429 452 489 499 540 548 576 580 607 612 638 652 670 687 707 768 790 824 839 856 875 878 895 908 909 927 934 945 958 965 971 996 
 71 11 18 52 62 65 66 87 91 96 124 140 148 152 157 178 182 195 203 209 276 284 288 343 356 370 373 384 393 403 460 493 503 549 561 562 563 567 578 592 594 600 612 635 638 660 675 680 681 690 710 721 723 739 759 761 789 797 804 807 830 849 855 856 872 876 901 944 945 953 959 965 
 55 22 24 34 103 113 142 147 171 189 236 259 280 286 295 304 342 370 408 412 453 461 464 468 523 531 550 553 586 603 654 669 682 693 711 721 742 750 751 767 783 820 845 869 878 888 893 904 919 923 928 943 946 963 974 977 
 54 53 58 70 93 96 107 114 125 134 150 166 167 190 220 227 228 245 269 276 306 316 347 356 390 416 449 451 454 490 495 515 545 556 574 601 606 670 683 686 689 712 715 722 773 788 807 808 841 859 917 937 940 954 986 
 49 30 52 91 93 108 207 214 220 238 245 266 273 324 389 391 403 432 467 503 520 522 525 533 540 543 548 562 583 588 589 620 636 640 649 679 680 724 751 786 817 825 827 829 858 890 896 923 936 990 
 64 11 18 36 37 84 127 134 147 148 157 194 195 215 225 285 298 302 343 358 373 375 380 383 390 401 429 430 470 473 479 482 485 515 523 553 571 583 589 606 610 623 625 628 629 646 665 694 698 704 723 726 795 813 825 868 876 878 888 902 914 949 954 965 984 
 50 26 32 56 58 75 160 180 229 281 312 316 323 333 377 404 428 457 458 472 477 493 519 566 577 593 610 658 668 684 692 698 718 722 726 732 769 773 782 802 828 859 866 902 910 917 936 944 957 983 987 
 65 1 12 32 80 96 98 109 117 196 207 208 227 234 241 248 249 269 332 334 346 378 385 414 436 448 452 457 459 466 470 493 502 510 513 515 517 522 523 524 547 566 603 623 643 670 696 698 714 721 729 761 771 809 832 836 837 839 840 856 875 877 927 980 995 997 
 75 1 15 21 23 30 32 46 61 63 78 81 84 104 123 139 157 173 174 176 187 223 225 243 250 251 255 279 290 343 355 401 414 419 420 434 435 437 438 443 460 474 479 483 509 532 541 552 562 566 587 608 609 682 702 726 743 749 755 767 771 809 810 813 818 819 866 873 875 876 887 893 897 900 923 989 
 57 6 18 50 56 150 160 162 164 170 181 187 189 195 197 204 210 222 243 261 265 296 306 374 424 440 448 457 494 531 550 573 614 635 644 645 672 678 683 693 700 732 757 760 770 814 834 840 849 882 885 917 930 936 946 953 983 991 
 58 4 22 26 59 82 97 113 127 128 133 137 158 176 190 235 276 286 289 320 334 338 344 358 366 372 411 467 472 475 513 551 560 565 569 573 574 585 603 608 617 633 641 710 720 737 740 754 767 794 862 874 887 897 899 906 964 965 985 
 59 44 50 53 54 61 77 104 113 129 165 178 192 196 197 205 215 219 243 259 277 281 282 306 313 327 328 336 418 423 462 463 467 473 481 489 497 514 527 555 560 568 607 690 699 740 751 764 780 792 812 843 860 891 909 934 937 947 953 972 
 61 18 36 51 52 91 125 133 142 147 169 197 242 256 275 287 293 349 361 362 377 426 431 443 479 480 489 526 527 561 611 620 624 629 638 648 654 668 670 675 713 731 743 754 766 767 780 784 807 825 846 858 868 896 897 904 905 909 925 927 974 980 
 60 4 12 13 26 41 45 50 71 83 85 92 104 134 137 207 231 239 240 251 268 281 283 287 309 337 340 346 387 436 447 452 485 486 492 503 522 539 580 603 613 633 640 642 644 653 656 658 666 681 686 717 796 806 864 874 899 909 936 942 956 
 52 3 21 42 54 81 92 94 96 108 169 191 197 209 213 230 275 276 305 311 360 414 417 421 430 431 469 481 498 511 512 561 572 588 592 596 614 649 653 662 669 675 737 778 792 879 910 920 926 966 973 975 993 
 53 6 12 34 58 60 188 189 206 230 244 250 253 267 276 312 319 326 384 394 406 447 467 512 513 515 547 553 564 610 619 639 657 674 691 703 722 726 733 753 787 788 804 833 838 842 851 877 897 917 949 980 982 991 
 60 31 44 48 53 73 84 93 99 136 176 200 229 233 245 290 291 313 346 351 358 370 385 390 391 410 427 434 437 450 535 545 572 576 596 611 662 692 728 744 750 751 759 790 797 805 816 843 872 874 880 882 893 901 910 912 927 945 956 958 977 
 49 28 29 91 105 119 128 180 199 203 227 240 249 268 271 393 411 420 442 444 466 470 480 499 506 512 526 562 595 615 630 660 668 685 691 696 704 723 738 739 755 761 788 827 836 859 869 918 928 943 
 68 5 10 13 37 46 57 69 78 92 98 107 116 149 165 178 181 186 202 207 210 227 233 256 275 325 334 382 404 413 421 450 471 481 484 499 505 515 522 526 558 566 572 576 583 598 600 628 669 685 701 705 716 732 735 738 778 797 833 858 869 878 911 912 936 960 963 973 978 
 48 3 29 40 45 91 98 152 171 208 226 240 294 346 353 400 408 414 420 440 471 477 494 495 506 534 540 541 557 567 577 596 606 624 668 725 746 761 763 786 832 850 861 869 871 894 907 939 986 
 59 2 17 62 79 105 113 115 137 173 182 192 199 202 243 268 272 274 276 324 326 334 344 352 367 373 440 456 484 490 491 503 584 592 602 609 611 612 614 628 698 699 701 721 728 753 779 788 802 828 836 838 900 902 909 928 971 972 994 1000 
 55 1 11 22 57 73 95 115 129 169 178 187 188 201 202 230 259 260 285 289 297 334 342 346 351 356 393 412 426 437 461 464 513 521 551 628 629 633 650 674 680 690 704 724 725 737 806 826 829 858 928 936 945 956 972 994 
 58 22 33 50 52 72 74 84 101 113 140 166 168 172 186 190 208 229 230 255 292 293 296 316 322 342 345 367 437 441 461 500 504 533 534 545 586 612 621 640 659 712 713 786 797 801 805 818 824 830 848 872 884 892 897 909 934 944 980 
 66 2 3 35 51 60 63 67 118 124 133 135 191 196 245 269 289 291 317 324 327 331 337 346 347 392 411 412 414 415 458 459 481 488 538 586 588 591 613 639 640 655 687 690 691 695 703 704 711 725 735 742 749 768 770 779 824 845 857 889 894 917 928 929 952 960 974 
 44 97 98 102 130 208 227 299 358 361 373 394 409 410 411 419 477 518 528 533 568 584 588 591 612 677 683 690 720 723 741 774 816 842 851 860 884 899 903 918 925 928 943 973 977 
 51 2 60 105 108 124 159 174 178 179 180 194 204 236 238 327 353 366 374 400 420 422 448 455 467 471 500 522 563 605 644 692 706 727 729 735 740 763 778 779 796 813 842 854 855 891 897 903 917 943 947 974 
 56 33 40 48 85 146 148 198 207 213 232 236 243 251 252 265 277 320 327 346 393 395 417 420 437 516 532 561 567 571 602 620 633 643 651 668 674 691 714 734 738 747 751 776 795 809 835 856 862 867 886 937 953 962 969 979 998 
 60 29 31 33 40 48 55 64 85 137 178 189 209 235 254 282 286 297 298 300 307 308 315 344 363 370 411 429 439 442 458 472 533 543 575 581 587 594 602 648 657 659 688 696 732 758 759 807 811 848 859 862 901 913 925 960 964 982 984 986 987 
 60 3 22 27 42 57 65 75 138 140 147 148 149 192 208 266 274 278 286 315 334 336 354 366 403 408 421 425 449 451 459 468 502 504 545 546 581 606 647 648 681 686 690 693 734 741 742 756 759 785 802 845 856 866 890 896 928 937 957 962 995 
 59 42 43 45 46 67 124 155 168 170 209 211 225 241 260 315 337 347 362 365 378 380 393 454 465 495 515 523 554 577 593 602 612 624 630 633 634 646 654 666 669 690 706 710 719 744 797 804 820 845 851 857 867 874 887 896 955 978 982 987 
 60 26 34 126 167 198 219 220 229 230 234 238 239 270 283 293 321 336 341 356 367 378 389 417 453 455 459 482 491 496 499 505 525 533 574 579 581 592 593 630 651 658 694 714 739 773 774 775 792 804 823 833 867 911 920 934 938 939 964 966 974 
 54 41 62 64 72 83 115 126 143 147 210 236 279 282 312 324 331 339 349 355 357 362 381 403 417 432 439 497 498 533 538 546 584 638 647 650 660 688 690 712 727 740 749 789 814 825 847 862 885 897 912 917 918 937 957 
 62 2 31 38 48 56 92 115 149 152 157 158 197 219 224 237 249 265 273 301 310 342 343 345 353 373 383 413 443 479 500 502 504 543 544 565 607 608 613 638 674 676 685 699 721 734 741 745 813 817 823 845 848 878 882 904 917 918 936 967 973 988 996 
 60 8 26 55 69 71 90 91 97 107 119 125 142 148 149 151 158 159 162 168 182 209 211 239 253 295 297 333 364 370 391 405 417 444 480 483 492 537 541 561 574 589 592 613 616 623 681 714 724 761 828 830 864 870 888 915 918 938 945 948 989 
 58 36 41 52 125 142 151 161 166 180 187 203 222 230 265 288 296 297 319 338 369 445 481 494 502 522 525 538 543 570 572 596 600 602 611 668 694 720 724 749 751 767 777 786 801 810 816 820 823 831 848 877 892 898 931 936 952 976 981 
 54 21 38 43 90 127 131 137 156 179 188 202 214 222 237 239 253 264 305 355 359 363 373 385 405 421 456 457 462 528 553 561 574 605 621 632 674 680 694 732 733 744 770 775 783 795 837 848 862 868 891 903 916 945 976 
 58 47 56 113 134 178 188 195 199 208 215 220 241 246 252 270 283 298 325 348 352 364 376 378 391 412 418 436 467 496 540 556 561 562 565 592 668 671 674 694 727 762 777 802 822 842 849 854 891 899 912 920 926 938 957 958 979 992 995 
 66 3 13 43 89 91 113 123 144 159 193 209 234 252 261 281 288 306 308 309 312 313 327 329 344 354 356 360 364 391 417 420 437 450 457 458 459 495 504 517 524 563 567 574 611 613 615 639 649 676 741 744 750 782 795 806 828 843 863 871 884 903 937 945 961 973 976 
 66 9 30 32 41 54 72 83 90 97 106 119 130 135 137 166 216 239 242 245 248 249 264 274 300 314 326 335 349 354 381 385 448 457 458 464 472 502 513 518 526 551 593 643 652 654 664 698 714 731 739 741 743 760 767 787 793 803 812 858 878 894 901 920 936 945 993 
 58 26 38 56 70 77 92 101 134 137 169 197 206 227 255 298 304 312 333 335 338 385 386 401 406 415 417 492 494 503 505 512 522 523 569 587 603 611 612 614 656 664 692 699 706 734 750 754 761 762 835 838 872 875 877 886 918 958 1000 
 60 12 16 29 40 41 47 60 71 74 105 114 116 117 131 139 147 157 180 222 236 250 254 272 276 294 300 301 327 366 375 377 395 425 438 448 465 532 569 571 594 597 628 638 658 710 711 760 772 783 786 824 828 848 867 908 929 936 944 955 966 
 61 18 34 46 50 103 104 109 127 136 148 162 182 189 190 200 201 202 214 224 231 242 248 265 267 269 283 323 329 335 351 355 357 382 386 390 411 422 438 465 502 576 586 616 633 634 650 655 740 764 777 783 811 876 882 906 913 923 930 940 943 981 
 63 1 19 22 48 54 61 77 104 168 173 181 212 222 231 242 263 268 282 305 311 339 345 377 412 417 441 459 463 471 503 505 513 522 524 535 543 551 553 573 577 586 593 628 651 676 702 717 738 744 759 760 767 783 794 805 811 853 877 883 892 937 960 965 
 66 16 25 36 42 51 57 66 83 85 87 104 128 134 139 155 172 175 178 222 265 282 296 304 334 344 390 401 404 411 425 437 462 469 475 489 492 493 530 543 565 573 574 593 600 606 615 634 671 724 725 759 768 797 808 824 833 851 876 878 879 903 926 955 968 976 995 
 56 24 33 36 45 70 123 135 153 167 184 211 212 239 257 266 278 313 322 334 362 364 381 391 418 463 472 473 487 556 591 611 624 625 675 685 696 705 713 715 753 778 787 797 799 808 814 841 850 851 886 907 908 936 945 947 996 
 52 58 59 69 85 95 105 113 202 218 289 315 366 375 386 400 404 408 421 451 452 504 515 518 520 528 529 534 542 544 571 572 577 580 616 622 650 703 711 719 721 722 736 751 752 767 807 813 847 872 924 975 977 
 69 12 29 32 49 53 55 61 70 87 89 97 110 175 214 216 219 270 275 277 283 296 312 313 315 318 324 325 339 349 383 387 393 400 420 448 449 484 491 492 504 523 525 541 545 571 591 620 629 682 721 731 751 756 757 768 782 786 789 795 813 824 825 836 861 875 887 890 934 963 
 65 8 17 45 50 53 78 179 186 187 240 274 317 324 335 355 372 411 414 418 433 434 437 440 452 468 471 473 535 543 551 552 603 605 606 610 631 633 654 658 674 681 684 685 702 707 745 746 755 772 781 804 814 845 856 875 901 927 939 947 948 951 969 979 985 994 
 62 7 40 56 70 75 112 143 147 150 160 173 174 196 208 209 223 230 232 247 265 266 272 306 317 345 364 382 396 412 419 424 436 454 516 519 550 561 564 565 588 613 628 684 701 732 736 745 764 796 814 815 826 837 843 857 887 890 898 900 941 952 954 
 59 8 9 16 61 83 111 115 188 201 210 225 227 233 252 283 295 314 315 319 375 390 411 428 440 480 491 493 513 517 538 546 557 595 615 648 661 696 701 725 726 762 770 780 790 791 795 816 847 857 866 875 879 886 904 906 953 956 983 991 
 62 22 28 31 53 61 70 73 93 105 124 134 135 166 167 175 191 213 216 221 312 315 345 370 381 390 396 405 412 416 424 436 447 464 468 526 532 533 543 551 575 585 594 612 630 661 682 693 706 709 710 743 787 813 846 879 896 908 919 953 954 972 980 
 51 14 52 108 113 120 131 138 148 193 212 235 242 249 259 292 303 312 399 405 436 471 522 535 539 583 598 604 610 611 628 636 672 701 723 736 738 772 824 844 850 865 925 929 930 938 961 968 969 973 994 999 
 60 25 97 108 117 141 151 180 192 208 209 222 224 233 269 294 300 306 307 325 326 346 360 363 365 410 421 423 429 470 475 551 573 586 594 602 618 633 651 655 718 751 760 778 795 817 843 897 910 920 929 935 937 938 939 945 958 975 984 986 998 
 71 64 67 68 75 98 114 143 159 196 198 210 218 239 267 308 310 312 314 330 333 334 352 367 386 392 448 460 489 505 522 542 547 556 562 587 588 612 621 622 625 638 652 666 687 700 712 722 750 782 836 844 853 872 886 889 890 918 921 925 930 937 945 946 951 957 960 972 981 983 985 997 
 67 22 25 70 83 91 114 126 146 151 165 172 175 212 219 221 227 244 249 252 263 281 283 304 337 345 346 355 397 456 492 511 522 542 543 551 580 583 602 604 623 631 640 658 659 663 671 681 717 724 729 741 772 789 794 802 805 860 875 896 911 917 931 951 961 982 984 991 
 68 2 24 56 64 69 71 76 85 100 107 118 147 148 155 157 187 232 240 258 283 339 344 355 367 384 390 411 423 453 457 459 480 495 542 589 590 613 620 641 646 653 655 661 678 695 697 701 724 750 751 752 766 790 791 795 809 821 834 837 855 858 859 889 908 935 958 973 984 
 52 28 36 44 64 71 89 95 120 145 169 197 211 223 234 274 280 289 297 316 338 365 377 427 491 509 565 607 626 639 651 661 685 715 723 731 741 753 781 787 793 794 804 813 815 823 832 885 892 913 917 970 998 
 58 22 40 61 123 156 178 197 201 237 254 264 266 273 274 278 298 324 333 349 369 381 405 442 461 472 548 562 564 584 603 607 611 620 622 623 639 670 685 691 699 742 749 751 767 796 797 808 811 823 853 857 900 903 913 973 977 980 997 
 52 33 35 65 103 126 138 190 200 233 251 327 337 376 398 435 446 448 450 471 488 489 492 495 519 525 545 574 582 615 628 643 658 661 689 710 726 749 770 773 786 790 801 806 810 814 845 882 891 910 912 917 965 
 63 23 45 63 79 82 92 139 148 169 174 184 186 187 196 220 255 304 321 326 334 335 354 369 376 377 390 416 429 441 452 457 477 483 496 504 506 508 515 535 547 548 613 622 639 650 668 671 680 716 724 726 733 736 813 856 871 877 889 905 953 984 991 994 
 74 2 7 22 35 61 62 66 72 99 102 124 125 134 139 146 189 209 221 230 242 257 269 274 277 286 287 292 306 341 345 350 351 368 386 394 458 479 489 497 533 552 567 578 581 584 596 600 621 629 632 648 658 677 686 718 721 728 760 799 823 827 829 843 847 848 849 867 879 881 898 950 972 979 981 
 53 23 30 34 38 54 61 91 93 113 124 126 169 195 219 227 251 258 273 274 286 363 414 425 430 536 553 559 562 592 602 604 620 625 628 656 678 698 700 722 783 806 814 819 822 844 874 914 925 926 927 928 936 952 
 54 1 13 30 31 48 49 75 92 111 123 147 165 167 169 187 198 202 213 227 272 277 297 356 408 423 442 485 489 513 523 524 602 621 632 638 648 650 651 658 663 664 680 706 732 782 834 843 882 883 889 908 909 938 940 
 70 7 34 47 52 60 68 70 76 128 168 174 179 181 185 211 213 238 252 268 274 295 308 313 317 326 335 345 385 409 417 425 459 468 469 509 511 522 535 555 563 571 579 592 596 620 631 639 644 665 671 673 682 690 693 753 761 764 768 813 819 826 835 836 868 909 948 959 961 991 995 
 53 1 19 71 114 142 147 156 157 169 179 181 183 199 214 229 278 287 292 338 386 393 400 411 476 483 523 524 571 586 594 610 669 676 682 683 699 702 703 708 710 713 771 781 793 805 808 825 859 867 870 909 940 993 
 65 3 69 77 101 109 148 162 171 174 179 182 220 243 250 266 275 292 295 341 344 366 367 369 386 394 399 407 410 411 422 428 457 461 464 491 492 498 512 523 532 564 582 583 592 613 636 643 683 705 735 738 760 767 816 832 834 847 863 913 936 942 945 946 952 973 
 65 7 22 46 51 61 63 74 93 139 151 158 163 178 180 188 197 204 215 222 231 238 266 272 294 333 351 353 361 395 396 493 504 533 539 544 562 601 634 692 701 716 730 731 763 779 783 796 798 847 860 865 880 881 882 884 888 918 927 928 939 952 977 990 991 993 
 68 15 31 32 50 63 69 70 87 107 116 121 123 136 153 161 167 175 205 212 228 239 261 288 327 334 337 374 392 401 409 419 424 495 509 515 543 544 550 551 562 564 585 613 640 642 646 668 670 683 701 705 713 716 718 771 784 787 798 809 845 871 886 887 907 911 929 944 992 
 50 8 30 40 88 94 95 106 107 113 165 202 250 251 263 287 313 318 362 377 383 398 401 403 417 428 480 536 571 584 594 596 626 629 634 654 676 709 713 737 767 777 792 796 804 883 899 952 968 983 990 
 53 1 14 34 52 76 84 107 141 154 251 305 312 339 365 374 399 405 429 433 441 467 498 513 518 528 533 556 558 562 580 595 604 616 638 639 647 659 663 715 739 753 795 798 800 818 884 885 889 908 910 952 981 982 
 66 2 14 15 23 29 33 80 84 93 138 146 175 201 207 229 241 273 283 314 318 331 348 373 375 377 382 392 394 397 411 417 496 514 554 576 583 600 630 663 667 691 699 704 720 727 759 760 773 787 810 812 852 856 885 917 919 926 942 947 952 955 958 964 973 981 982 
 57 71 74 92 94 135 164 166 219 221 229 242 267 301 305 327 329 332 339 341 349 368 385 420 436 452 458 460 468 510 525 535 545 554 613 625 631 635 639 654 671 675 681 692 743 765 770 779 788 826 835 836 837 858 896 929 941 952 
 68 20 36 40 42 76 81 84 86 101 110 130 148 188 203 204 219 235 237 249 250 325 328 338 348 354 361 362 380 392 394 400 417 419 450 459 460 461 468 476 479 486 496 512 516 553 555 557 577 595 631 638 644 669 673 760 796 813 815 828 832 837 838 843 881 898 926 950 972 
 62 2 67 73 126 137 147 169 187 199 200 202 215 216 221 241 273 298 306 362 377 386 405 414 438 448 449 482 483 496 502 523 540 544 551 572 581 582 585 602 610 611 623 628 632 633 638 651 654 681 687 716 720 776 780 797 798 799 800 844 884 889 922 
 64 9 30 43 63 86 109 133 146 178 199 227 244 274 293 300 325 343 353 373 387 391 418 438 442 462 467 482 503 526 543 546 547 553 569 593 599 621 623 628 637 643 672 695 702 728 739 750 751 765 769 776 778 780 797 821 853 861 869 886 918 938 949 964 976 
 62 26 27 28 40 53 64 69 70 74 82 91 109 112 114 122 130 154 178 213 308 313 326 328 332 334 338 359 364 374 382 418 428 442 458 477 504 535 543 550 562 573 604 628 629 669 703 737 760 768 776 819 823 832 837 843 857 869 926 937 958 967 971 
 63 4 16 29 39 54 62 67 77 131 138 158 165 166 175 178 196 197 205 209 210 233 302 316 319 335 348 364 390 404 421 522 523 546 566 568 570 604 622 629 633 654 671 672 697 704 717 729 768 781 786 802 814 833 855 876 906 911 936 952 971 976 994 998 
 61 9 23 32 45 83 87 116 126 135 164 166 167 184 189 212 217 222 227 230 255 271 273 274 302 336 357 371 379 392 397 402 430 457 470 489 497 513 552 555 562 574 582 596 603 604 634 642 655 699 745 753 766 767 830 870 871 890 976 983 985 989 
 55 2 8 15 25 61 72 75 78 95 124 136 141 157 200 204 223 251 281 294 317 334 350 379 390 459 474 479 485 493 534 552 557 566 599 601 635 650 704 732 735 752 777 807 815 828 833 876 883 890 891 909 911 938 955 997 
 49 32 48 58 62 106 139 202 219 250 284 294 318 321 329 345 354 358 361 369 381 396 423 468 501 508 522 523 562 583 592 600 601 612 657 683 684 700 728 755 772 774 816 818 834 881 900 917 950 959 
 49 8 12 23 24 43 73 94 120 138 221 225 264 286 316 338 352 392 429 439 462 471 491 502 526 541 571 578 589 592 595 602 659 701 741 751 753 762 770 778 786 796 885 887 915 921 939 972 979 996 
 50 1 14 63 92 96 149 152 170 183 190 210 243 249 254 274 302 309 333 338 341 346 364 383 413 419 453 480 493 516 529 534 545 563 571 573 581 616 666 704 720 727 756 759 767 793 830 835 886 948 977 
 66 6 18 37 38 66 104 125 129 130 137 141 143 170 171 172 195 204 209 241 249 276 314 335 355 359 374 376 406 437 445 448 450 460 488 506 509 513 514 583 594 628 638 650 682 713 715 721 726 748 751 758 767 775 776 805 816 818 827 834 841 845 849 869 937 974 994 
 64 30 32 33 40 43 47 51 56 72 92 99 126 139 147 154 157 200 227 261 294 307 324 378 415 418 458 489 497 508 520 536 539 563 564 566 570 581 623 634 648 650 661 671 682 689 691 695 717 742 763 764 804 816 823 832 841 853 870 888 933 964 977 993 995 
 58 2 10 12 36 74 107 129 142 148 154 178 182 191 199 227 261 325 391 416 417 418 443 512 513 523 533 586 591 594 601 611 621 627 650 659 729 760 762 767 780 784 785 787 789 796 832 833 846 886 887 897 929 941 945 968 983 993 994 
 60 31 66 70 74 100 129 135 136 140 189 207 208 247 254 264 268 314 333 367 373 374 375 379 401 402 422 425 453 479 495 534 541 549 558 566 568 571 601 610 630 652 657 680 688 723 755 768 784 824 840 856 868 869 900 911 935 958 960 982 990 
 62 9 97 109 113 134 162 190 207 220 232 246 264 315 337 354 356 396 399 413 429 434 483 507 513 515 524 541 542 543 550 583 587 597 610 626 629 656 664 681 683 688 696 722 765 770 771 832 833 844 857 862 875 888 909 940 958 964 973 982 985 988 991 
 55 6 7 60 73 92 186 212 239 241 273 305 309 329 334 354 362 363 372 390 402 403 417 418 419 431 432 462 518 538 548 561 621 655 703 704 712 723 782 792 798 809 834 846 865 888 905 922 936 944 946 971 981 982 984 999 
 63 11 16 46 60 70 81 99 104 118 148 157 170 182 198 235 282 307 313 324 333 362 392 405 407 418 419 422 441 473 489 505 525 564 569 573 593 602 606 625 632 672 681 699 700 705 710 721 737 739 788 793 803 835 860 874 880 928 929 939 967 969 971 995 
 63 1 14 17 23 27 37 40 50 66 75 105 115 123 133 163 173 207 208 217 220 266 272 282 285 289 294 339 353 360 362 366 390 393 431 433 452 461 482 495 552 575 599 630 640 641 642 649 658 660 691 696 700 710 727 769 770 796 889 924 934 944 972 977 
 49 5 7 23 40 63 70 88 94 95 101 112 135 148 181 187 212 241 250 267 276 296 357 395 406 432 490 529 535 551 580 592 596 610 614 648 670 680 695 740 753 783 790 792 878 887 939 970 982 993 
 65 25 34 38 40 57 72 110 119 151 161 168 185 231 238 254 256 257 268 274 309 313 314 346 355 378 383 430 469 474 485 525 534 537 547 585 606 614 628 640 642 652 668 690 691 699 701 703 728 731 756 762 767 769 777 813 846 926 935 944 945 947 955 973 990 992 
 53 2 20 75 83 106 126 155 168 169 181 182 196 232 242 267 314 317 335 350 356 364 404 425 435 445 468 490 530 553 608 622 638 649 666 698 701 734 769 783 789 808 816 818 832 854 861 886 894 897 942 976 980 1000 
 60 37 42 67 84 94 104 119 128 138 148 187 193 195 196 221 264 273 300 311 351 375 380 391 410 429 439 442 453 470 536 564 575 584 590 599 648 684 692 696 698 699 714 739 749 767 791 814 825 834 839 844 861 866 902 927 940 943 948 975 984 
 50 23 62 74 82 86 159 171 197 233 271 293 309 314 347 369 373 432 434 438 439 440 441 447 460 461 483 493 542 554 584 612 672 687 727 738 761 769 774 796 804 833 855 856 868 876 919 926 941 953 980 
 55 12 83 133 247 249 275 280 283 293 307 316 323 341 348 377 431 483 502 505 532 554 555 580 588 598 610 644 653 679 689 690 691 724 727 737 743 755 761 787 799 800 814 817 857 869 880 908 912 913 914 920 928 975 982 997 
 68 6 15 17 54 60 87 112 113 118 122 128 136 211 215 245 252 261 265 298 317 323 355 394 422 448 449 466 470 487 494 508 512 527 556 564 608 610 612 626 629 640 641 644 650 669 688 700 717 744 745 749 759 777 813 832 847 851 878 898 906 914 940 947 955 957 958 987 990 
 71 16 36 37 45 62 96 103 147 167 180 190 198 239 241 246 290 295 305 320 332 333 336 366 383 411 417 438 449 538 545 562 563 564 584 585 627 634 662 689 692 696 721 734 743 751 758 760 767 805 811 814 827 835 836 839 844 852 855 858 861 868 876 877 890 910 920 948 963 975 995 996 
 61 21 50 76 93 100 120 152 169 188 209 222 254 289 295 297 328 345 357 374 375 379 384 390 406 417 433 448 484 488 502 510 532 533 548 550 562 591 593 644 648 685 695 699 725 745 768 769 792 804 817 834 857 868 886 888 933 937 948 972 975 992 
 60 7 28 30 36 61 65 75 95 135 137 159 167 190 193 194 211 226 238 241 244 254 266 273 284 333 335 349 364 390 433 474 516 521 542 593 613 616 622 625 639 645 647 650 680 731 738 741 745 754 759 767 821 845 876 900 926 939 954 993 995 
 66 12 15 25 41 53 66 91 104 118 139 168 171 191 195 203 204 205 230 256 266 268 284 326 329 336 339 369 374 378 382 403 457 469 470 494 505 550 559 572 574 582 608 609 615 620 640 669 670 684 714 725 744 762 779 804 848 855 862 876 885 914 917 919 921 965 988 
 67 5 8 22 37 63 70 74 91 103 118 123 126 135 159 183 221 223 238 240 245 248 256 277 290 299 326 359 367 376 384 392 394 400 403 422 431 455 481 486 494 506 511 586 590 592 606 635 690 704 732 760 768 774 810 824 838 840 854 879 885 887 893 917 936 937 964 972 
 59 2 31 36 84 86 87 135 148 173 204 211 220 221 256 261 265 288 325 337 356 369 379 399 412 417 419 429 479 498 503 563 576 589 594 595 598 665 676 686 696 713 714 794 798 805 807 839 860 867 868 880 887 888 903 910 956 957 968 981 
 58 4 11 22 26 94 124 157 164 178 209 232 264 266 272 285 291 346 363 373 374 399 406 434 435 484 487 504 543 582 604 618 620 621 638 639 661 664 699 710 718 732 735 737 787 816 840 845 850 880 881 888 892 897 904 911 924 933 970 
 52 15 31 48 58 64 70 71 94 117 143 179 190 198 201 221 249 258 285 294 297 336 354 400 406 410 415 448 468 479 518 523 554 561 585 649 663 678 700 717 728 777 806 809 812 814 826 873 878 921 940 953 990 
 62 5 19 28 38 76 86 92 134 152 157 166 215 228 230 238 243 253 257 269 278 284 294 297 326 328 330 346 349 363 365 375 384 412 416 453 481 495 514 572 632 634 644 668 670 686 688 692 713 714 722 740 752 786 804 821 834 844 850 871 874 944 974 
 51 33 51 52 57 61 78 104 115 126 139 149 194 197 205 218 223 231 250 275 376 390 412 438 439 451 460 500 573 575 584 594 603 638 665 674 710 721 733 758 764 781 798 816 825 849 909 926 927 956 974 984 
 49 43 61 62 124 139 146 151 156 157 162 181 198 239 320 338 339 341 371 374 384 390 418 423 463 480 483 492 498 503 527 554 571 622 630 681 709 724 768 824 825 836 847 861 896 913 921 924 954 965 
 51 11 12 17 45 83 93 99 100 150 165 203 212 222 229 292 317 319 322 331 340 350 353 370 410 480 486 492 517 560 583 613 646 651 657 659 668 717 718 720 739 786 795 805 817 833 871 895 899 908 909 980 
 58 41 71 111 114 158 163 166 215 259 263 273 302 318 332 346 356 384 409 410 476 484 512 514 550 561 569 580 584 586 602 610 620 678 691 702 720 728 734 754 755 763 772 776 779 798 814 838 849 857 889 892 908 934 937 942 975 980 991 
 58 3 25 37 43 49 69 73 115 134 152 158 161 162 173 179 196 198 266 267 348 354 363 374 382 384 417 429 439 460 481 488 494 503 509 536 546 554 592 601 627 650 682 702 740 760 764 779 793 809 815 859 868 874 908 919 942 962 972 
 48 15 51 69 125 132 134 145 149 173 178 185 213 223 315 324 325 358 371 385 394 419 424 459 469 471 491 523 533 534 544 625 638 693 709 734 754 788 795 823 825 826 834 835 844 919 935 943 956 
 61 11 14 21 22 36 42 53 61 69 128 134 149 152 166 171 200 237 240 241 259 265 272 274 281 293 321 337 354 361 363 364 375 417 428 479 499 501 524 567 621 623 625 635 649 656 675 714 734 758 792 833 846 875 903 911 929 932 936 957 976 994 
 38 37 62 72 192 194 207 218 252 274 304 305 329 382 390 391 399 455 457 461 494 536 581 590 628 638 640 656 708 760 782 786 815 881 887 903 911 938 975 
 58 1 13 32 35 61 71 100 104 105 124 126 127 142 160 178 204 237 238 264 273 275 293 314 316 337 369 373 403 418 437 442 443 503 526 543 554 581 595 639 641 655 659 669 670 684 694 724 738 788 790 823 878 887 931 959 963 969 981 
 59 7 12 35 48 78 82 84 142 143 149 160 163 172 176 187 188 207 213 216 229 241 249 265 268 320 325 375 396 398 404 428 450 474 481 491 552 568 583 639 643 669 694 700 721 727 737 740 750 752 768 784 790 829 835 875 894 915 937 993 
 52 3 83 84 93 123 133 142 154 171 179 181 191 195 202 299 305 332 355 357 360 448 457 458 503 533 571 591 602 605 611 642 647 651 660 668 671 700 702 739 752 781 788 815 837 863 868 897 908 931 992 997 999 
 53 1 13 14 30 76 127 135 174 181 195 201 220 237 288 289 304 326 329 334 354 366 367 368 375 451 480 506 512 519 539 546 561 578 620 626 669 698 711 712 751 788 793 806 840 841 849 908 911 915 953 961 968 972 
 68 8 12 25 31 35 44 51 63 74 78 85 122 135 141 151 165 167 174 182 195 199 208 238 264 275 308 310 312 322 324 338 342 361 363 385 400 423 437 449 465 472 537 559 572 574 582 583 587 607 610 632 663 690 705 722 751 769 779 813 826 840 885 896 909 933 940 943 959 
 48 1 49 73 91 96 103 135 139 198 213 245 274 282 294 304 391 458 461 485 544 546 574 582 592 613 621 626 631 641 668 675 704 708 709 726 741 772 785 805 827 856 862 874 876 885 898 912 983 
 65 53 64 73 74 115 118 123 126 134 141 146 149 181 189 195 200 208 228 243 257 267 288 302 334 353 381 384 400 401 419 431 437 442 445 451 465 485 513 523 557 558 563 564 574 575 585 595 596 621 623 680 693 749 791 792 800 855 882 888 909 928 938 956 972 997 
 56 1 68 74 94 97 122 138 142 224 266 267 283 299 301 302 310 361 406 411 413 457 471 473 484 495 509 514 556 557 563 581 591 600 601 617 634 651 670 671 681 698 700 750 752 771 775 801 815 879 911 932 938 943 964 991 995 
 66 1 29 45 69 83 109 115 133 143 144 149 154 193 207 228 246 268 270 272 281 289 295 314 319 337 344 345 349 364 390 467 483 490 511 517 518 522 534 535 550 562 581 597 602 603 662 675 706 711 712 723 727 731 740 752 760 761 778 798 835 846 874 936 937 961 999 
 62 4 29 55 82 91 92 107 110 129 137 160 171 209 228 250 252 253 267 281 305 332 335 356 367 371 386 399 462 474 496 522 529 533 550 581 593 603 609 620 624 685 720 721 733 741 797 801 832 837 852 860 881 888 891 915 931 958 968 972 974 988 995 
 55 20 53 60 62 64 82 89 105 127 157 158 168 223 239 241 242 246 268 296 303 311 313 340 342 361 363 385 396 480 481 486 523 537 556 571 572 586 624 648 659 677 693 710 749 760 769 781 784 829 901 926 939 940 945 986 
 53 25 32 33 42 44 108 123 172 183 187 198 219 231 250 282 313 335 336 337 347 384 413 449 461 520 524 557 561 578 583 591 617 620 653 658 671 716 723 742 745 759 810 813 870 874 886 892 896 900 927 930 957 975 
 60 3 15 16 23 83 93 97 103 122 127 160 167 199 256 278 299 313 319 338 358 383 393 394 413 422 423 429 438 447 482 501 506 518 554 578 591 606 611 620 635 646 682 690 699 757 774 799 805 818 828 829 834 849 866 901 929 948 966 967 982 
 54 6 21 56 60 105 119 146 160 169 200 211 216 221 242 279 281 294 308 350 360 362 365 385 386 388 393 410 444 449 454 514 529 537 538 575 576 581 602 617 618 641 649 653 691 699 731 753 759 761 793 805 865 912 919 
 61 5 24 48 69 74 94 99 138 179 181 182 185 188 249 251 260 261 273 293 304 307 314 326 350 362 372 373 381 390 410 419 431 433 450 458 483 538 539 561 568 602 605 610 622 628 660 665 675 680 685 690 725 745 773 778 804 856 869 880 917 925 
 64 6 30 33 35 43 49 53 58 83 90 97 117 127 130 183 193 196 206 218 230 244 253 255 259 276 291 305 325 335 339 340 347 355 357 362 379 411 412 421 469 481 491 493 522 525 538 539 541 563 581 589 607 686 715 732 842 852 856 858 877 898 919 957 964 
 60 35 59 60 72 86 91 103 107 109 125 133 134 137 151 153 200 225 228 234 251 252 278 280 283 285 334 361 365 389 438 444 503 507 531 533 534 565 604 620 655 671 684 707 712 744 769 820 831 838 855 873 881 889 897 908 920 957 959 965 996 
 47 6 27 32 41 52 63 92 98 106 128 155 162 179 189 190 196 275 281 310 339 364 382 394 395 413 448 476 491 531 537 587 614 636 641 647 649 660 701 708 712 795 808 845 872 902 965 967 
 69 12 14 33 40 50 65 77 103 119 120 130 147 157 169 170 178 188 210 215 227 229 232 249 266 275 297 304 307 308 325 330 347 350 376 389 394 439 459 479 525 528 530 572 593 601 622 648 649 653 661 686 710 732 743 761 790 805 811 820 834 844 858 864 893 901 936 950 958 980 
 52 49 65 116 152 200 207 219 235 258 293 331 343 355 386 391 419 429 449 476 479 489 495 508 538 545 566 581 597 600 624 632 643 731 749 789 793 804 808 814 827 848 856 860 906 908 948 957 958 963 966 978 990 
 75 18 34 50 62 69 71 87 110 114 123 144 174 186 190 197 198 202 263 269 271 274 279 312 317 319 321 355 378 482 493 523 526 532 538 567 577 581 622 639 658 670 681 697 708 710 721 746 754 763 764 767 771 799 813 814 817 823 826 834 837 848 857 886 889 899 902 912 922 948 954 961 967 974 980 981 
 65 6 9 14 18 33 62 69 81 82 95 102 114 140 153 170 172 200 238 239 242 258 270 306 322 327 328 336 360 388 411 417 428 447 465 491 496 514 547 643 649 658 671 677 680 707 710 721 722 728 741 752 759 767 768 778 786 801 835 874 877 904 927 953 965 998 
 61 20 46 69 91 124 140 157 184 199 211 222 233 236 267 282 292 306 316 357 369 393 399 454 464 471 480 496 534 558 579 581 582 584 597 612 620 624 625 683 698 701 707 715 770 785 788 795 804 807 850 869 887 919 922 927 929 962 979 984 992 999 
 61 1 19 29 35 44 64 65 113 176 189 191 192 200 204 209 216 226 269 300 374 378 387 394 402 413 415 424 430 431 484 492 493 508 518 526 583 585 602 603 611 629 635 641 658 693 719 722 734 738 750 796 806 836 838 877 884 912 916 922 971 974 
 65 13 17 37 63 76 106 122 124 149 165 192 197 209 224 249 262 266 277 281 294 302 337 347 373 395 406 437 440 450 464 472 506 534 546 561 576 594 641 645 653 670 683 687 691 705 706 711 712 732 760 776 779 781 806 815 829 832 856 858 876 888 913 940 974 998 
 65 9 26 29 33 82 98 113 127 147 157 165 178 201 227 231 234 278 321 331 339 348 360 383 391 400 429 438 490 492 494 513 524 525 527 544 568 583 600 627 654 663 673 674 715 717 727 733 734 747 763 764 771 777 791 801 867 876 920 923 938 943 952 974 983 984 
 58 12 30 33 46 55 106 147 158 178 187 211 228 230 232 272 290 324 344 365 396 404 448 459 467 503 504 516 517 529 554 555 567 625 631 638 669 680 711 736 746 762 777 778 786 796 797 823 832 840 846 855 896 907 909 939 944 948 952 
 61 1 16 44 45 96 101 158 163 165 178 217 238 243 277 314 330 331 335 363 374 402 403 419 424 428 436 470 479 481 485 500 537 551 575 584 606 610 614 621 623 629 651 682 691 721 723 752 793 805 819 839 841 854 855 887 898 925 960 965 989 992 
 65 7 8 24 39 60 63 72 75 82 83 91 95 121 126 141 149 151 152 167 184 221 297 302 325 326 344 361 373 401 406 423 436 457 462 530 557 562 566 578 609 629 642 643 649 651 652 655 658 678 691 695 700 714 750 804 811 823 849 852 861 868 884 886 950 953 
 77 2 32 40 42 45 47 60 65 79 83 106 107 119 122 134 140 141 176 178 187 189 193 225 236 240 277 289 317 324 325 351 353 365 366 376 378 383 388 418 459 462 464 482 532 541 544 545 551 561 567 577 611 632 643 665 669 690 698 702 716 746 752 757 770 804 818 823 838 845 872 887 899 916 917 918 981 982 
 55 23 26 61 72 78 83 106 111 130 187 195 210 224 242 243 251 265 275 282 285 301 313 314 336 342 362 380 406 419 422 432 439 464 504 527 532 543 555 592 637 651 672 681 695 747 786 799 887 917 920 932 954 972 974 996 
 62 28 73 75 113 121 183 187 208 213 252 260 291 344 374 380 427 431 451 457 475 489 490 495 518 535 537 547 560 582 591 593 610 613 620 634 639 643 665 672 673 682 690 695 699 708 710 750 762 782 805 847 853 861 877 881 894 900 929 949 954 977 987 
 52 10 55 93 107 115 124 128 145 207 220 257 275 312 334 359 360 361 364 369 404 437 441 445 454 462 484 492 514 517 567 586 587 600 602 604 637 681 699 720 726 743 747 761 789 824 867 870 878 892 899 914 979 
 64 27 47 64 113 137 158 168 188 251 281 285 289 308 317 334 369 381 397 410 412 418 437 460 466 497 515 527 534 565 573 588 589 593 600 604 638 653 657 660 671 706 708 722 725 726 740 745 763 773 782 790 796 815 823 860 869 875 909 911 919 930 952 954 992 
 68 29 30 63 69 102 106 108 113 116 117 120 148 172 184 199 256 313 319 368 377 393 395 408 469 470 483 503 504 505 507 512 553 561 570 578 591 593 596 600 605 612 628 643 648 656 659 678 692 705 712 721 731 738 751 777 785 791 804 808 835 871 896 922 933 953 973 991 998 
 59 16 30 34 41 43 48 52 155 179 198 210 228 233 247 252 264 268 270 273 291 330 367 436 438 446 513 520 532 538 554 556 571 572 578 581 632 643 653 659 680 684 703 729 733 734 752 776 806 826 829 842 880 896 900 919 945 973 990 995 
 51 3 21 31 41 44 62 83 88 99 109 159 181 232 258 283 295 296 310 322 330 353 407 413 428 461 497 498 526 528 544 546 552 573 594 621 628 638 680 698 700 702 712 742 786 813 896 928 937 941 947 977 
 48 17 22 30 40 51 53 64 96 128 166 172 190 191 193 212 214 228 293 309 312 334 401 441 442 449 462 467 509 522 525 527 536 543 555 582 591 599 721 731 764 789 825 864 879 893 927 948 989 
 55 2 22 36 41 98 105 113 114 123 134 154 161 182 195 252 293 314 335 363 373 388 421 426 457 462 530 554 569 589 597 601 631 643 665 670 694 695 700 711 752 785 809 813 816 831 832 850 856 926 928 930 944 976 980 986 
 62 3 5 20 70 76 93 95 112 135 138 147 178 197 251 261 271 272 275 281 285 291 292 293 296 298 328 384 392 417 438 451 460 466 467 468 471 525 540 543 549 555 561 562 582 592 600 615 625 632 639 676 686 716 769 831 837 843 888 891 919 953 981 
 75 15 33 40 52 60 141 152 169 183 192 197 203 232 239 246 254 265 288 301 315 324 343 371 398 405 418 449 469 470 482 486 490 495 514 531 540 563 571 581 618 622 645 660 682 686 706 721 726 739 755 759 780 782 785 789 814 837 839 844 881 885 895 905 919 921 927 933 944 949 953 956 958 959 980 990 
 71 4 43 47 71 89 110 117 136 138 146 152 166 180 194 221 242 249 251 262 269 273 276 360 368 395 418 419 444 457 463 480 489 513 517 547 562 576 580 606 609 624 630 631 638 651 655 672 682 684 688 711 712 724 735 750 763 780 782 786 788 804 850 851 868 870 886 897 952 953 961 987 
 43 5 13 44 101 136 149 150 190 191 219 240 276 331 341 343 360 363 382 400 420 492 535 538 636 645 651 667 671 741 754 767 787 793 811 818 862 868 869 939 943 953 974 975 
 65 6 16 30 31 51 56 105 113 118 123 124 135 141 159 168 188 218 222 253 266 283 288 293 305 347 373 382 401 429 448 472 485 487 488 496 514 562 568 573 582 589 601 621 652 676 703 711 716 768 820 828 834 860 881 901 905 925 932 954 955 965 969 972 991 992 
 63 1 33 38 45 64 77 91 92 95 111 113 144 174 179 193 200 210 221 231 232 235 248 269 270 273 300 315 318 328 343 358 410 432 457 493 521 527 534 552 600 609 623 624 635 664 683 705 712 785 786 800 802 842 856 874 876 891 892 936 959 974 976 991 
 57 1 17 30 36 50 53 57 74 100 103 160 180 196 214 225 244 255 284 285 286 294 295 325 351 363 365 390 422 443 490 498 513 545 610 618 627 628 630 632 638 673 683 700 716 749 752 771 773 828 837 841 877 886 901 946 952 973 
 54 10 46 54 116 119 136 150 158 233 235 287 298 300 303 313 327 402 417 468 490 494 519 533 540 555 561 564 583 604 621 648 658 664 675 684 690 698 733 754 782 789 799 827 828 842 844 866 867 885 919 926 943 947 993 
