 240 64
 3 3 3 3 3 3 3 3 3 3 3 3 3 3 3 3 3 3 3 3 3 3 3 3 3 3 3 3 3 3 3 3 3 3 3 3 3 3 3 3 3 3 3 3 3 3 3 3 3 3 3 3 3 3 3 3 3 3 3 3 3 3 3 3 
 2 1 2 
 3 1 2 3 
 3 1 2 3 
 2 1 5 
 3 1 5 6 
 4 2 5 7 8 
 3 1 11 12 
 4 1 11 12 13 
 3 2 11 14 
 3 5 11 18 
 3 1 27 28 
 4 1 27 28 29 
 3 2 27 30 
 3 5 27 34 
 4 11 27 43 44 
 3 1 2 4 
 4 1 5 6 7 
 3 2 5 8 
 3 1 12 13 
 3 2 12 15 
 3 5 12 19 
 3 1 28 29 
 3 2 28 31 
 3 5 28 35 
 3 12 28 44 
 3 2 3 4 
 3 2 6 7 
 3 3 6 9 
 4 2 12 13 14 
 3 3 12 16 
 3 6 12 20 
 4 2 28 29 30 
 3 3 28 32 
 3 6 28 36 
 3 12 28 45 
 3 4 6 10 
 3 4 13 17 
 3 6 13 21 
 3 4 29 33 
 3 6 29 37 
 3 13 29 46 
 2 3 4 
 4 3 7 8 9 
 4 3 7 9 10 
 3 3 14 15 
 3 3 14 16 
 3 7 14 22 
 3 3 30 31 
 3 3 30 32 
 3 7 30 38 
 4 14 30 47 48 
 4 4 8 10 11 
 3 4 15 17 
 3 8 15 23 
 3 4 31 33 
 3 8 31 39 
 4 15 31 48 49 
 4 4 9 10 11 
 4 4 16 17 18 
 4 9 16 24 25 
 4 4 32 33 34 
 4 9 32 40 41 
 3 16 32 50 
 3 10 17 26 
 3 10 33 42 
 3 17 33 51 
 3 5 6 7 
 3 5 8 9 
 4 6 8 9 10 
 3 5 18 19 
 3 6 18 20 
 4 8 18 22 23 
 3 5 34 35 
 3 6 34 36 
 4 8 34 38 39 
 3 18 34 53 
 4 7 8 10 11 
 3 7 19 21 
 4 8 19 23 24 
 3 7 35 37 
 4 8 35 39 40 
 3 19 35 54 
 4 7 9 10 11 
 4 7 20 21 22 
 4 9 20 24 25 
 4 7 36 37 38 
 4 9 36 40 41 
 3 20 36 55 
 3 10 21 26 
 3 10 37 42 
 4 21 37 56 57 
 3 9 10 11 
 4 9 22 23 24 
 4 10 22 24 25 
 4 9 38 39 40 
 4 10 38 40 41 
 3 22 38 58 
 4 11 23 26 27 
 4 11 39 42 43 
 4 23 39 59 60 
 4 11 24 26 27 
 4 11 40 42 43 
 3 24 40 61 
 3 26 42 63 
 3 12 13 14 
 3 12 14 15 
 3 13 14 16 
 3 12 18 19 
 3 13 18 20 
 4 14 18 22 23 
 4 12 43 44 45 
 4 13 43 45 46 
 4 14 43 47 48 
 3 18 43 53 
 3 13 15 17 
 3 13 19 21 
 4 15 19 23 24 
 4 13 44 46 47 
 4 15 44 48 49 
 3 19 44 54 
 4 14 16 17 18 
 4 14 20 21 22 
 3 16 20 25 
 4 14 45 46 47 
 3 16 45 50 
 4 20 45 55 56 
 3 17 21 26 
 4 17 46 51 52 
 4 21 46 56 57 
 4 15 16 17 18 
 4 15 22 23 24 
 3 16 22 25 
 4 15 47 48 49 
 4 16 47 50 51 
 4 22 47 58 59 
 4 17 23 26 27 
 4 17 48 51 52 
 4 23 48 59 60 
 4 18 25 26 27 
 4 18 50 51 52 
 4 25 50 61 62 
 3 26 51 63 
 4 19 20 21 22 
 3 19 23 24 
 3 20 23 25 
 4 19 53 54 55 
 4 20 53 55 56 
 4 23 53 58 59 
 4 21 24 26 27 
 4 21 54 56 57 
 4 24 54 59 60 
 4 22 25 26 27 
 4 22 55 56 58 
 4 25 55 61 62 
 4 26 56 63 64 
 3 24 25 27 
 4 24 58 59 61 
 4 25 58 61 62 
 4 27 59 63 64 
 4 27 61 63 64 
 3 28 29 30 
 3 28 30 31 
 3 29 30 32 
 3 28 34 35 
 3 29 34 36 
 4 30 34 38 39 
 3 28 44 45 
 4 29 44 45 46 
 3 30 44 48 
 3 34 44 53 
 3 29 31 33 
 3 29 35 37 
 4 31 35 39 40 
 4 29 44 46 47 
 3 31 44 49 
 3 35 44 54 
 4 30 32 33 34 
 4 30 36 37 38 
 3 32 36 41 
 4 30 45 46 47 
 3 32 45 50 
 4 36 45 55 56 
 3 33 37 42 
 4 33 46 51 52 
 3 37 46 57 
 4 31 32 33 34 
 4 31 38 39 40 
 3 32 38 41 
 3 31 48 49 
 4 32 48 50 51 
 4 38 48 58 59 
 4 33 39 42 43 
 4 33 49 51 52 
 3 39 49 60 
 4 34 41 42 43 
 4 34 50 51 52 
 4 41 50 61 62 
 3 42 51 63 
 4 35 36 37 38 
 3 35 39 40 
 3 36 39 41 
 4 35 53 54 55 
 4 36 53 55 56 
 4 39 53 58 59 
 4 37 40 42 43 
 3 37 54 57 
 3 40 54 60 
 4 38 41 42 43 
 4 38 55 57 58 
 4 41 55 61 62 
 4 42 57 63 64 
 3 40 41 43 
 4 40 58 60 61 
 4 41 58 61 62 
 4 43 60 63 64 
 4 43 61 63 64 
 3 45 46 47 
 3 45 48 49 
 4 46 48 50 51 
 4 45 53 54 55 
 3 46 53 56 
 3 48 53 59 
 3 47 49 52 
 3 47 54 57 
 3 49 54 60 
 3 47 50 52 
 4 47 56 57 58 
 3 50 56 62 
 4 52 57 63 64 
 3 49 51 52 
 4 49 59 60 61 
 3 51 59 62 
 4 52 60 63 64 
 4 52 62 63 64 
 4 55 56 57 58 
 4 55 59 60 61 
 3 56 59 62 
 3 57 60 64 
 3 58 62 64 
 3 61 62 64 
