 1023 110
 3 3 3 3 3 3 3 3 3 3 3 3 3 3 3 3 3 3 3 3 3 3 3 3 3 3 3 3 3 3 3 3 3 3 3 3 3 3 3 3 3 3 3 3 3 3 3 3 3 3 3 3 3 3 3 3 3 3 3 3 3 3 3 3 3 3 3 3 3 3 3 3 3 3 3 3 3 3 3 3 3 3 3 3 3 3 3 3 3 3 3 3 3 3 3 3 3 3 3 3 3 3 3 3 3 3 3 3 3 3 
 106 1 2 3 4 5 6 7 8 9 10 11 12 13 14 15 16 17 18 19 20 21 22 23 24 25 26 27 28 29 30 31 32 33 34 35 36 37 38 39 41 42 43 44 45 46 47 48 49 50 51 52 53 54 55 56 57 58 59 60 61 62 63 64 65 66 67 69 70 71 72 73 74 75 76 77 78 79 80 81 82 83 84 85 86 87 88 89 90 91 92 93 94 95 96 97 98 99 100 101 102 103 104 106 107 108 109 
 109 1 2 3 4 5 6 7 8 9 10 11 12 13 14 15 16 17 18 19 20 21 22 23 24 25 26 27 28 29 30 31 32 33 34 35 36 37 38 39 40 41 42 43 44 45 46 47 48 49 50 51 52 53 54 55 56 57 58 59 60 61 62 63 64 65 66 67 68 69 70 71 72 73 74 75 76 77 78 79 80 81 82 83 84 85 86 87 88 89 90 91 92 93 94 95 96 97 98 99 100 101 102 103 104 105 106 107 108 109 
 78 1 2 3 4 5 6 7 8 9 10 11 13 14 15 16 17 18 19 20 22 23 24 25 26 27 29 30 31 32 34 35 37 41 42 43 44 45 46 47 48 50 51 52 53 54 55 57 58 59 60 62 63 65 69 70 71 72 73 74 76 77 78 79 81 82 84 87 88 89 90 92 93 94 96 99 100 102 106 
 109 1 2 3 4 5 6 7 8 9 10 11 12 13 14 15 16 17 18 19 20 21 22 23 24 25 26 27 28 29 30 31 32 33 34 35 36 37 38 39 40 41 42 43 44 45 46 47 48 49 50 51 52 53 54 55 56 57 58 59 60 61 62 63 64 65 66 67 68 69 70 71 72 73 74 75 76 77 78 79 80 81 82 83 84 85 86 87 88 89 90 91 92 93 94 95 96 97 98 99 100 101 102 103 104 105 106 107 108 110 
 82 1 2 3 4 5 6 7 8 9 10 11 13 14 15 16 17 18 19 20 22 23 24 25 26 27 29 30 31 32 34 35 36 38 41 42 43 44 45 46 47 48 50 51 52 53 54 55 57 58 59 60 62 63 64 66 69 70 71 72 73 74 76 77 78 79 81 82 84 87 88 89 90 91 92 93 94 96 99 100 101 103 106 
 89 1 2 3 4 5 6 7 8 9 10 11 13 14 15 16 17 18 19 20 21 22 23 24 25 26 27 28 29 30 31 32 33 34 35 36 38 41 42 43 44 45 46 47 48 49 50 51 52 53 54 55 56 57 58 59 60 61 62 63 64 66 69 70 71 72 73 74 76 77 78 79 81 82 83 85 87 88 89 90 91 92 93 94 96 99 100 101 103 106 
 44 1 2 3 4 6 8 9 13 14 15 16 17 19 22 23 24 26 29 31 34 41 42 43 44 45 47 50 51 52 54 57 59 62 69 71 72 76 77 81 87 88 89 92 99 
 102 1 2 3 4 5 6 7 8 9 10 12 13 14 15 16 17 18 19 20 21 22 23 24 25 26 27 28 29 30 31 32 33 34 35 36 37 38 39 40 41 42 43 44 45 46 47 48 49 50 51 52 53 54 55 56 57 58 59 60 61 62 63 64 65 66 67 68 69 70 71 72 73 75 76 77 78 80 81 82 83 84 85 86 87 88 89 90 91 92 93 95 97 99 100 101 102 103 104 105 107 109 110 
 81 1 2 3 4 5 6 7 8 9 10 12 13 14 15 16 17 18 19 21 22 23 24 25 26 28 29 30 31 33 34 35 36 38 41 42 43 44 45 46 47 49 50 51 52 53 54 56 57 58 59 61 62 63 64 66 69 70 71 72 73 75 76 77 78 80 81 83 85 87 88 89 90 91 93 95 97 99 100 101 103 107 
 88 1 2 3 4 5 6 7 8 9 10 12 13 14 15 16 17 18 19 20 21 22 23 24 25 26 27 28 29 30 31 32 33 34 35 37 39 41 42 43 44 45 46 47 48 49 50 51 52 53 54 55 56 57 58 59 60 61 62 63 65 67 69 70 71 72 73 75 76 77 78 80 81 82 83 85 87 88 89 90 92 93 95 97 99 100 102 104 107 
 53 1 2 3 4 5 6 7 8 10 13 14 15 16 17 18 19 22 23 24 25 26 29 30 31 34 41 42 43 44 45 46 47 50 51 52 53 54 57 58 59 62 69 70 71 73 76 78 81 87 88 89 93 99 
 81 1 2 3 4 5 6 7 8 9 10 12 13 14 15 16 17 18 19 20 22 23 24 25 26 27 29 30 31 32 34 35 37 39 41 42 43 44 45 46 47 48 50 51 52 53 54 55 57 58 59 60 62 63 65 67 69 70 71 72 73 75 76 77 78 80 81 82 84 86 87 88 89 90 92 93 95 97 100 102 104 107 
 56 1 2 3 4 5 6 7 8 9 10 13 14 15 16 17 18 19 22 23 24 25 26 29 30 31 35 41 42 43 44 45 46 47 50 51 52 53 54 57 58 59 63 69 70 71 72 73 76 77 78 81 87 88 90 93 100 
 50 1 2 3 4 5 6 7 8 9 10 13 15 17 18 20 22 24 25 27 29 30 32 35 41 43 45 46 48 50 52 53 55 57 58 60 63 69 70 71 72 73 76 77 78 82 87 89 90 93 100 
 23 1 2 3 4 6 8 13 15 17 22 24 29 41 43 45 50 52 57 69 71 76 87 110 
 91 1 2 3 4 5 6 7 8 9 11 12 13 14 15 16 17 18 20 21 22 23 24 25 27 28 29 30 32 33 34 35 36 37 39 40 41 42 43 44 45 46 48 49 50 51 52 53 55 56 57 58 60 61 62 63 64 65 67 68 69 70 71 72 74 75 76 77 79 80 82 83 84 86 87 88 89 90 91 92 94 95 98 99 100 101 102 104 105 108 109 110 
 76 1 2 3 4 5 6 7 8 9 11 12 13 14 15 16 17 18 20 21 22 23 24 25 27 28 29 30 32 33 35 36 39 41 42 43 44 45 46 48 49 50 51 52 53 55 56 57 58 60 61 63 64 67 69 70 71 72 74 75 76 77 79 80 82 83 86 88 90 91 94 95 98 100 101 104 108 
 81 1 2 3 4 5 6 7 8 9 11 12 13 14 15 16 17 18 20 21 22 23 24 25 27 28 29 30 32 33 35 36 37 40 41 42 43 44 45 46 48 49 50 51 52 53 55 56 57 58 60 61 63 64 65 68 69 70 71 72 74 75 76 77 79 80 82 83 86 88 89 90 91 92 94 95 98 100 101 102 105 108 
 52 1 2 3 4 5 6 7 8 11 13 14 15 16 17 18 20 22 23 24 25 27 29 30 32 35 41 42 43 44 45 46 48 50 51 52 53 55 57 58 60 63 69 70 71 74 76 79 82 88 90 94 100 
 80 1 2 3 4 5 6 7 8 9 11 12 13 14 15 16 17 18 20 21 22 23 24 25 27 28 29 30 32 33 34 36 37 40 41 42 43 44 45 46 48 49 50 51 52 53 55 56 57 58 60 61 62 64 65 68 69 70 71 72 74 75 76 77 79 80 82 83 84 87 88 89 91 92 94 95 98 101 102 105 108 
 55 1 2 3 4 5 6 7 8 9 11 13 14 15 16 17 18 20 22 23 24 25 27 29 30 32 36 41 42 43 44 45 46 48 50 51 52 53 55 57 58 60 64 69 70 71 72 74 76 77 79 82 88 91 94 101 
 56 1 2 3 4 5 6 7 8 9 11 13 14 15 16 17 18 21 22 23 24 25 28 29 30 33 36 41 42 43 44 45 46 49 50 51 52 53 56 57 58 61 64 69 70 71 72 74 76 77 79 83 88 89 91 94 101 
 29 1 2 3 4 6 8 13 14 15 16 17 22 23 24 29 41 42 43 44 45 50 51 52 57 69 71 76 88 110 
 69 1 2 3 4 5 6 7 8 9 12 13 14 15 16 17 18 21 22 23 24 25 28 29 30 33 34 36 37 40 41 42 43 44 45 46 49 50 51 52 53 56 57 58 61 62 64 65 68 69 70 71 72 75 76 77 80 83 84 87 88 89 91 92 95 99 101 102 105 109 
 49 1 2 3 4 5 6 7 8 9 12 13 14 15 16 18 21 22 23 25 28 30 33 36 41 42 43 44 46 49 50 51 53 56 58 61 64 69 70 71 72 75 76 77 80 83 88 91 95 101 
 54 1 2 3 4 5 6 7 8 9 12 13 14 15 16 17 18 21 22 23 24 25 28 30 33 37 41 42 43 44 45 46 49 50 51 52 53 56 58 61 65 69 70 71 72 75 76 77 80 83 88 89 92 95 102 
 32 1 2 3 4 5 6 7 8 13 14 15 16 18 22 23 25 30 41 42 43 44 46 50 51 53 58 69 70 71 76 88 110 
 48 1 3 4 5 6 7 9 12 13 14 15 16 17 18 22 23 24 25 29 30 34 37 41 42 43 44 45 46 50 51 52 53 57 58 62 65 69 70 72 75 77 80 84 88 89 92 95 102 
 31 1 3 4 5 6 7 9 13 14 15 16 18 22 23 25 30 41 42 43 44 46 50 51 53 58 69 70 72 77 88 109 
 29 1 3 4 5 6 7 9 13 15 17 18 22 24 25 30 41 43 45 46 50 52 53 58 69 70 72 77 89 109 
 13 1 3 4 6 13 15 22 41 43 50 69 109 110 
 85 1 2 3 4 5 6 7 9 10 11 12 13 14 15 16 17 19 20 21 22 23 24 26 27 28 29 31 32 33 34 37 38 39 40 41 42 43 44 45 47 48 49 50 51 52 54 55 56 57 59 60 61 62 65 66 67 68 69 70 72 73 74 75 77 78 79 80 84 85 86 87 89 90 91 92 96 97 98 99 102 103 104 105 109 110 
 70 1 2 3 4 5 6 7 9 10 11 12 13 14 15 16 19 20 21 22 23 26 27 28 31 32 33 37 38 39 41 42 43 44 47 48 49 50 51 54 55 56 59 60 61 65 66 67 69 70 72 73 74 75 77 78 79 80 84 85 86 89 90 91 96 97 98 102 103 104 109 
 78 1 2 3 4 5 6 7 9 10 11 12 13 14 15 16 17 19 20 21 22 23 24 26 27 28 31 32 33 37 38 39 40 41 42 43 44 45 47 48 49 50 51 52 54 55 56 59 60 61 65 66 67 68 69 70 72 73 74 75 77 78 79 80 84 85 86 89 90 91 92 96 97 98 102 103 104 105 109 
 49 1 2 3 4 5 6 7 9 10 11 13 14 15 16 19 20 22 23 26 27 31 32 37 41 42 43 44 47 48 50 51 54 55 59 60 65 69 70 72 73 74 77 78 79 84 89 90 96 102 
 80 1 2 3 4 5 6 7 9 10 11 12 13 14 15 16 17 19 20 21 22 23 24 26 27 28 29 31 32 33 34 38 39 40 41 42 43 44 45 47 48 49 50 51 52 54 55 56 57 59 60 61 62 66 67 68 69 70 72 73 74 75 77 78 79 80 84 85 86 87 89 90 91 92 96 97 98 103 104 105 110 
 50 1 2 3 4 5 6 7 9 10 11 13 14 15 16 19 20 22 23 26 27 31 32 38 41 42 43 44 47 48 50 51 54 55 59 60 66 69 70 72 73 74 77 78 79 84 89 90 91 96 103 
 60 1 2 3 4 5 6 7 9 10 11 13 14 15 16 17 19 20 21 22 23 24 26 27 28 31 32 33 38 41 42 43 44 45 47 48 49 50 51 52 54 55 56 59 60 61 66 69 70 72 73 74 77 78 79 85 89 90 91 96 103 
 29 1 2 3 4 6 9 13 14 15 16 19 22 23 26 31 41 42 43 44 47 50 51 54 59 69 72 77 89 109 
 72 1 2 3 4 5 6 7 10 12 13 14 15 16 17 19 20 21 22 23 24 26 27 28 29 31 32 33 34 38 39 40 41 42 43 44 45 47 48 49 50 51 52 54 55 56 57 59 60 61 62 66 67 68 69 70 73 75 78 80 85 86 87 89 90 91 92 97 99 103 104 105 110 
 47 1 2 3 4 5 6 7 10 12 13 14 15 16 19 21 22 23 26 28 31 33 38 41 42 43 44 47 49 50 51 54 56 59 61 66 69 70 73 75 78 80 85 89 90 91 97 103 
 57 1 2 3 4 5 6 7 10 12 13 14 15 16 17 19 20 21 22 23 24 26 27 28 31 32 33 39 41 42 43 44 45 47 48 49 50 51 52 54 55 56 59 60 61 67 69 70 73 75 78 80 85 89 90 92 97 104 
 32 1 2 3 4 5 6 7 10 13 14 15 16 19 22 23 26 31 41 42 43 44 47 50 51 54 59 69 70 73 78 89 108 
 54 1 2 3 4 5 6 7 10 12 13 14 15 16 17 19 20 22 23 24 26 27 29 31 32 34 39 41 42 43 44 45 47 48 50 51 52 54 55 57 59 60 62 67 69 70 73 75 78 80 86 90 92 97 104 
 32 1 2 3 4 5 6 7 10 13 14 15 16 19 22 23 26 31 41 42 43 44 47 50 51 54 59 69 70 73 78 90 108 
 30 1 2 3 4 5 6 7 10 13 15 17 20 22 24 27 32 41 43 45 48 50 52 55 60 69 70 73 78 90 108 
 15 1 2 3 4 6 13 15 22 41 43 50 69 108 109 110 
 61 1 2 3 4 5 6 7 11 12 13 14 15 16 17 20 21 22 23 24 27 28 29 32 33 34 39 40 41 42 43 44 45 48 49 50 51 52 55 56 57 60 61 62 67 68 69 70 74 75 79 80 86 87 90 91 92 98 99 104 105 110 
 42 1 2 3 4 5 6 7 11 12 13 14 16 20 21 23 27 28 32 33 39 41 42 44 48 49 51 55 56 60 61 67 69 70 74 75 79 80 86 90 91 98 104 
 49 1 2 3 4 5 6 7 11 12 13 14 15 16 17 20 21 23 24 27 28 32 33 40 41 42 43 44 45 48 49 51 52 55 56 60 61 68 69 70 74 75 79 80 86 90 91 92 98 105 
 28 1 2 3 4 5 6 7 11 13 14 16 20 23 27 32 41 42 44 48 51 55 60 69 70 74 79 90 107 
 54 1 2 3 4 5 6 7 11 12 13 14 15 16 17 20 21 22 23 24 27 28 29 32 33 34 40 41 42 43 44 45 48 49 50 51 52 55 56 57 60 61 62 68 69 70 74 75 79 80 87 91 92 98 105 
 28 1 2 3 4 5 6 7 11 13 14 16 20 23 27 32 41 42 44 48 51 55 60 69 70 74 79 91 107 
 34 1 2 3 4 5 6 7 11 13 14 15 16 17 21 23 24 28 33 41 42 43 44 45 49 51 52 56 61 69 70 74 79 91 107 
 17 1 2 3 4 6 13 14 16 23 41 42 44 51 69 107 109 110 
 42 1 2 3 5 7 12 13 14 15 16 17 21 22 23 24 28 29 33 34 40 41 42 43 44 45 49 50 51 52 56 57 61 62 68 70 75 80 87 91 92 99 105 
 25 1 2 3 5 7 12 13 14 16 21 23 28 33 41 42 44 49 51 56 61 70 75 80 91 106 
 31 1 2 3 5 7 12 13 14 15 16 17 21 23 24 28 33 41 42 43 44 45 49 51 52 56 61 70 75 80 92 106 
 18 1 2 3 5 7 13 14 16 23 41 42 44 51 70 106 107 108 110 
 30 1 3 5 7 12 13 14 15 16 17 22 23 24 29 34 41 42 43 44 45 50 51 52 57 62 70 75 80 92 106 
 17 1 3 5 7 13 14 16 23 41 42 44 51 70 106 107 108 109 
 17 1 3 5 7 13 15 17 24 41 43 45 52 70 106 107 108 109 
 9 1 3 13 41 106 107 108 109 110 
 79 1 2 3 4 5 8 9 10 11 12 13 14 15 17 18 19 20 21 22 24 25 26 27 28 29 34 35 36 37 38 39 40 41 42 43 45 46 47 48 49 50 52 53 54 55 56 57 62 63 64 65 66 67 68 71 72 73 74 75 81 82 83 84 85 86 87 92 93 94 95 96 97 98 99 106 107 108 109 110 
 68 1 2 3 4 5 8 9 10 11 12 13 14 17 18 19 20 21 24 25 26 27 28 34 35 36 37 38 39 41 42 45 46 47 48 49 52 53 54 55 56 62 63 64 65 66 67 71 72 73 74 75 81 82 83 84 85 86 92 93 94 95 96 97 98 106 107 108 109 
 72 1 2 3 4 5 8 9 10 11 12 13 14 15 17 18 19 20 21 24 25 26 27 28 34 35 36 37 38 39 40 41 42 43 45 46 47 48 49 52 53 54 55 56 62 63 64 65 66 67 68 71 72 73 74 75 81 82 83 84 85 86 92 93 94 95 96 97 98 106 107 108 109 
 46 1 2 4 5 8 9 10 11 13 14 17 18 19 20 24 25 26 27 34 35 37 41 42 45 46 47 48 52 53 54 55 62 63 65 71 72 73 74 81 82 84 92 93 94 96 106 
 77 1 2 3 4 5 8 9 10 11 12 13 14 15 17 18 19 20 21 22 24 25 26 27 28 29 34 35 36 37 38 39 40 41 42 43 45 46 47 48 49 50 52 53 54 55 56 57 62 63 64 65 66 67 68 71 72 73 74 75 81 82 83 84 85 86 87 92 93 94 95 96 97 98 106 107 108 110 
 49 1 2 3 4 5 8 9 10 11 13 14 17 18 19 20 24 25 26 27 34 35 36 38 41 42 45 46 47 48 52 53 54 55 62 63 64 66 71 72 73 74 81 82 84 92 93 94 96 106 
 56 1 2 3 4 5 8 9 10 11 13 14 15 17 18 19 20 21 24 25 26 27 28 34 35 36 38 41 42 43 45 46 47 48 49 52 53 54 55 56 62 63 64 66 71 72 73 74 81 82 83 85 92 93 94 96 106 
 24 1 2 4 8 9 13 14 17 19 24 26 34 41 42 45 47 52 54 62 71 72 81 92 105 
 71 1 2 3 4 5 8 9 10 12 13 14 15 17 18 19 20 21 22 24 25 26 27 28 29 34 35 36 37 38 39 40 41 42 43 45 46 47 48 49 50 52 53 54 55 56 57 62 63 64 65 66 67 68 71 72 73 75 81 82 83 84 85 86 87 93 95 97 99 107 109 110 
 48 1 2 3 4 5 8 9 10 12 13 14 17 18 19 21 24 25 26 28 34 35 36 38 41 42 45 46 47 49 52 53 54 56 62 63 64 66 71 72 73 75 81 83 85 93 95 97 107 
 55 1 2 3 4 5 8 9 10 12 13 14 15 17 18 19 20 21 24 25 26 27 28 34 35 37 39 41 42 43 45 46 47 48 49 52 53 54 55 56 62 63 65 67 71 72 73 75 81 82 83 85 93 95 97 107 
 29 1 2 4 5 8 10 13 14 17 18 19 24 25 26 34 41 42 45 46 47 52 53 54 62 71 73 81 93 105 
 53 1 2 3 4 5 8 9 10 12 13 14 15 17 18 19 20 22 24 25 26 27 29 35 37 39 41 42 43 45 46 47 48 50 52 53 54 55 57 63 65 67 71 72 73 75 81 82 84 86 93 95 97 107 
 32 1 2 3 4 5 8 9 10 13 14 17 18 19 24 25 26 35 41 42 45 46 47 52 53 54 63 71 72 73 81 93 105 
 32 1 2 3 4 5 8 9 10 13 15 17 18 20 24 25 27 35 41 43 45 46 48 52 53 55 63 71 72 73 82 93 104 
 14 1 2 4 8 13 17 24 41 45 52 71 104 105 110 
 61 1 2 3 4 5 8 9 11 12 13 14 15 17 18 20 21 22 24 25 27 28 29 35 36 37 39 40 41 42 43 45 46 48 49 50 52 53 55 56 57 63 64 65 67 68 71 72 74 75 82 83 84 86 87 94 95 98 99 108 109 110 
 46 1 2 3 4 5 8 9 11 12 13 14 17 18 20 21 24 25 27 28 35 36 39 41 42 45 46 48 49 52 53 55 56 63 64 67 71 72 74 75 82 83 86 94 95 98 108 
 50 1 2 3 4 5 8 9 11 12 13 14 15 17 18 20 21 24 25 27 28 35 36 37 40 41 42 43 45 46 48 49 52 53 55 56 63 64 65 68 71 72 74 75 82 83 86 94 95 98 108 
 29 1 2 4 5 8 11 13 14 17 18 20 24 25 27 35 41 42 45 46 48 52 53 55 63 71 74 82 94 104 
 53 1 2 3 4 5 8 9 11 12 13 14 15 17 18 20 21 22 24 25 27 28 29 36 37 40 41 42 43 45 46 48 49 50 52 53 55 56 57 64 65 68 71 72 74 75 82 83 84 87 94 95 98 108 
 32 1 2 3 4 5 8 9 11 13 14 17 18 20 24 25 27 36 41 42 45 46 48 52 53 55 64 71 72 74 82 94 104 
 34 1 2 3 4 5 8 9 11 13 14 15 17 18 21 24 25 28 36 41 42 43 45 46 49 52 53 56 64 71 72 74 83 94 103 
 17 1 2 4 8 13 14 17 24 41 42 45 52 71 103 104 105 110 
 41 1 2 3 4 5 8 9 12 13 14 15 18 21 22 25 28 29 36 37 40 41 42 43 46 49 50 53 56 57 64 65 68 71 72 75 83 84 87 95 99 109 
 28 1 2 3 4 5 8 9 12 13 14 18 21 25 28 36 41 42 46 49 53 56 64 71 72 75 83 95 103 
 30 1 2 3 4 5 8 9 12 13 14 15 18 21 25 28 37 41 42 43 46 49 53 56 65 71 72 75 83 95 103 
 18 1 2 4 5 8 13 14 18 25 41 42 46 53 71 103 104 105 110 
 27 1 3 4 5 9 12 13 14 15 18 22 25 29 37 41 42 43 46 50 53 57 65 72 75 84 95 102 
 19 1 3 4 5 9 13 14 18 25 41 42 46 53 72 102 103 104 105 109 
 18 1 3 4 5 9 13 15 18 25 41 43 46 53 72 102 103 104 109 
 10 1 4 13 41 102 103 104 105 109 110 
 53 1 2 3 4 5 9 10 11 12 13 14 15 19 20 21 22 26 27 28 29 37 38 39 40 41 42 43 47 48 49 50 54 55 56 57 65 66 67 68 72 73 74 75 84 85 86 87 96 97 98 99 109 110 
 42 1 2 3 4 5 9 10 11 12 13 14 19 20 21 26 27 28 37 38 39 41 42 47 48 49 54 55 56 65 66 67 72 73 74 75 84 85 86 96 97 98 109 
 46 1 2 3 4 5 9 10 11 12 13 14 15 19 20 21 26 27 28 37 38 39 40 41 42 43 47 48 49 54 55 56 65 66 67 68 72 73 74 75 84 85 86 96 97 98 109 
 27 1 2 4 5 9 10 11 13 14 19 20 26 27 37 41 42 47 48 54 55 65 72 73 74 84 96 102 
 49 1 2 3 4 5 9 10 11 12 13 14 15 19 20 21 22 26 27 28 29 38 39 40 41 42 43 47 48 49 50 54 55 56 57 66 67 68 72 73 74 75 84 85 86 87 96 97 98 110 
 28 1 2 3 4 5 9 10 11 13 14 19 20 26 27 38 41 42 47 48 54 55 66 72 73 74 84 96 102 
 34 1 2 3 4 5 9 10 11 13 14 15 19 20 21 26 27 28 38 41 42 43 47 48 49 54 55 56 66 72 73 74 85 96 101 
 17 1 2 4 9 13 14 19 26 41 42 47 54 72 101 102 105 109 
 43 1 2 3 4 5 10 12 13 14 15 19 20 21 22 26 27 28 29 38 39 40 41 42 43 47 48 49 50 54 55 56 57 66 67 68 73 75 85 86 87 97 99 110 
 26 1 2 3 4 5 10 12 13 14 19 21 26 28 38 41 42 47 49 54 56 66 73 75 85 97 101 
 32 1 2 3 4 5 10 12 13 14 15 19 20 21 26 27 28 39 41 42 43 47 48 49 54 55 56 67 73 75 85 97 101 
 18 1 2 4 5 10 13 14 19 26 41 42 47 54 73 101 102 105 108 
 32 1 2 3 4 5 10 12 13 14 15 19 20 22 26 27 29 39 41 42 43 47 48 50 54 55 57 67 73 75 86 97 100 
 20 1 2 3 4 5 10 13 14 19 26 41 42 47 54 73 100 101 102 105 108 
 19 1 2 3 4 5 10 13 15 20 27 41 43 48 55 73 100 101 104 108 
 13 1 2 4 13 41 100 101 102 104 105 108 109 110 
 34 1 2 3 4 5 11 12 14 15 20 21 22 27 28 29 39 40 42 43 48 49 50 55 56 57 67 68 74 75 86 87 98 99 110 
 24 1 2 3 4 5 11 12 14 20 21 27 28 39 42 48 49 55 56 67 74 75 86 98 100 
 26 1 2 3 4 5 11 12 14 15 20 21 27 28 40 42 43 48 49 55 56 68 74 75 86 98 100 
 16 1 2 4 5 11 14 20 27 42 48 55 74 100 102 104 107 
 30 1 2 3 4 5 11 12 14 15 20 21 22 27 28 29 40 42 43 48 49 50 55 56 57 68 74 75 87 98 99 
 18 1 2 3 4 5 11 14 20 27 42 48 55 74 99 100 102 104 107 
 20 1 2 3 4 5 11 14 15 21 28 42 43 49 56 74 99 100 101 103 107 
 15 1 2 4 14 42 99 100 101 102 103 104 105 107 109 110 
 22 1 2 3 5 12 14 15 21 22 28 29 40 42 43 49 50 56 57 68 75 87 99 
 17 1 2 3 5 12 14 21 28 42 49 56 75 99 100 101 103 106 
 19 1 2 3 5 12 14 15 21 28 42 43 49 56 75 99 100 101 103 106 
 16 1 2 5 14 42 99 100 101 102 103 104 105 106 107 108 110 
 17 1 3 5 12 14 15 22 29 42 43 50 57 75 99 100 102 106 
 16 1 3 5 14 42 99 100 101 102 103 104 105 106 107 108 109 
 15 1 3 5 15 43 99 100 101 102 103 104 106 107 108 109 
 13 1 99 100 101 102 103 104 105 106 107 108 109 110 
 74 1 2 3 6 7 8 9 10 11 12 15 16 17 18 19 20 21 22 29 30 31 32 33 34 35 36 37 38 39 40 43 44 45 46 47 48 49 50 57 58 59 60 61 62 63 64 65 66 67 68 76 77 78 79 80 81 82 83 84 85 86 87 99 100 101 102 103 104 105 106 107 108 109 110 
 67 1 2 3 6 7 8 9 10 11 12 15 16 17 18 19 20 21 29 30 31 32 33 34 35 36 37 38 39 43 44 45 46 47 48 49 57 58 59 60 61 62 63 64 65 66 67 76 77 78 79 80 81 82 83 84 85 86 99 100 101 102 103 104 106 107 108 109 
 70 1 2 3 6 7 8 9 10 11 12 15 16 17 18 19 20 21 29 30 31 32 33 34 35 36 37 38 39 40 43 44 45 46 47 48 49 57 58 59 60 61 62 63 64 65 66 67 68 76 77 78 79 80 81 82 83 84 85 86 99 100 101 102 103 104 105 106 107 108 109 
 45 1 2 6 7 8 9 10 11 15 16 17 18 19 20 29 30 31 32 34 35 37 43 44 45 46 47 48 57 58 59 60 62 63 65 76 77 78 79 81 82 84 99 100 102 106 
 73 1 2 3 6 7 8 9 10 11 12 15 16 17 18 19 20 21 22 29 30 31 32 33 34 35 36 37 38 39 40 43 44 45 46 47 48 49 50 57 58 59 60 61 62 63 64 65 66 67 68 76 77 78 79 80 81 82 83 84 85 86 87 99 100 101 102 103 104 105 106 107 108 110 
 49 1 2 3 6 7 8 9 10 11 15 16 17 18 19 20 29 30 31 32 34 35 36 38 43 44 45 46 47 48 57 58 59 60 62 63 64 66 76 77 78 79 81 82 84 99 100 101 103 106 
 54 1 2 3 6 7 8 9 10 11 15 16 17 18 19 20 21 29 30 31 32 33 34 35 36 38 43 44 45 46 47 48 49 57 58 59 60 61 62 63 64 66 76 77 78 79 81 82 83 85 99 100 101 103 106 
 23 1 2 6 8 9 15 16 17 19 29 31 34 43 44 45 47 57 59 62 76 77 81 99 
 70 1 2 3 6 7 8 9 10 12 15 16 17 18 19 20 21 22 29 30 31 32 33 34 35 36 37 38 39 40 43 44 45 46 47 48 49 50 57 58 59 60 61 62 63 64 65 66 67 68 76 77 78 80 81 82 83 84 85 86 87 99 100 101 102 103 104 105 107 109 110 
 49 1 2 3 6 7 8 9 10 12 15 16 17 18 19 21 29 30 31 33 34 35 36 38 43 44 45 46 47 49 57 58 59 61 62 63 64 66 76 77 78 80 81 83 85 99 100 101 103 107 
 54 1 2 3 6 7 8 9 10 12 15 16 17 18 19 20 21 29 30 31 32 33 34 35 37 39 43 44 45 46 47 48 49 57 58 59 60 61 62 63 65 67 76 77 78 80 81 82 83 85 99 100 102 104 107 
 29 1 2 6 7 8 10 15 16 17 18 19 29 30 31 34 43 44 45 46 47 57 58 59 62 76 78 81 98 99 
 51 1 2 3 6 7 8 9 10 12 15 16 17 18 19 20 22 29 30 31 32 34 35 37 39 43 44 45 46 47 48 50 57 58 59 60 62 63 65 67 76 77 78 80 81 82 84 86 100 102 104 107 
 32 1 2 3 6 7 8 9 10 15 16 17 18 19 29 30 31 35 43 44 45 46 47 57 58 59 63 76 77 78 81 98 100 
 30 1 2 3 6 7 8 9 10 15 17 18 20 29 30 32 35 43 45 46 48 57 58 60 63 76 77 78 82 98 100 
 14 1 2 6 8 15 17 29 43 45 57 76 98 99 110 
 60 1 2 3 6 7 8 9 11 12 15 16 17 18 20 21 22 29 30 32 33 34 35 36 37 39 40 43 44 45 46 48 49 50 57 58 60 61 62 63 64 65 67 68 76 77 79 80 82 83 84 86 87 100 101 102 104 105 108 109 110 
 46 1 2 3 6 7 8 9 11 12 15 16 17 18 20 21 29 30 32 33 35 36 39 43 44 45 46 48 49 57 58 60 61 63 64 67 76 77 79 80 82 83 86 100 101 104 108 
 49 1 2 3 6 7 8 9 11 12 15 16 17 18 20 21 29 30 32 33 35 36 37 40 43 44 45 46 48 49 57 58 60 61 63 64 65 68 76 77 79 80 82 83 86 100 101 102 105 108 
 29 1 2 6 7 8 11 15 16 17 18 20 29 30 32 35 43 44 45 46 48 57 58 60 63 76 79 82 97 100 
 51 1 2 3 6 7 8 9 11 12 15 16 17 18 20 21 22 29 30 32 33 34 36 37 40 43 44 45 46 48 49 50 57 58 60 61 62 64 65 68 76 77 79 80 82 83 84 87 101 102 105 108 
 32 1 2 3 6 7 8 9 11 15 16 17 18 20 29 30 32 36 43 44 45 46 48 57 58 60 64 76 77 79 82 97 101 
 32 1 2 3 6 7 8 9 11 15 16 17 18 21 29 30 33 36 43 44 45 46 49 57 58 61 64 76 77 79 83 97 101 
 16 1 2 6 8 15 16 17 29 43 44 45 57 76 97 99 110 
 42 1 2 3 6 7 8 9 12 15 16 17 18 21 22 30 33 34 36 37 40 43 44 45 46 49 50 58 61 62 64 65 68 76 77 80 83 84 87 101 102 105 109 
 28 1 2 3 6 7 8 9 12 15 16 18 21 30 33 36 43 44 46 49 58 61 64 76 77 80 83 96 101 
 30 1 2 3 6 7 8 9 12 15 16 17 18 21 30 33 37 43 44 45 46 49 58 61 65 76 77 80 83 96 102 
 18 1 2 6 7 8 15 16 18 30 43 44 46 58 76 96 97 98 110 
 27 1 3 6 7 9 12 15 16 17 18 22 30 34 37 43 44 45 46 50 58 62 65 77 80 84 96 102 
 18 1 3 6 7 9 15 16 18 30 43 44 46 58 77 96 97 98 109 
 18 1 3 6 7 9 15 17 18 30 43 45 46 58 77 96 97 98 109 
 10 1 6 15 43 96 97 98 99 109 110 
 53 1 2 3 6 7 9 10 11 12 15 16 17 19 20 21 22 31 32 33 34 37 38 39 40 43 44 45 47 48 49 50 59 60 61 62 65 66 67 68 77 78 79 80 84 85 86 87 102 103 104 105 109 110 
 42 1 2 3 6 7 9 10 11 12 15 16 19 20 21 31 32 33 37 38 39 43 44 47 48 49 59 60 61 65 66 67 77 78 79 80 84 85 86 102 103 104 109 
 47 1 2 3 6 7 9 10 11 12 15 16 17 19 20 21 31 32 33 37 38 39 40 43 44 45 47 48 49 59 60 61 65 66 67 68 77 78 79 80 84 85 86 102 103 104 105 109 
 27 1 2 6 7 9 10 11 15 16 19 20 31 32 37 43 44 47 48 59 60 65 77 78 79 84 95 102 
 49 1 2 3 6 7 9 10 11 12 15 16 17 19 20 21 22 31 32 33 34 38 39 40 43 44 45 47 48 49 50 59 60 61 62 66 67 68 77 78 79 80 84 85 86 87 103 104 105 110 
 28 1 2 3 6 7 9 10 11 15 16 19 20 31 32 38 43 44 47 48 59 60 66 77 78 79 84 95 103 
 34 1 2 3 6 7 9 10 11 15 16 17 19 20 21 31 32 33 38 43 44 45 47 48 49 59 60 61 66 77 78 79 85 95 103 
 16 1 2 6 9 15 16 19 31 43 44 47 59 77 95 99 109 
 44 1 2 3 6 7 10 12 15 16 17 19 20 21 22 31 32 33 34 38 39 40 43 44 45 47 48 49 50 59 60 61 62 66 67 68 78 80 85 86 87 103 104 105 110 
 26 1 2 3 6 7 10 12 15 16 19 21 31 33 38 43 44 47 49 59 61 66 78 80 85 94 103 
 32 1 2 3 6 7 10 12 15 16 17 19 20 21 31 32 33 39 43 44 45 47 48 49 59 60 61 67 78 80 85 94 104 
 18 1 2 6 7 10 15 16 19 31 43 44 47 59 78 94 95 98 108 
 32 1 2 3 6 7 10 12 15 16 17 19 20 22 31 32 34 39 43 44 45 47 48 50 59 60 62 67 78 80 86 94 104 
 19 1 2 3 6 7 10 15 16 19 31 43 44 47 59 78 94 95 98 108 
 19 1 2 3 6 7 10 15 17 20 32 43 45 48 60 78 94 95 98 108 
 12 1 2 6 15 43 94 95 98 99 108 109 110 
 34 1 2 3 6 7 11 12 16 17 20 21 22 32 33 34 39 40 44 45 48 49 50 60 61 62 67 68 79 80 86 87 104 105 110 
 24 1 2 3 6 7 11 12 16 20 21 32 33 39 44 48 49 60 61 67 79 80 86 93 104 
 26 1 2 3 6 7 11 12 16 17 20 21 32 33 40 44 45 48 49 60 61 68 79 80 86 93 105 
 16 1 2 6 7 11 16 20 32 44 48 60 79 93 95 97 107 
 30 1 2 3 6 7 11 12 16 17 20 21 22 32 33 34 40 44 45 48 49 50 60 61 62 68 79 80 87 93 105 
 17 1 2 3 6 7 11 16 20 32 44 48 60 79 93 95 97 107 
 19 1 2 3 6 7 11 16 17 21 33 44 45 49 61 79 93 95 97 107 
 12 1 2 6 16 44 93 95 97 99 107 109 110 
 23 1 2 3 7 12 16 17 21 22 33 34 40 44 45 49 50 61 62 68 80 87 92 105 
 17 1 2 3 7 12 16 21 33 44 49 61 80 92 93 94 96 106 
 19 1 2 3 7 12 16 17 21 33 44 45 49 61 80 92 93 94 96 106 
 16 1 2 7 16 44 92 93 94 95 96 97 98 106 107 108 110 
 18 1 3 7 12 16 17 22 34 44 45 50 62 80 92 93 94 96 106 
 16 1 3 7 16 44 92 93 94 95 96 97 98 106 107 108 109 
 16 1 3 7 17 45 92 93 94 95 96 97 98 106 107 108 109 
 14 1 92 93 94 95 96 97 98 99 106 107 108 109 110 
 46 1 2 3 8 9 10 11 12 17 18 19 20 21 22 34 35 36 37 38 39 40 45 46 47 48 49 50 62 63 64 65 66 67 68 81 82 83 84 85 86 87 106 107 108 109 110 
 40 1 2 3 8 9 10 11 12 17 18 19 20 21 34 35 36 37 38 39 45 46 47 48 49 62 63 64 65 66 67 81 82 83 84 85 86 106 107 108 109 
 42 1 2 3 8 9 10 11 12 17 18 19 20 21 34 35 36 37 38 39 40 45 46 47 48 49 62 63 64 65 66 67 68 81 82 83 84 85 86 106 107 108 109 
 25 1 2 8 9 10 11 17 18 19 20 34 35 37 45 46 47 48 62 63 65 81 82 84 92 106 
 45 1 2 3 8 9 10 11 12 17 18 19 20 21 22 34 35 36 37 38 39 40 45 46 47 48 49 50 62 63 64 65 66 67 68 81 82 83 84 85 86 87 106 107 108 110 
 28 1 2 3 8 9 10 11 17 18 19 20 34 35 36 38 45 46 47 48 62 63 64 66 81 82 84 92 106 
 31 1 2 3 8 9 10 11 17 18 19 20 21 34 35 36 38 45 46 47 48 49 62 63 64 66 81 82 83 85 91 106 
 15 1 2 8 9 17 19 34 45 47 62 81 91 92 99 105 
 43 1 2 3 8 9 10 12 17 18 19 20 21 22 34 35 36 37 38 39 40 45 46 47 48 49 50 62 63 64 65 66 67 68 81 82 83 84 85 86 87 107 109 110 
 28 1 2 3 8 9 10 12 17 18 19 21 34 35 36 38 45 46 47 49 62 63 64 66 81 83 85 91 107 
 31 1 2 3 8 9 10 12 17 18 19 20 21 34 35 37 39 45 46 47 48 49 62 63 65 67 81 82 83 85 91 107 
 17 1 2 8 10 17 18 19 34 45 46 47 62 81 91 92 98 105 
 29 1 2 3 8 9 10 12 17 18 19 20 22 35 37 39 45 46 47 48 50 63 65 67 81 82 84 86 90 107 
 20 1 2 3 8 9 10 17 18 19 35 45 46 47 63 81 90 91 92 98 105 
 19 1 2 3 8 9 10 17 18 20 35 45 46 48 63 82 90 91 98 104 
 13 1 2 8 17 45 90 91 92 98 99 104 105 110 
 35 1 2 3 8 9 11 12 17 18 20 21 22 35 36 37 39 40 45 46 48 49 50 63 64 65 67 68 82 83 84 86 87 108 109 110 
 26 1 2 3 8 9 11 12 17 18 20 21 35 36 39 45 46 48 49 63 64 67 82 83 86 90 108 
 28 1 2 3 8 9 11 12 17 18 20 21 35 36 37 40 45 46 48 49 63 64 65 68 82 83 86 90 108 
 17 1 2 8 11 17 18 20 35 45 46 48 63 82 90 92 97 104 
 29 1 2 3 8 9 11 12 17 18 20 21 22 36 37 40 45 46 48 49 50 64 65 68 82 83 84 87 89 108 
 20 1 2 3 8 9 11 17 18 20 36 45 46 48 64 82 89 90 92 97 104 
 20 1 2 3 8 9 11 17 18 21 36 45 46 49 64 83 89 90 91 97 103 
 15 1 2 8 17 45 89 90 91 92 97 99 103 104 105 110 
 23 1 2 3 8 9 12 18 21 22 36 37 40 46 49 50 64 65 68 83 84 87 89 109 
 18 1 2 3 8 9 12 18 21 36 46 49 64 83 89 90 91 96 103 
 18 1 2 3 8 9 12 18 21 37 46 49 65 83 89 90 91 96 103 
 16 1 2 8 18 46 89 90 91 92 96 97 98 103 104 105 110 
 15 1 3 9 12 18 22 37 46 50 65 84 89 90 96 102 
 17 1 3 9 18 46 89 90 91 92 96 97 98 102 103 104 105 109 
 15 1 3 9 18 46 89 90 91 96 97 98 102 103 104 109 
 15 1 89 90 91 92 96 97 98 99 102 103 104 105 109 110 
 28 2 3 9 10 11 12 19 20 21 22 37 38 39 40 47 48 49 50 65 66 67 68 84 85 86 87 109 110 
 23 2 3 9 10 11 12 19 20 21 37 38 39 47 48 49 65 66 67 84 85 86 89 109 
 25 2 3 9 10 11 12 19 20 21 37 38 39 40 47 48 49 65 66 67 68 84 85 86 88 109 
 16 2 9 10 11 19 20 37 47 48 65 84 88 89 92 95 102 
 26 2 3 9 10 11 12 19 20 21 22 38 39 40 47 48 49 50 66 67 68 84 85 86 87 88 110 
 17 2 3 9 10 11 19 20 38 47 48 66 84 88 89 92 95 102 
 18 2 3 9 10 11 19 20 21 38 47 48 49 66 85 88 91 95 101 
 14 2 9 19 47 88 89 91 92 95 99 101 102 105 109 
 23 2 3 10 12 19 20 21 22 38 39 40 47 48 49 50 66 67 68 85 86 87 88 110 
 16 2 3 10 12 19 21 38 47 49 66 85 88 89 91 94 101 
 17 2 3 10 12 19 20 21 39 47 48 49 67 85 88 91 94 101 
 15 2 10 19 47 88 89 91 92 94 95 98 101 102 105 108 
 17 2 3 10 12 19 20 22 39 47 48 50 67 86 88 90 94 100 
 18 2 3 10 19 47 88 89 90 91 92 94 95 98 100 101 102 105 108 
 15 2 3 10 20 48 88 90 91 94 95 98 100 101 104 108 
 18 2 88 89 90 91 92 94 95 98 99 100 101 102 104 105 108 109 110 
 17 2 3 11 12 20 21 22 39 40 48 49 50 67 68 86 87 110 
 16 2 3 11 12 20 21 39 48 49 67 86 87 89 90 93 100 
 16 2 3 11 12 20 21 40 48 49 68 86 87 88 90 93 100 
 16 2 11 20 48 87 88 89 90 92 93 95 97 100 102 104 107 
 17 2 3 11 12 20 21 22 40 48 49 50 68 87 88 89 93 99 
 18 2 3 11 20 48 87 88 89 90 92 93 95 97 99 100 102 104 107 
 18 2 3 11 21 49 87 88 89 90 91 93 95 97 99 100 101 103 107 
 20 2 87 88 89 90 91 92 93 95 97 99 100 101 102 103 104 105 107 109 110 
 14 2 3 12 21 22 40 49 50 68 87 88 89 92 99 
 19 2 3 12 21 49 87 88 89 90 91 92 93 94 96 99 100 101 103 106 
 19 2 3 12 21 49 87 88 89 90 91 92 93 94 96 99 100 101 103 106 
 24 2 87 88 89 90 91 92 93 94 95 96 97 98 99 100 101 102 103 104 105 106 107 108 110 
 16 3 12 22 50 87 88 89 90 92 93 94 96 99 100 102 106 
 24 3 87 88 89 90 91 92 93 94 95 96 97 98 99 100 101 102 103 104 105 106 107 108 109 
 23 3 87 88 89 90 91 92 93 94 95 96 97 98 99 100 101 102 103 104 106 107 108 109 
 24 87 88 89 90 91 92 93 94 95 96 97 98 99 100 101 102 103 104 105 106 107 108 109 110 
 72 3 4 5 6 7 8 9 10 11 12 22 23 24 25 26 27 28 29 30 31 32 33 34 35 36 37 38 39 40 50 51 52 53 54 55 56 57 58 59 60 61 62 63 64 65 66 67 68 87 88 89 90 91 92 93 94 95 96 97 98 99 100 101 102 103 104 105 106 107 108 109 110 
 68 3 4 5 6 7 8 9 10 11 12 22 23 24 25 26 27 28 29 30 31 32 33 34 35 36 37 38 39 50 51 52 53 54 55 56 57 58 59 60 61 62 63 64 65 66 67 87 88 89 90 91 92 93 94 95 96 97 98 99 100 101 102 103 104 106 107 108 109 
 71 3 4 5 6 7 8 9 10 11 12 22 23 24 25 26 27 28 29 30 31 32 33 34 35 36 37 38 39 40 50 51 52 53 54 55 56 57 58 59 60 61 62 63 64 65 66 67 68 87 88 89 90 91 92 93 94 95 96 97 98 99 100 101 102 103 104 105 106 107 108 109 
 47 3 4 5 6 7 8 9 10 11 22 23 24 25 26 27 29 30 31 32 34 35 37 50 51 52 53 54 55 57 58 59 60 62 63 65 87 88 89 90 92 93 94 96 99 100 102 106 
 71 3 4 5 6 7 8 9 10 11 12 22 23 24 25 26 27 28 29 30 31 32 33 34 35 36 37 38 39 40 50 51 52 53 54 55 56 57 58 59 60 61 62 63 64 65 66 67 68 87 88 89 90 91 92 93 94 95 96 97 98 99 100 101 102 103 104 105 106 107 108 110 
 51 3 4 5 6 7 8 9 10 11 22 23 24 25 26 27 29 30 31 32 34 35 36 38 50 51 52 53 54 55 57 58 59 60 62 63 64 66 87 88 89 90 91 92 93 94 96 99 100 101 103 106 
 55 3 4 5 6 7 8 9 10 11 22 23 24 25 26 27 28 29 30 31 32 33 34 35 36 38 50 51 52 53 54 55 56 57 58 59 60 61 62 63 64 66 87 88 89 90 91 92 93 94 96 99 100 101 103 106 
 24 3 4 6 8 9 22 23 24 26 29 31 34 50 51 52 54 57 59 62 87 88 89 92 99 
 66 3 4 5 6 7 8 9 10 12 22 23 24 25 26 27 28 29 30 31 32 33 34 35 36 37 38 39 40 50 51 52 53 54 55 56 57 58 59 60 61 62 63 64 65 66 67 68 87 88 89 90 91 92 93 95 97 99 100 101 102 103 104 105 107 109 110 
 50 3 4 5 6 7 8 9 10 12 22 23 24 25 26 28 29 30 31 33 34 35 36 38 50 51 52 53 54 56 57 58 59 61 62 63 64 66 87 88 89 90 91 93 95 97 99 100 101 103 107 
 54 3 4 5 6 7 8 9 10 12 22 23 24 25 26 27 28 29 30 31 32 33 34 35 37 39 50 51 52 53 54 55 56 57 58 59 60 61 62 63 65 67 87 88 89 90 92 93 95 97 99 100 102 104 107 
 30 3 4 5 6 7 8 10 22 23 24 25 26 29 30 31 34 50 51 52 53 54 57 58 59 62 87 88 89 93 99 
 49 3 4 5 6 7 8 9 10 12 22 23 24 25 26 27 29 30 31 32 34 35 37 39 50 51 52 53 54 55 57 58 59 60 62 63 65 67 87 88 89 90 92 93 95 97 100 102 104 107 
 32 3 4 5 6 7 8 9 10 22 23 24 25 26 29 30 31 35 50 51 52 53 54 57 58 59 63 86 87 88 90 93 100 
 30 3 4 5 6 7 8 9 10 22 24 25 27 29 30 32 35 50 52 53 55 57 58 60 63 86 87 89 90 93 100 
 13 3 4 6 8 22 24 29 50 52 57 86 87 110 
 58 3 4 5 6 7 8 9 11 12 22 23 24 25 27 28 29 30 32 33 34 35 36 37 39 40 50 51 52 53 55 56 57 58 60 61 62 63 64 65 67 68 88 89 90 91 92 94 95 98 99 100 101 102 104 105 108 109 110 
 45 3 4 5 6 7 8 9 11 12 22 23 24 25 27 28 29 30 32 33 35 36 39 50 51 52 53 55 56 57 58 60 61 63 64 67 88 90 91 94 95 98 100 101 104 108 
 50 3 4 5 6 7 8 9 11 12 22 23 24 25 27 28 29 30 32 33 35 36 37 40 50 51 52 53 55 56 57 58 60 61 63 64 65 68 88 89 90 91 92 94 95 98 100 101 102 105 108 
 30 3 4 5 6 7 8 11 22 23 24 25 27 29 30 32 35 50 51 52 53 55 57 58 60 63 86 88 90 94 100 
 48 3 4 5 6 7 8 9 11 12 22 23 24 25 27 28 29 30 32 33 34 36 37 40 50 51 52 53 55 56 57 58 60 61 62 64 65 68 88 89 91 92 94 95 98 101 102 105 108 
 31 3 4 5 6 7 8 9 11 22 23 24 25 27 29 30 32 36 50 51 52 53 55 57 58 60 64 85 88 91 94 101 
 32 3 4 5 6 7 8 9 11 22 23 24 25 28 29 30 33 36 50 51 52 53 56 57 58 61 64 85 88 89 91 94 101 
 17 3 4 6 8 22 23 24 29 50 51 52 57 85 86 87 88 110 
 42 3 4 5 6 7 8 9 12 22 23 24 25 28 29 30 33 34 36 37 40 50 51 52 53 56 57 58 61 62 64 65 68 88 89 91 92 95 99 101 102 105 109 
 27 3 4 5 6 7 8 9 12 22 23 25 28 30 33 36 50 51 53 56 58 61 64 85 88 91 95 101 
 30 3 4 5 6 7 8 9 12 22 23 24 25 28 30 33 37 50 51 52 53 56 58 61 65 84 88 89 92 95 102 
 20 3 4 5 6 7 8 22 23 25 30 50 51 53 58 84 85 86 87 88 110 
 29 3 4 5 6 7 9 12 22 23 24 25 29 30 34 37 50 51 52 53 57 58 62 65 84 88 89 92 95 102 
 19 3 4 5 6 7 9 22 23 25 30 50 51 53 58 84 85 86 88 109 
 19 3 4 5 6 7 9 22 24 25 30 50 52 53 58 84 85 86 89 109 
 11 3 4 6 22 50 84 85 86 87 109 110 
 53 3 4 5 6 7 9 10 11 12 22 23 24 26 27 28 29 31 32 33 34 37 38 39 40 50 51 52 54 55 56 57 59 60 61 62 65 66 67 68 89 90 91 92 96 97 98 99 102 103 104 105 109 110 
 41 3 4 5 6 7 9 10 11 12 22 23 26 27 28 31 32 33 37 38 39 50 51 54 55 56 59 60 61 65 66 67 89 90 91 96 97 98 102 103 104 109 
 47 3 4 5 6 7 9 10 11 12 22 23 24 26 27 28 31 32 33 37 38 39 40 50 51 52 54 55 56 59 60 61 65 66 67 68 89 90 91 92 96 97 98 102 103 104 105 109 
 27 3 4 5 6 7 9 10 11 22 23 26 27 31 32 37 50 51 54 55 59 60 65 84 89 90 96 102 
 48 3 4 5 6 7 9 10 11 12 22 23 24 26 27 28 29 31 32 33 34 38 39 40 50 51 52 54 55 56 57 59 60 61 62 66 67 68 89 90 91 92 96 97 98 103 104 105 110 
 28 3 4 5 6 7 9 10 11 22 23 26 27 31 32 38 50 51 54 55 59 60 66 83 89 90 91 96 103 
 34 3 4 5 6 7 9 10 11 22 23 24 26 27 28 31 32 33 38 50 51 52 54 55 56 59 60 61 66 83 89 90 91 96 103 
 17 3 4 6 9 22 23 26 31 50 51 54 59 83 84 87 89 109 
 45 3 4 5 6 7 10 12 22 23 24 26 27 28 29 31 32 33 34 38 39 40 50 51 52 54 55 56 57 59 60 61 62 66 67 68 89 90 91 92 97 99 103 104 105 110 
 27 3 4 5 6 7 10 12 22 23 26 28 31 33 38 50 51 54 56 59 61 66 83 89 90 91 97 103 
 33 3 4 5 6 7 10 12 22 23 24 26 27 28 31 32 33 39 50 51 52 54 55 56 59 60 61 67 82 89 90 92 97 104 
 20 3 4 5 6 7 10 22 23 26 31 50 51 54 59 82 83 84 87 89 108 
 32 3 4 5 6 7 10 12 22 23 24 26 27 29 31 32 34 39 50 51 52 54 55 57 59 60 62 67 82 90 92 97 104 
 19 3 4 5 6 7 10 22 23 26 31 50 51 54 59 82 83 86 90 108 
 19 3 4 5 6 7 10 22 24 27 32 50 52 55 60 82 83 86 90 108 
 13 3 4 6 22 50 82 83 84 86 87 108 109 110 
 35 3 4 5 6 7 11 12 23 24 27 28 29 32 33 34 39 40 51 52 55 56 57 60 61 62 67 68 90 91 92 98 99 104 105 110 
 24 3 4 5 6 7 11 12 23 27 28 32 33 39 51 55 56 60 61 67 82 90 91 98 104 
 27 3 4 5 6 7 11 12 23 24 27 28 32 33 40 51 52 55 56 60 61 68 81 90 91 92 98 105 
 18 3 4 5 6 7 11 23 27 32 51 55 60 81 82 84 86 90 107 
 30 3 4 5 6 7 11 12 23 24 27 28 29 32 33 34 40 51 52 55 56 57 60 61 62 68 81 91 92 98 105 
 18 3 4 5 6 7 11 23 27 32 51 55 60 81 82 83 85 91 107 
 19 3 4 5 6 7 11 23 24 28 33 51 52 56 61 81 83 85 91 107 
 15 3 4 6 23 51 81 82 83 84 85 86 87 107 109 110 
 23 3 5 7 12 23 24 28 29 33 34 40 51 52 56 57 61 62 68 81 91 92 99 105 
 16 3 5 7 12 23 28 33 51 56 61 81 82 83 85 91 106 
 17 3 5 7 12 23 24 28 33 51 52 56 61 81 82 84 92 106 
 16 3 5 7 23 51 81 82 83 84 85 86 87 106 107 108 110 
 17 3 5 7 12 23 24 29 34 51 52 57 62 81 82 84 92 106 
 15 3 5 7 23 51 81 82 83 84 85 86 106 107 108 109 
 15 3 5 7 24 52 81 82 83 84 85 86 106 107 108 109 
 13 3 81 82 83 84 85 86 87 106 107 108 109 110 
 46 4 5 8 9 10 11 12 24 25 26 27 28 29 34 35 36 37 38 39 40 52 53 54 55 56 57 62 63 64 65 66 67 68 92 93 94 95 96 97 98 99 106 107 108 109 110 
 40 4 5 8 9 10 11 12 24 25 26 27 28 34 35 36 37 38 39 52 53 54 55 56 62 63 64 65 66 67 92 93 94 95 96 97 98 106 107 108 109 
 42 4 5 8 9 10 11 12 24 25 26 27 28 34 35 36 37 38 39 40 52 53 54 55 56 62 63 64 65 66 67 68 92 93 94 95 96 97 98 106 107 108 109 
 26 4 5 8 9 10 11 24 25 26 27 34 35 37 52 53 54 55 62 63 65 80 92 93 94 96 106 
 44 4 5 8 9 10 11 12 24 25 26 27 28 29 34 35 36 37 38 39 40 52 53 54 55 56 57 62 63 64 65 66 67 68 92 93 94 95 96 97 98 106 107 108 110 
 28 4 5 8 9 10 11 24 25 26 27 34 35 36 38 52 53 54 55 62 63 64 66 80 92 93 94 96 106 
 30 4 5 8 9 10 11 24 25 26 27 28 34 35 36 38 52 53 54 55 56 62 63 64 66 80 92 93 94 96 106 
 13 4 8 9 24 26 34 52 54 62 80 87 92 105 
 39 4 5 8 9 10 12 24 25 26 27 28 29 34 35 36 37 38 39 40 52 53 54 55 56 57 62 63 64 65 66 67 68 93 95 97 99 107 109 110 
 27 4 5 8 9 10 12 24 25 26 28 34 35 36 38 52 53 54 56 62 63 64 66 79 93 95 97 107 
 29 4 5 8 9 10 12 24 25 26 27 28 34 35 37 39 52 53 54 55 56 62 63 65 67 79 93 95 97 107 
 17 4 5 8 10 24 25 26 34 52 53 54 62 79 80 87 93 105 
 27 4 5 8 9 10 12 24 25 26 27 29 35 37 39 52 53 54 55 57 63 65 67 79 93 95 97 107 
 18 4 5 8 9 10 24 25 26 35 52 53 54 63 79 80 86 93 105 
 18 4 5 8 9 10 24 25 27 35 52 53 55 63 79 80 86 93 104 
 11 4 8 24 52 79 80 86 87 104 105 110 
 33 4 5 8 9 11 12 24 25 27 28 29 35 36 37 39 40 52 53 55 56 57 63 64 65 67 68 94 95 98 99 108 109 110 
 25 4 5 8 9 11 12 24 25 27 28 35 36 39 52 53 55 56 63 64 67 78 94 95 98 108 
 27 4 5 8 9 11 12 24 25 27 28 35 36 37 40 52 53 55 56 63 64 65 68 78 94 95 98 108 
 17 4 5 8 11 24 25 27 35 52 53 55 63 78 80 86 94 104 
 27 4 5 8 9 11 12 24 25 27 28 29 36 37 40 52 53 55 56 57 64 65 68 78 94 95 98 108 
 18 4 5 8 9 11 24 25 27 36 52 53 55 64 78 80 85 94 104 
 18 4 5 8 9 11 24 25 28 36 52 53 56 64 78 80 85 94 103 
 13 4 8 24 52 78 80 85 86 87 103 104 105 110 
 21 4 5 8 9 12 25 28 29 36 37 40 53 56 57 64 65 68 77 95 99 109 
 17 4 5 8 9 12 25 28 36 53 56 64 77 78 79 85 95 103 
 17 4 5 8 9 12 25 28 37 53 56 65 77 78 79 84 95 103 
 17 4 5 8 25 53 77 78 79 80 84 85 86 87 103 104 105 110 
 16 4 5 9 12 25 29 37 53 57 65 77 78 79 84 95 102 
 17 4 5 9 25 53 77 78 79 80 84 85 86 102 103 104 105 109 
 16 4 5 9 25 53 77 78 79 80 84 85 86 102 103 104 109 
 15 4 77 78 79 80 84 85 86 87 102 103 104 105 109 110 
 28 4 5 9 10 11 12 26 27 28 29 37 38 39 40 54 55 56 57 65 66 67 68 96 97 98 99 109 110 
 23 4 5 9 10 11 12 26 27 28 37 38 39 54 55 56 65 66 67 77 96 97 98 109 
 25 4 5 9 10 11 12 26 27 28 37 38 39 40 54 55 56 65 66 67 68 77 96 97 98 109 
 16 4 5 9 10 11 26 27 37 54 55 65 77 80 84 96 102 
 25 4 5 9 10 11 12 26 27 28 29 38 39 40 54 55 56 57 66 67 68 76 96 97 98 110 
 17 4 5 9 10 11 26 27 38 54 55 66 76 77 80 83 96 102 
 19 4 5 9 10 11 26 27 28 38 54 55 56 66 76 77 80 83 96 101 
 14 4 9 26 54 76 77 80 83 84 87 101 102 105 109 
 22 4 5 10 12 26 27 28 29 38 39 40 54 55 56 57 66 67 68 76 97 99 110 
 16 4 5 10 12 26 28 38 54 56 66 76 77 79 83 97 101 
 18 4 5 10 12 26 27 28 39 54 55 56 67 76 77 79 82 97 101 
 17 4 5 10 26 54 76 77 79 80 82 83 84 87 101 102 105 108 
 17 4 5 10 12 26 27 29 39 54 55 57 67 76 79 82 97 100 
 17 4 5 10 26 54 76 77 79 80 82 83 86 100 101 102 105 108 
 16 4 5 10 27 55 76 77 79 80 82 83 86 100 101 104 108 
 18 4 76 77 79 80 82 83 84 86 87 100 101 102 104 105 108 109 110 
 18 4 5 11 12 27 28 29 39 40 55 56 57 67 68 76 98 99 110 
 16 4 5 11 12 27 28 39 55 56 67 76 77 78 82 98 100 
 16 4 5 11 12 27 28 40 55 56 68 76 77 78 81 98 100 
 17 4 5 11 27 55 76 77 78 80 81 82 84 86 100 102 104 107 
 17 4 5 11 12 27 28 29 40 55 56 57 68 76 78 81 98 99 
 18 4 5 11 27 55 76 77 78 80 81 82 83 85 99 100 102 104 107 
 17 4 5 11 28 56 76 77 78 80 81 83 85 99 100 101 103 107 
 22 4 76 77 78 80 81 82 83 84 85 86 87 99 100 101 102 103 104 105 107 109 110 
 12 5 12 28 29 40 56 57 68 76 77 81 99 
 17 5 12 28 56 76 77 78 79 81 82 83 85 99 100 101 103 106 
 16 5 12 28 56 76 77 78 79 81 82 84 99 100 101 103 106 
 24 5 76 77 78 79 80 81 82 83 84 85 86 87 99 100 101 102 103 104 105 106 107 108 110 
 15 5 12 29 57 76 77 78 79 81 82 84 99 100 102 106 
 23 5 76 77 78 79 80 81 82 83 84 85 86 99 100 101 102 103 104 105 106 107 108 109 
 22 5 76 77 78 79 80 81 82 83 84 85 86 99 100 101 102 103 104 106 107 108 109 
 24 76 77 78 79 80 81 82 83 84 85 86 87 99 100 101 102 103 104 105 106 107 108 109 110 
 43 6 7 8 9 10 11 12 29 30 31 32 33 34 35 36 37 38 39 40 57 58 59 60 61 62 63 64 65 66 67 68 99 100 101 102 103 104 105 106 107 108 109 110 
 39 6 7 8 9 10 11 12 29 30 31 32 33 34 35 36 37 38 39 57 58 59 60 61 62 63 64 65 66 67 99 100 101 102 103 104 106 107 108 109 
 42 6 7 8 9 10 11 12 29 30 31 32 33 34 35 36 37 38 39 40 57 58 59 60 61 62 63 64 65 66 67 68 99 100 101 102 103 104 105 106 107 108 109 
 25 6 7 8 9 10 11 29 30 31 32 34 35 37 57 58 59 60 62 63 65 75 99 100 102 106 
 42 6 7 8 9 10 11 12 29 30 31 32 33 34 35 36 37 38 39 40 57 58 59 60 61 62 63 64 65 66 67 68 99 100 101 102 103 104 105 106 107 108 110 
 28 6 7 8 9 10 11 29 30 31 32 34 35 36 38 57 58 59 60 62 63 64 66 75 99 100 101 103 106 
 30 6 7 8 9 10 11 29 30 31 32 33 34 35 36 38 57 58 59 60 61 62 63 64 66 75 99 100 101 103 106 
 12 6 8 9 29 31 34 57 59 62 75 87 99 
 40 6 7 8 9 10 12 29 30 31 32 33 34 35 36 37 38 39 40 57 58 59 60 61 62 63 64 65 66 67 68 99 100 101 102 103 104 105 107 109 110 
 28 6 7 8 9 10 12 29 30 31 33 34 35 36 38 57 58 59 61 62 63 64 66 74 99 100 101 103 107 
 30 6 7 8 9 10 12 29 30 31 32 33 34 35 37 39 57 58 59 60 61 62 63 65 67 74 99 100 102 104 107 
 17 6 7 8 10 29 30 31 34 57 58 59 62 74 75 87 98 99 
 27 6 7 8 9 10 12 29 30 31 32 34 35 37 39 57 58 59 60 62 63 65 67 74 100 102 104 107 
 18 6 7 8 9 10 29 30 31 35 57 58 59 63 74 75 86 98 100 
 18 6 7 8 9 10 29 30 32 35 57 58 60 63 74 75 86 98 100 
 11 6 8 29 57 74 75 86 87 98 99 110 
 34 6 7 8 9 11 12 29 30 32 33 34 35 36 37 39 40 57 58 60 61 62 63 64 65 67 68 100 101 102 104 105 108 109 110 
 25 6 7 8 9 11 12 29 30 32 33 35 36 39 57 58 60 61 63 64 67 73 100 101 104 108 
 28 6 7 8 9 11 12 29 30 32 33 35 36 37 40 57 58 60 61 63 64 65 68 73 100 101 102 105 108 
 17 6 7 8 11 29 30 32 35 57 58 60 63 73 75 86 97 100 
 27 6 7 8 9 11 12 29 30 32 33 34 36 37 40 57 58 60 61 62 64 65 68 73 101 102 105 108 
 18 6 7 8 9 11 29 30 32 36 57 58 60 64 73 75 85 97 101 
 18 6 7 8 9 11 29 30 33 36 57 58 61 64 73 75 85 97 101 
 12 6 8 29 57 73 75 85 86 87 97 99 110 
 22 6 7 8 9 12 30 33 34 36 37 40 58 61 62 64 65 68 72 101 102 105 109 
 17 6 7 8 9 12 30 33 36 58 61 64 72 73 74 85 96 101 
 17 6 7 8 9 12 30 33 37 58 61 65 72 73 74 84 96 102 
 17 6 7 8 30 58 72 73 74 75 84 85 86 87 96 97 98 110 
 16 6 7 9 12 30 34 37 58 62 65 72 73 74 84 96 102 
 16 6 7 9 30 58 72 73 74 75 84 85 86 96 97 98 109 
 16 6 7 9 30 58 72 73 74 75 84 85 86 96 97 98 109 
 15 6 72 73 74 75 84 85 86 87 96 97 98 99 109 110 
 28 6 7 9 10 11 12 31 32 33 34 37 38 39 40 59 60 61 62 65 66 67 68 102 103 104 105 109 110 
 23 6 7 9 10 11 12 31 32 33 37 38 39 59 60 61 65 66 67 72 102 103 104 109 
 26 6 7 9 10 11 12 31 32 33 37 38 39 40 59 60 61 65 66 67 68 72 102 103 104 105 109 
 16 6 7 9 10 11 31 32 37 59 60 65 72 75 84 95 102 
 25 6 7 9 10 11 12 31 32 33 34 38 39 40 59 60 61 62 66 67 68 71 103 104 105 110 
 17 6 7 9 10 11 31 32 38 59 60 66 71 72 75 83 95 103 
 19 6 7 9 10 11 31 32 33 38 59 60 61 66 71 72 75 83 95 103 
 13 6 9 31 59 71 72 75 83 84 87 95 99 109 
 23 6 7 10 12 31 32 33 34 38 39 40 59 60 61 62 66 67 68 71 103 104 105 110 
 16 6 7 10 12 31 33 38 59 61 66 71 72 74 83 94 103 
 18 6 7 10 12 31 32 33 39 59 60 61 67 71 72 74 82 94 104 
 17 6 7 10 31 59 71 72 74 75 82 83 84 87 94 95 98 108 
 17 6 7 10 12 31 32 34 39 59 60 62 67 71 74 82 94 104 
 16 6 7 10 31 59 71 72 74 75 82 83 86 94 95 98 108 
 16 6 7 10 32 60 71 72 74 75 82 83 86 94 95 98 108 
 17 6 71 72 74 75 82 83 84 86 87 94 95 98 99 108 109 110 
 18 6 7 11 12 32 33 34 39 40 60 61 62 67 68 71 104 105 110 
 16 6 7 11 12 32 33 39 60 61 67 71 72 73 82 93 104 
 16 6 7 11 12 32 33 40 60 61 68 71 72 73 81 93 105 
 17 6 7 11 32 60 71 72 73 75 81 82 84 86 93 95 97 107 
 17 6 7 11 12 32 33 34 40 60 61 62 68 71 73 81 93 105 
 17 6 7 11 32 60 71 72 73 75 81 82 83 85 93 95 97 107 
 16 6 7 11 33 61 71 72 73 75 81 83 85 93 95 97 107 
 19 6 71 72 73 75 81 82 83 84 85 86 87 93 95 97 99 107 109 110 
 13 7 12 33 34 40 61 62 68 71 72 81 92 105 
 17 7 12 33 61 71 72 73 74 81 82 83 85 92 93 94 96 106 
 16 7 12 33 61 71 72 73 74 81 82 84 92 93 94 96 106 
 24 7 71 72 73 74 75 81 82 83 84 85 86 87 92 93 94 95 96 97 98 106 107 108 110 
 16 7 12 34 62 71 72 73 74 81 82 84 92 93 94 96 106 
 23 7 71 72 73 74 75 81 82 83 84 85 86 92 93 94 95 96 97 98 106 107 108 109 
 23 7 71 72 73 74 75 81 82 83 84 85 86 92 93 94 95 96 97 98 106 107 108 109 
 25 71 72 73 74 75 81 82 83 84 85 86 87 92 93 94 95 96 97 98 99 106 107 108 109 110 
 24 8 9 10 11 12 34 35 36 37 38 39 40 62 63 64 65 66 67 68 106 107 108 109 110 
 22 8 9 10 11 12 34 35 36 37 38 39 62 63 64 65 66 67 70 106 107 108 109 
 24 8 9 10 11 12 34 35 36 37 38 39 40 62 63 64 65 66 67 68 70 106 107 108 109 
 15 8 9 10 11 34 35 37 62 63 65 70 75 80 92 106 
 24 8 9 10 11 12 34 35 36 37 38 39 40 62 63 64 65 66 67 68 70 106 107 108 110 
 17 8 9 10 11 34 35 36 38 62 63 64 66 70 75 80 92 106 
 17 8 9 10 11 34 35 36 38 62 63 64 66 70 75 80 91 106 
 12 8 9 34 62 70 75 80 87 91 92 99 105 
 22 8 9 10 12 34 35 36 37 38 39 40 62 63 64 65 66 67 68 69 107 109 110 
 18 8 9 10 12 34 35 36 38 62 63 64 66 69 70 74 79 91 107 
 18 8 9 10 12 34 35 37 39 62 63 65 67 69 70 74 79 91 107 
 15 8 10 34 62 69 70 74 75 79 80 87 91 92 98 105 
 16 8 9 10 12 35 37 39 63 65 67 69 70 74 79 90 107 
 17 8 9 10 35 63 69 70 74 75 79 80 86 90 91 92 98 105 
 16 8 9 10 35 63 69 70 74 75 79 80 86 90 91 98 104 
 17 8 69 70 74 75 79 80 86 87 90 91 92 98 99 104 105 110 
 18 8 9 11 12 35 36 37 39 40 63 64 65 67 68 69 108 109 110 
 16 8 9 11 12 35 36 39 63 64 67 69 70 73 78 90 108 
 18 8 9 11 12 35 36 37 40 63 64 65 68 69 70 73 78 90 108 
 15 8 11 35 63 69 70 73 75 78 80 86 90 92 97 104 
 16 8 9 11 12 36 37 40 64 65 68 69 70 73 78 89 108 
 17 8 9 11 36 64 69 70 73 75 78 80 85 89 90 92 97 104 
 17 8 9 11 36 64 69 70 73 75 78 80 85 89 90 91 97 103 
 20 8 69 70 73 75 78 80 85 86 87 89 90 91 92 97 99 103 104 105 110 
 14 8 9 12 36 37 40 64 65 68 69 72 77 89 109 
 19 8 9 12 36 64 69 70 72 73 74 77 78 79 85 89 90 91 96 103 
 19 8 9 12 37 65 69 70 72 73 74 77 78 79 84 89 90 91 96 103 
 26 8 69 70 72 73 74 75 77 78 79 80 84 85 86 87 89 90 91 92 96 97 98 103 104 105 110 
 17 9 12 37 65 69 70 72 73 74 77 78 79 84 89 90 96 102 
 26 9 69 70 72 73 74 75 77 78 79 80 84 85 86 89 90 91 92 96 97 98 102 103 104 105 109 
 24 9 69 70 72 73 74 75 77 78 79 80 84 85 86 89 90 91 96 97 98 102 103 104 109 
 28 69 70 72 73 74 75 77 78 79 80 84 85 86 87 89 90 91 92 96 97 98 99 102 103 104 105 109 110 
 15 9 10 11 12 37 38 39 40 65 66 67 68 69 109 110 
 16 9 10 11 12 37 38 39 65 66 67 69 70 72 77 89 109 
 18 9 10 11 12 37 38 39 40 65 66 67 68 69 70 72 77 88 109 
 17 9 10 11 37 65 69 70 72 75 77 80 84 88 89 92 95 102 
 16 9 10 11 12 38 39 40 66 67 68 69 70 71 76 88 110 
 19 9 10 11 38 66 69 70 71 72 75 76 77 80 83 88 89 92 95 102 
 18 9 10 11 38 66 69 70 71 72 75 76 77 80 83 88 91 95 101 
 22 9 69 70 71 72 75 76 77 80 83 84 87 88 89 91 92 95 99 101 102 105 109 
 13 10 12 38 39 40 66 67 68 69 71 76 88 110 
 18 10 12 38 66 69 70 71 72 74 76 77 79 83 88 89 91 94 101 
 17 10 12 39 67 69 70 71 72 74 76 77 79 82 88 91 94 101 
 26 10 69 70 71 72 74 75 76 77 79 80 82 83 84 87 88 89 91 92 94 95 98 101 102 105 108 
 15 10 12 39 67 69 70 71 74 76 79 82 88 90 94 100 
 27 10 69 70 71 72 74 75 76 77 79 80 82 83 86 88 89 90 91 92 94 95 98 100 101 102 105 108 
 24 10 69 70 71 72 74 75 76 77 79 80 82 83 86 88 90 91 94 95 98 100 101 104 108 
 32 69 70 71 72 74 75 76 77 79 80 82 83 84 86 87 88 89 90 91 92 94 95 98 99 100 101 102 104 105 108 109 110 
 11 11 12 39 40 67 68 69 71 76 87 110 
 18 11 12 39 67 69 70 71 72 73 76 77 78 82 87 89 90 93 100 
 18 11 12 40 68 69 70 71 72 73 76 77 78 81 87 88 90 93 100 
 27 11 69 70 71 72 73 75 76 77 78 80 81 82 84 86 87 88 89 90 92 93 95 97 100 102 104 107 
 16 11 12 40 68 69 70 71 73 76 78 81 87 88 89 93 99 
 28 11 69 70 71 72 73 75 76 77 78 80 81 82 83 85 87 88 89 90 92 93 95 97 99 100 102 104 107 
 27 11 69 70 71 72 73 75 76 77 78 80 81 83 85 87 88 89 90 91 93 95 97 99 100 101 103 107 
 35 69 70 71 72 73 75 76 77 78 80 81 82 83 84 85 86 87 88 89 90 91 92 93 95 97 99 100 101 102 103 104 105 107 109 110 
 14 12 40 68 69 71 72 76 77 81 87 88 89 92 99 
 29 12 69 70 71 72 73 74 76 77 78 79 81 82 83 85 87 88 89 90 91 92 93 94 96 99 100 101 103 106 
 28 12 69 70 71 72 73 74 76 77 78 79 81 82 84 87 88 89 90 91 92 93 94 96 99 100 101 103 106 
 41 69 70 71 72 73 74 75 76 77 78 79 80 81 82 83 84 85 86 87 88 89 90 91 92 93 94 95 96 97 98 99 100 101 102 103 104 105 106 107 108 110 
 26 12 69 70 71 72 73 74 76 77 78 79 81 82 84 87 88 89 90 92 93 94 96 99 100 102 106 
 41 69 70 71 72 73 74 75 76 77 78 79 80 81 82 83 84 85 86 87 88 89 90 91 92 93 94 95 96 97 98 99 100 101 102 103 104 105 106 107 108 109 
 40 69 70 71 72 73 74 75 76 77 78 79 80 81 82 83 84 85 86 87 88 89 90 91 92 93 94 95 96 97 98 99 100 101 102 103 104 106 107 108 109 
 42 69 70 71 72 73 74 75 76 77 78 79 80 81 82 83 84 85 86 87 88 89 90 91 92 93 94 95 96 97 98 99 100 101 102 103 104 105 106 107 108 109 110 
 70 13 14 15 16 17 18 19 20 21 22 23 24 25 26 27 28 29 30 31 32 33 34 35 36 37 38 39 40 69 70 71 72 73 74 75 76 77 78 79 80 81 82 83 84 85 86 87 88 89 90 91 92 93 94 95 96 97 98 99 100 101 102 103 104 105 106 107 108 109 110 
 67 13 14 15 16 17 18 19 20 21 22 23 24 25 26 27 28 29 30 31 32 33 34 35 36 37 38 39 69 70 71 72 73 74 75 76 77 78 79 80 81 82 83 84 85 86 87 88 89 90 91 92 93 94 95 96 97 98 99 100 101 102 103 104 106 107 108 109 
 69 13 14 15 16 17 18 19 20 21 22 23 24 25 26 27 28 29 30 31 32 33 34 35 36 37 38 39 40 69 70 71 72 73 74 75 76 77 78 79 80 81 82 83 84 85 86 87 88 89 90 91 92 93 94 95 96 97 98 99 100 101 102 103 104 105 106 107 108 109 
 46 13 14 15 16 17 18 19 20 22 23 24 25 26 27 29 30 31 32 34 35 37 69 70 71 72 73 74 76 77 78 79 81 82 84 87 88 89 90 92 93 94 96 99 100 102 106 
 69 13 14 15 16 17 18 19 20 21 22 23 24 25 26 27 28 29 30 31 32 33 34 35 36 37 38 39 40 69 70 71 72 73 74 75 76 77 78 79 80 81 82 83 84 85 86 87 88 89 90 91 92 93 94 95 96 97 98 99 100 101 102 103 104 105 106 107 108 110 
 49 13 14 15 16 17 18 19 20 22 23 24 25 26 27 29 30 31 32 34 35 36 38 69 70 71 72 73 74 76 77 78 79 81 82 84 87 88 89 90 91 92 93 94 96 99 100 101 103 106 
 53 13 14 15 16 17 18 19 20 21 22 23 24 25 26 27 28 29 30 31 32 33 34 35 36 38 69 70 71 72 73 74 76 77 78 79 81 82 83 85 87 88 89 90 91 92 93 94 96 99 100 101 103 106 
 25 13 14 15 16 17 19 22 23 24 26 29 31 34 68 69 71 72 76 77 81 87 88 89 92 99 
 63 13 14 15 16 17 18 19 20 21 22 23 24 25 26 27 28 29 30 31 32 33 34 35 36 37 38 39 40 69 70 71 72 73 75 76 77 78 80 81 82 83 84 85 86 87 88 89 90 91 92 93 95 97 99 100 101 102 103 104 105 107 109 110 
 48 13 14 15 16 17 18 19 21 22 23 24 25 26 28 29 30 31 33 34 35 36 38 69 70 71 72 73 75 76 77 78 80 81 83 85 87 88 89 90 91 93 95 97 99 100 101 103 107 
 52 13 14 15 16 17 18 19 20 21 22 23 24 25 26 27 28 29 30 31 32 33 34 35 37 39 69 70 71 72 73 75 76 77 78 80 81 82 83 85 87 88 89 90 92 93 95 97 99 100 102 104 107 
 29 13 14 15 16 17 18 19 22 23 24 25 26 29 30 31 34 68 69 70 71 73 76 78 81 87 88 89 93 99 
 48 13 14 15 16 17 18 19 20 22 23 24 25 26 27 29 30 31 32 34 35 37 39 69 70 71 72 73 75 76 77 78 80 81 82 84 86 87 88 89 90 92 93 95 97 100 102 104 107 
 31 13 14 15 16 17 18 19 22 23 24 25 26 29 30 31 35 68 69 70 71 72 73 76 77 78 81 87 88 90 93 100 
 28 13 15 17 18 20 22 24 25 27 29 30 32 35 67 69 70 71 72 73 76 77 78 82 87 89 90 93 100 
 13 13 15 17 22 24 29 67 68 69 71 76 87 110 
 56 13 14 15 16 17 18 20 21 22 23 24 25 27 28 29 30 32 33 34 35 36 37 39 40 69 70 71 72 74 75 76 77 79 80 82 83 84 86 87 88 89 90 91 92 94 95 98 99 100 101 102 104 105 108 109 110 
 44 13 14 15 16 17 18 20 21 22 23 24 25 27 28 29 30 32 33 35 36 39 69 70 71 72 74 75 76 77 79 80 82 83 86 88 90 91 94 95 98 100 101 104 108 
 48 13 14 15 16 17 18 20 21 22 23 24 25 27 28 29 30 32 33 35 36 37 40 69 70 71 72 74 75 76 77 79 80 82 83 86 88 89 90 91 92 94 95 98 100 101 102 105 108 
 28 13 14 15 16 17 18 20 22 23 24 25 27 29 30 32 35 67 69 70 71 74 76 79 82 88 90 94 100 
 47 13 14 15 16 17 18 20 21 22 23 24 25 27 28 29 30 32 33 34 36 37 40 69 70 71 72 74 75 76 77 79 80 82 83 84 87 88 89 91 92 94 95 98 101 102 105 108 
 30 13 14 15 16 17 18 20 22 23 24 25 27 29 30 32 36 67 69 70 71 72 74 76 77 79 82 88 91 94 101 
 31 13 14 15 16 17 18 21 22 23 24 25 28 29 30 33 36 66 69 70 71 72 74 76 77 79 83 88 89 91 94 101 
 17 13 14 15 16 17 22 23 24 29 66 67 68 69 71 76 88 110 
 40 13 14 15 16 17 18 21 22 23 24 25 28 29 30 33 34 36 37 40 69 70 71 72 75 76 77 80 83 84 87 88 89 91 92 95 99 101 102 105 109 
 27 13 14 15 16 18 21 22 23 25 28 30 33 36 66 69 70 71 72 75 76 77 80 83 88 91 95 101 
 30 13 14 15 16 17 18 21 22 23 24 25 28 30 33 37 66 69 70 71 72 75 76 77 80 83 88 89 92 95 102 
 18 13 14 15 16 18 22 23 25 30 66 67 68 69 70 71 76 88 110 
 27 13 14 15 16 17 18 22 23 24 25 29 30 34 37 65 69 70 72 75 77 80 84 88 89 92 95 102 
 19 13 14 15 16 18 22 23 25 30 65 66 67 68 69 70 72 77 88 109 
 17 13 15 17 18 22 24 25 30 65 66 67 69 70 72 77 89 109 
 10 13 15 22 65 66 67 68 69 109 110 
 51 13 14 15 16 17 19 20 21 22 23 24 26 27 28 29 31 32 33 34 37 38 39 40 69 70 72 73 74 75 77 78 79 80 84 85 86 87 89 90 91 92 96 97 98 99 102 103 104 105 109 110 
 41 13 14 15 16 19 20 21 22 23 26 27 28 31 32 33 37 38 39 69 70 72 73 74 75 77 78 79 80 84 85 86 89 90 91 96 97 98 102 103 104 109 
 46 13 14 15 16 17 19 20 21 22 23 24 26 27 28 31 32 33 37 38 39 40 69 70 72 73 74 75 77 78 79 80 84 85 86 89 90 91 92 96 97 98 102 103 104 105 109 
 27 13 14 15 16 19 20 22 23 26 27 31 32 37 65 69 70 72 73 74 77 78 79 84 89 90 96 102 
 47 13 14 15 16 17 19 20 21 22 23 24 26 27 28 29 31 32 33 34 38 39 40 69 70 72 73 74 75 77 78 79 80 84 85 86 87 89 90 91 92 96 97 98 103 104 105 110 
 28 13 14 15 16 19 20 22 23 26 27 31 32 38 65 69 70 72 73 74 77 78 79 84 89 90 91 96 103 
 33 13 14 15 16 17 19 20 21 22 23 24 26 27 28 31 32 33 38 64 69 70 72 73 74 77 78 79 85 89 90 91 96 103 
 17 13 14 15 16 19 22 23 26 31 64 65 68 69 72 77 89 109 
 41 13 14 15 16 17 19 20 21 22 23 24 26 27 28 29 31 32 33 34 38 39 40 69 70 73 75 78 80 85 86 87 89 90 91 92 97 99 103 104 105 110 
 26 13 14 15 16 19 21 22 23 26 28 31 33 38 64 69 70 73 75 78 80 85 89 90 91 97 103 
 31 13 14 15 16 17 19 20 21 22 23 24 26 27 28 31 32 33 39 64 69 70 73 75 78 80 85 89 90 92 97 104 
 18 13 14 15 16 19 22 23 26 31 64 65 68 69 70 73 78 89 108 
 29 13 14 15 16 17 19 20 22 23 24 26 27 29 31 32 34 39 63 69 70 73 75 78 80 86 90 92 97 104 
 19 13 14 15 16 19 22 23 26 31 63 64 65 68 69 70 73 78 90 108 
 17 13 15 17 20 22 24 27 32 63 64 67 69 70 73 78 90 108 
 12 13 15 22 63 64 65 67 68 69 108 109 110 
 34 13 14 15 16 17 20 21 22 23 24 27 28 29 32 33 34 39 40 69 70 74 75 79 80 86 87 90 91 92 98 99 104 105 110 
 23 13 14 16 20 21 23 27 28 32 33 39 63 69 70 74 75 79 80 86 90 91 98 104 
 27 13 14 15 16 17 20 21 23 24 27 28 32 33 40 63 69 70 74 75 79 80 86 90 91 92 98 105 
 16 13 14 16 20 23 27 32 63 65 67 69 70 74 79 90 107 
 29 13 14 15 16 17 20 21 22 23 24 27 28 29 32 33 34 40 62 69 70 74 75 79 80 87 91 92 98 105 
 17 13 14 16 20 23 27 32 62 63 65 67 69 70 74 79 91 107 
 20 13 14 15 16 17 21 23 24 28 33 62 63 64 66 69 70 74 79 91 107 
 15 13 14 16 23 62 63 64 65 66 67 68 69 107 109 110 
 23 13 14 15 16 17 21 22 23 24 28 29 33 34 40 62 70 75 80 87 91 92 99 105 
 16 13 14 16 21 23 28 33 62 63 64 66 70 75 80 91 106 
 19 13 14 15 16 17 21 23 24 28 33 62 63 64 66 70 75 80 92 106 
 16 13 14 16 23 62 63 64 65 66 67 68 70 106 107 108 110 
 18 13 14 15 16 17 22 23 24 29 34 62 63 65 70 75 80 92 106 
 16 13 14 16 23 62 63 64 65 66 67 68 70 106 107 108 109 
 15 13 15 17 24 62 63 64 65 66 67 70 106 107 108 109 
 13 13 62 63 64 65 66 67 68 106 107 108 109 110 
 47 13 14 15 17 18 19 20 21 22 24 25 26 27 28 29 34 35 36 37 38 39 40 71 72 73 74 75 81 82 83 84 85 86 87 92 93 94 95 96 97 98 99 106 107 108 109 110 
 40 13 14 17 18 19 20 21 24 25 26 27 28 34 35 36 37 38 39 71 72 73 74 75 81 82 83 84 85 86 92 93 94 95 96 97 98 106 107 108 109 
 42 13 14 15 17 18 19 20 21 24 25 26 27 28 34 35 36 37 38 39 40 71 72 73 74 75 81 82 83 84 85 86 92 93 94 95 96 97 98 106 107 108 109 
 26 13 14 17 18 19 20 24 25 26 27 34 35 37 62 71 72 73 74 81 82 84 92 93 94 96 106 
 45 13 14 15 17 18 19 20 21 22 24 25 26 27 28 29 34 35 36 37 38 39 40 71 72 73 74 75 81 82 83 84 85 86 87 92 93 94 95 96 97 98 106 107 108 110 
 27 13 14 17 18 19 20 24 25 26 27 34 35 36 38 61 71 72 73 74 81 82 84 92 93 94 96 106 
 31 13 14 15 17 18 19 20 21 24 25 26 27 28 34 35 36 38 61 71 72 73 74 81 82 83 85 92 93 94 96 106 
 15 13 14 17 19 24 26 34 61 62 68 71 72 81 92 105 
 40 13 14 15 17 18 19 20 21 22 24 25 26 27 28 29 34 35 36 37 38 39 40 71 72 73 75 81 82 83 84 85 86 87 93 95 97 99 107 109 110 
 26 13 14 17 18 19 21 24 25 26 28 34 35 36 38 61 71 72 73 75 81 83 85 93 95 97 107 
 30 13 14 15 17 18 19 20 21 24 25 26 27 28 34 35 37 39 60 71 72 73 75 81 82 83 85 93 95 97 107 
 18 13 14 17 18 19 24 25 26 34 60 61 62 68 71 73 81 93 105 
 29 13 14 15 17 18 19 20 22 24 25 26 27 29 35 37 39 60 71 72 73 75 81 82 84 86 93 95 97 107 
 18 13 14 17 18 19 24 25 26 35 60 61 68 71 72 73 81 93 105 
 18 13 15 17 18 20 24 25 27 35 60 61 67 71 72 73 82 93 104 
 12 13 17 24 60 61 62 67 68 71 104 105 110 
 34 13 14 15 17 18 20 21 22 24 25 27 28 29 35 36 37 39 40 71 72 74 75 82 83 84 86 87 94 95 98 99 108 109 110 
 25 13 14 17 18 20 21 24 25 27 28 35 36 39 60 71 72 74 75 82 83 86 94 95 98 108 
 27 13 14 15 17 18 20 21 24 25 27 28 35 36 37 40 59 71 72 74 75 82 83 86 94 95 98 108 
 18 13 14 17 18 20 24 25 27 35 59 60 62 67 71 74 82 94 104 
 29 13 14 15 17 18 20 21 22 24 25 27 28 29 36 37 40 59 71 72 74 75 82 83 84 87 94 95 98 108 
 19 13 14 17 18 20 24 25 27 36 59 60 61 67 71 72 74 82 94 104 
 19 13 14 15 17 18 21 24 25 28 36 59 61 66 71 72 74 83 94 103 
 16 13 14 17 24 59 60 61 62 66 67 68 71 103 104 105 110 
 22 13 14 15 18 21 22 25 28 29 36 37 40 59 71 72 75 83 84 87 95 99 109 
 17 13 14 18 21 25 28 36 59 60 61 66 71 72 75 83 95 103 
 17 13 14 15 18 21 25 28 37 59 60 66 71 72 75 83 95 103 
 16 13 14 18 25 59 60 61 62 66 67 68 71 103 104 105 110 
 16 13 14 15 18 22 25 29 37 59 60 65 72 75 84 95 102 
 17 13 14 18 25 59 60 61 65 66 67 68 72 102 103 104 105 109 
 15 13 15 18 25 59 60 61 65 66 67 72 102 103 104 109 
 15 13 59 60 61 62 65 66 67 68 102 103 104 105 109 110 
 29 13 14 15 19 20 21 22 26 27 28 29 37 38 39 40 72 73 74 75 84 85 86 87 96 97 98 99 109 110 
 23 13 14 19 20 21 26 27 28 37 38 39 58 72 73 74 75 84 85 86 96 97 98 109 
 25 13 14 15 19 20 21 26 27 28 37 38 39 40 58 72 73 74 75 84 85 86 96 97 98 109 
 16 13 14 19 20 26 27 37 58 62 65 72 73 74 84 96 102 
 27 13 14 15 19 20 21 22 26 27 28 29 38 39 40 58 72 73 74 75 84 85 86 87 96 97 98 110 
 16 13 14 19 20 26 27 38 58 61 65 72 73 74 84 96 102 
 19 13 14 15 19 20 21 26 27 28 38 58 61 64 72 73 74 85 96 101 
 15 13 14 19 26 58 61 62 64 65 68 72 101 102 105 109 
 23 13 14 15 19 20 21 22 26 27 28 29 38 39 40 57 73 75 85 86 87 97 99 110 
 16 13 14 19 21 26 28 38 57 58 61 64 73 75 85 97 101 
 19 13 14 15 19 20 21 26 27 28 39 57 58 60 64 73 75 85 97 101 
 17 13 14 19 26 57 58 60 61 62 64 65 68 73 101 102 105 108 
 19 13 14 15 19 20 22 26 27 29 39 57 58 60 63 73 75 86 97 100 
 18 13 14 19 26 57 58 60 61 63 64 65 68 73 100 101 102 105 108 
 16 13 15 20 27 57 58 60 61 63 64 67 73 100 101 104 108 
 19 13 57 58 60 61 62 63 64 65 67 68 100 101 102 104 105 108 109 110 
 18 14 15 20 21 22 27 28 29 39 40 57 74 75 86 87 98 99 110 
 15 14 20 21 27 28 39 57 58 60 63 74 75 86 98 100 
 16 14 15 20 21 27 28 40 57 58 59 63 74 75 86 98 100 
 16 14 20 27 57 58 59 60 62 63 65 67 74 100 102 104 107 
 18 14 15 20 21 22 27 28 29 40 57 58 59 62 74 75 87 98 99 
 18 14 20 27 57 58 59 60 61 62 63 65 67 74 99 100 102 104 107 
 18 14 15 21 28 57 58 59 61 62 63 64 66 74 99 100 101 103 107 
 23 14 57 58 59 60 61 62 63 64 65 66 67 68 99 100 101 102 103 104 105 107 109 110 
 13 14 15 21 22 28 29 40 57 59 62 75 87 99 
 18 14 21 28 57 58 59 60 61 62 63 64 66 75 99 100 101 103 106 
 18 14 15 21 28 57 58 59 60 62 63 64 66 75 99 100 101 103 106 
 24 14 57 58 59 60 61 62 63 64 65 66 67 68 99 100 101 102 103 104 105 106 107 108 110 
 16 14 15 22 29 57 58 59 60 62 63 65 75 99 100 102 106 
 24 14 57 58 59 60 61 62 63 64 65 66 67 68 99 100 101 102 103 104 105 106 107 108 109 
 22 15 57 58 59 60 61 62 63 64 65 66 67 99 100 101 102 103 104 106 107 108 109 
 24 57 58 59 60 61 62 63 64 65 66 67 68 99 100 101 102 103 104 105 106 107 108 109 110 
 44 15 16 17 18 19 20 21 22 29 30 31 32 33 34 35 36 37 38 39 40 76 77 78 79 80 81 82 83 84 85 86 87 99 100 101 102 103 104 105 106 107 108 109 110 
 39 15 16 17 18 19 20 21 29 30 31 32 33 34 35 36 37 38 39 76 77 78 79 80 81 82 83 84 85 86 99 100 101 102 103 104 106 107 108 109 
 41 15 16 17 18 19 20 21 29 30 31 32 33 34 35 36 37 38 39 40 76 77 78 79 80 81 82 83 84 85 86 99 100 101 102 103 104 105 106 107 108 109 
 25 15 16 17 18 19 20 29 30 31 32 34 35 37 57 76 77 78 79 81 82 84 99 100 102 106 
 43 15 16 17 18 19 20 21 22 29 30 31 32 33 34 35 36 37 38 39 40 76 77 78 79 80 81 82 83 84 85 86 87 99 100 101 102 103 104 105 106 107 108 110 
 27 15 16 17 18 19 20 29 30 31 32 34 35 36 38 56 76 77 78 79 81 82 84 99 100 101 103 106 
 30 15 16 17 18 19 20 21 29 30 31 32 33 34 35 36 38 56 76 77 78 79 81 82 83 85 99 100 101 103 106 
 14 15 16 17 19 29 31 34 56 57 68 76 77 81 99 
 41 15 16 17 18 19 20 21 22 29 30 31 32 33 34 35 36 37 38 39 40 76 77 78 80 81 82 83 84 85 86 87 99 100 101 102 103 104 105 107 109 110 
 27 15 16 17 18 19 21 29 30 31 33 34 35 36 38 56 76 77 78 80 81 83 85 99 100 101 103 107 
 30 15 16 17 18 19 20 21 29 30 31 32 33 34 35 37 39 55 76 77 78 80 81 82 83 85 99 100 102 104 107 
 18 15 16 17 18 19 29 30 31 34 55 56 57 68 76 78 81 98 99 
 28 15 16 17 18 19 20 22 29 30 31 32 34 35 37 39 55 76 77 78 80 81 82 84 86 100 102 104 107 
 18 15 16 17 18 19 29 30 31 35 55 56 68 76 77 78 81 98 100 
 17 15 17 18 20 29 30 32 35 55 56 67 76 77 78 82 98 100 
 12 15 17 29 55 56 57 67 68 76 98 99 110 
 34 15 16 17 18 20 21 22 29 30 32 33 34 35 36 37 39 40 76 77 79 80 82 83 84 86 87 100 101 102 104 105 108 109 110 
 25 15 16 17 18 20 21 29 30 32 33 35 36 39 55 76 77 79 80 82 83 86 100 101 104 108 
 27 15 16 17 18 20 21 29 30 32 33 35 36 37 40 54 76 77 79 80 82 83 86 100 101 102 105 108 
 18 15 16 17 18 20 29 30 32 35 54 55 57 67 76 79 82 97 100 
 28 15 16 17 18 20 21 22 29 30 32 33 34 36 37 40 54 76 77 79 80 82 83 84 87 101 102 105 108 
 19 15 16 17 18 20 29 30 32 36 54 55 56 67 76 77 79 82 97 101 
 18 15 16 17 18 21 29 30 33 36 54 56 66 76 77 79 83 97 101 
 15 15 16 17 29 54 55 56 57 66 67 68 76 97 99 110 
 23 15 16 17 18 21 22 30 33 34 36 37 40 54 76 77 80 83 84 87 101 102 105 109 
 17 15 16 18 21 30 33 36 54 55 56 66 76 77 80 83 96 101 
 17 15 16 17 18 21 30 33 37 54 55 66 76 77 80 83 96 102 
 16 15 16 18 30 54 55 56 57 66 67 68 76 96 97 98 110 
 16 15 16 17 18 22 30 34 37 54 55 65 77 80 84 96 102 
 16 15 16 18 30 54 55 56 65 66 67 68 77 96 97 98 109 
 15 15 17 18 30 54 55 56 65 66 67 77 96 97 98 109 
 15 15 54 55 56 57 65 66 67 68 96 97 98 99 109 110 
 29 15 16 17 19 20 21 22 31 32 33 34 37 38 39 40 77 78 79 80 84 85 86 87 102 103 104 105 109 110 
 23 15 16 19 20 21 31 32 33 37 38 39 53 77 78 79 80 84 85 86 102 103 104 109 
 26 15 16 17 19 20 21 31 32 33 37 38 39 40 53 77 78 79 80 84 85 86 102 103 104 105 109 
 16 15 16 19 20 31 32 37 53 57 65 77 78 79 84 95 102 
 27 15 16 17 19 20 21 22 31 32 33 34 38 39 40 53 77 78 79 80 84 85 86 87 103 104 105 110 
 16 15 16 19 20 31 32 38 53 56 65 77 78 79 84 95 103 
 19 15 16 17 19 20 21 31 32 33 38 53 56 64 77 78 79 85 95 103 
 14 15 16 19 31 53 56 57 64 65 68 77 95 99 109 
 24 15 16 17 19 20 21 22 31 32 33 34 38 39 40 52 78 80 85 86 87 103 104 105 110 
 16 15 16 19 21 31 33 38 52 53 56 64 78 80 85 94 103 
 19 15 16 17 19 20 21 31 32 33 39 52 53 55 64 78 80 85 94 104 
 17 15 16 19 31 52 53 55 56 57 64 65 68 78 94 95 98 108 
 19 15 16 17 19 20 22 31 32 34 39 52 53 55 63 78 80 86 94 104 
 17 15 16 19 31 52 53 55 56 63 64 65 68 78 94 95 98 108 
 16 15 17 20 32 52 53 55 56 63 64 67 78 94 95 98 108 
 18 15 52 53 55 56 57 63 64 65 67 68 94 95 98 99 108 109 110 
 18 16 17 20 21 22 32 33 34 39 40 52 79 80 86 87 104 105 110 
 15 16 20 21 32 33 39 52 53 55 63 79 80 86 93 104 
 16 16 17 20 21 32 33 40 52 53 54 63 79 80 86 93 105 
 16 16 20 32 52 53 54 55 57 63 65 67 79 93 95 97 107 
 18 16 17 20 21 22 32 33 34 40 52 53 54 62 79 80 87 93 105 
 17 16 20 32 52 53 54 55 56 62 63 65 67 79 93 95 97 107 
 17 16 17 21 33 52 53 54 56 62 63 64 66 79 93 95 97 107 
 21 16 52 53 54 55 56 57 62 63 64 65 66 67 68 93 95 97 99 107 109 110 
 14 16 17 21 22 33 34 40 52 54 62 80 87 92 105 
 18 16 21 33 52 53 54 55 56 62 63 64 66 80 92 93 94 96 106 
 18 16 17 21 33 52 53 54 55 62 63 64 66 80 92 93 94 96 106 
 25 16 52 53 54 55 56 57 62 63 64 65 66 67 68 92 93 94 95 96 97 98 106 107 108 110 
 17 16 17 22 34 52 53 54 55 62 63 65 80 92 93 94 96 106 
 24 16 52 53 54 55 56 62 63 64 65 66 67 68 92 93 94 95 96 97 98 106 107 108 109 
 23 17 52 53 54 55 56 62 63 64 65 66 67 92 93 94 95 96 97 98 106 107 108 109 
 26 52 53 54 55 56 57 62 63 64 65 66 67 68 92 93 94 95 96 97 98 99 106 107 108 109 110 
 25 17 18 19 20 21 22 34 35 36 37 38 39 40 81 82 83 84 85 86 87 106 107 108 109 110 
 22 17 18 19 20 21 34 35 36 37 38 39 52 81 82 83 84 85 86 106 107 108 109 
 23 17 18 19 20 21 34 35 36 37 38 39 40 51 81 82 83 84 85 86 106 107 108 109 
 16 17 18 19 20 34 35 37 51 52 57 62 81 82 84 92 106 
 25 17 18 19 20 21 22 34 35 36 37 38 39 40 51 81 82 83 84 85 86 87 106 107 108 110 
 17 17 18 19 20 34 35 36 38 51 52 56 61 81 82 84 92 106 
 18 17 18 19 20 21 34 35 36 38 51 56 61 81 82 83 85 91 106 
 15 17 19 34 51 52 56 57 61 62 68 81 91 92 99 105 
 24 17 18 19 20 21 22 34 35 36 37 38 39 40 51 81 82 83 84 85 86 87 107 109 110 
 17 17 18 19 21 34 35 36 38 51 52 56 61 81 83 85 91 107 
 18 17 18 19 20 21 34 35 37 39 51 55 60 81 82 83 85 91 107 
 18 17 18 19 34 51 52 55 56 57 60 61 62 68 81 91 92 98 105 
 17 17 18 19 20 22 35 37 39 51 55 60 81 82 84 86 90 107 
 17 17 18 19 35 51 52 55 56 60 61 68 81 90 91 92 98 105 
 15 17 18 20 35 51 55 56 60 61 67 82 90 91 98 104 
 19 17 51 52 55 56 57 60 61 62 67 68 90 91 92 98 99 104 105 110 
 19 17 18 20 21 22 35 36 37 39 40 50 82 83 84 86 87 108 109 110 
 16 17 18 20 21 35 36 39 50 52 55 60 82 83 86 90 108 
 17 17 18 20 21 35 36 37 40 50 51 54 59 82 83 86 90 108 
 19 17 18 20 35 50 51 52 54 55 57 59 60 62 67 82 90 92 97 104 
 18 17 18 20 21 22 36 37 40 50 51 54 59 82 83 84 87 89 108 
 20 17 18 20 36 50 51 52 54 55 56 59 60 61 67 82 89 90 92 97 104 
 17 17 18 21 36 50 51 54 56 59 61 66 83 89 90 91 97 103 
 25 17 50 51 52 54 55 56 57 59 60 61 62 66 67 68 89 90 91 92 97 99 103 104 105 110 
 15 18 21 22 36 37 40 50 51 54 59 83 84 87 89 109 
 19 18 21 36 50 51 52 54 55 56 59 60 61 66 83 89 90 91 96 103 
 16 18 21 37 50 51 54 55 59 60 66 83 89 90 91 96 103 
 26 18 50 51 52 54 55 56 57 59 60 61 62 66 67 68 89 90 91 92 96 97 98 103 104 105 110 
 15 18 22 37 50 51 54 55 59 60 65 84 89 90 96 102 
 26 18 50 51 52 54 55 56 59 60 61 65 66 67 68 89 90 91 92 96 97 98 102 103 104 105 109 
 22 18 50 51 54 55 56 59 60 61 65 66 67 89 90 91 96 97 98 102 103 104 109 
 29 50 51 52 54 55 56 57 59 60 61 62 65 66 67 68 89 90 91 92 96 97 98 99 102 103 104 105 109 110 
 15 19 20 21 22 37 38 39 40 50 84 85 86 87 109 110 
 15 19 20 21 37 38 39 50 52 53 58 84 85 86 89 109 
 16 19 20 21 37 38 39 40 50 51 53 58 84 85 86 88 109 
 17 19 20 37 50 51 52 53 57 58 62 65 84 88 89 92 95 102 
 17 19 20 21 22 38 39 40 50 51 53 58 84 85 86 87 88 110 
 17 19 20 38 50 51 52 53 56 58 61 65 84 88 89 92 95 102 
 16 19 20 21 38 50 51 53 56 58 61 64 85 88 91 95 101 
 23 19 50 51 52 53 56 57 58 61 62 64 65 68 88 89 91 92 95 99 101 102 105 109 
 16 19 20 21 22 38 39 40 50 51 52 57 85 86 87 88 110 
 18 19 21 38 50 51 52 53 56 57 58 61 64 85 88 89 91 94 101 
 18 19 20 21 39 50 51 52 53 55 57 58 60 64 85 88 91 94 101 
 26 19 50 51 52 53 55 56 57 58 60 61 62 64 65 68 88 89 91 92 94 95 98 101 102 105 108 
 18 19 20 22 39 50 51 52 53 55 57 58 60 63 86 88 90 94 100 
 28 19 50 51 52 53 55 56 57 58 60 61 63 64 65 68 88 89 90 91 92 94 95 98 100 101 102 105 108 
 24 20 50 51 52 53 55 56 57 58 60 61 63 64 67 88 90 91 94 95 98 100 101 104 108 
 33 50 51 52 53 55 56 57 58 60 61 62 63 64 65 67 68 88 89 90 91 92 94 95 98 99 100 101 102 104 105 108 109 110 
 11 20 21 22 39 40 50 52 57 86 87 110 
 17 20 21 39 50 52 53 55 57 58 60 63 86 87 89 90 93 100 
 18 20 21 40 50 51 52 53 54 57 58 59 63 86 87 88 90 93 100 
 27 20 50 51 52 53 54 55 57 58 59 60 62 63 65 67 87 88 89 90 92 93 95 97 100 102 104 107 
 18 20 21 22 40 50 51 52 53 54 57 58 59 62 87 88 89 93 99 
 30 20 50 51 52 53 54 55 56 57 58 59 60 61 62 63 65 67 87 88 89 90 92 93 95 97 99 100 102 104 107 
 28 21 50 51 52 53 54 56 57 58 59 61 62 63 64 66 87 88 89 90 91 93 95 97 99 100 101 103 107 
 38 50 51 52 53 54 55 56 57 58 59 60 61 62 63 64 65 66 67 68 87 88 89 90 91 92 93 95 97 99 100 101 102 103 104 105 107 109 110 
 15 21 22 40 50 51 52 54 57 59 62 87 88 89 92 99 
 31 21 50 51 52 53 54 55 56 57 58 59 60 61 62 63 64 66 87 88 89 90 91 92 93 94 96 99 100 101 103 106 
 29 21 50 51 52 53 54 55 57 58 59 60 62 63 64 66 87 88 89 90 91 92 93 94 96 99 100 101 103 106 
 42 50 51 52 53 54 55 56 57 58 59 60 61 62 63 64 65 66 67 68 87 88 89 90 91 92 93 94 95 96 97 98 99 100 101 102 103 104 105 106 107 108 110 
 26 22 50 51 52 53 54 55 57 58 59 60 62 63 65 87 88 89 90 92 93 94 96 99 100 102 106 
 42 50 51 52 53 54 55 56 57 58 59 60 61 62 63 64 65 66 67 68 87 88 89 90 91 92 93 94 95 96 97 98 99 100 101 102 103 104 105 106 107 108 109 
 40 50 51 52 53 54 55 56 57 58 59 60 61 62 63 64 65 66 67 87 88 89 90 91 92 93 94 95 96 97 98 99 100 101 102 103 104 106 107 108 109 
 43 50 51 52 53 54 55 56 57 58 59 60 61 62 63 64 65 66 67 68 87 88 89 90 91 92 93 94 95 96 97 98 99 100 101 102 103 104 105 106 107 108 109 110 
 43 22 23 24 25 26 27 28 29 30 31 32 33 34 35 36 37 38 39 40 87 88 89 90 91 92 93 94 95 96 97 98 99 100 101 102 103 104 105 106 107 108 109 110 
 40 22 23 24 25 26 27 28 29 30 31 32 33 34 35 36 37 38 39 87 88 89 90 91 92 93 94 95 96 97 98 99 100 101 102 103 104 106 107 108 109 
 42 22 23 24 25 26 27 28 29 30 31 32 33 34 35 36 37 38 39 40 87 88 89 90 91 92 93 94 95 96 97 98 99 100 101 102 103 104 105 106 107 108 109 
 26 22 23 24 25 26 27 29 30 31 32 34 35 37 50 87 88 89 90 92 93 94 96 99 100 102 106 
 42 22 23 24 25 26 27 28 29 30 31 32 33 34 35 36 37 38 39 40 87 88 89 90 91 92 93 94 95 96 97 98 99 100 101 102 103 104 105 106 107 108 110 
 29 22 23 24 25 26 27 29 30 31 32 34 35 36 38 49 87 88 89 90 91 92 93 94 96 99 100 101 103 106 
 31 22 23 24 25 26 27 28 29 30 31 32 33 34 35 36 38 49 87 88 89 90 91 92 93 94 96 99 100 101 103 106 
 15 22 23 24 26 29 31 34 49 50 68 87 88 89 92 99 
 38 22 23 24 25 26 27 28 29 30 31 32 33 34 35 36 37 38 39 40 87 88 89 90 91 92 93 95 97 99 100 101 102 103 104 105 107 109 110 
 28 22 23 24 25 26 28 29 30 31 33 34 35 36 38 49 87 88 89 90 91 93 95 97 99 100 101 103 107 
 30 22 23 24 25 26 27 28 29 30 31 32 33 34 35 37 39 48 87 88 89 90 92 93 95 97 99 100 102 104 107 
 18 22 23 24 25 26 29 30 31 34 48 49 50 68 87 88 89 93 99 
 27 22 23 24 25 26 27 29 30 31 32 34 35 37 39 48 87 88 89 90 92 93 95 97 100 102 104 107 
 18 22 23 24 25 26 29 30 31 35 48 49 68 86 87 88 90 93 100 
 17 22 24 25 27 29 30 32 35 48 49 67 86 87 89 90 93 100 
 11 22 24 29 48 49 50 67 68 86 87 110 
 33 22 23 24 25 27 28 29 30 32 33 34 35 36 37 39 40 88 89 90 91 92 94 95 98 99 100 101 102 104 105 108 109 110 
 24 22 23 24 25 27 28 29 30 32 33 35 36 39 48 88 90 91 94 95 98 100 101 104 108 
 28 22 23 24 25 27 28 29 30 32 33 35 36 37 40 47 88 89 90 91 92 94 95 98 100 101 102 105 108 
 18 22 23 24 25 27 29 30 32 35 47 48 50 67 86 88 90 94 100 
 26 22 23 24 25 27 28 29 30 32 33 34 36 37 40 47 88 89 91 92 94 95 98 101 102 105 108 
 18 22 23 24 25 27 29 30 32 36 47 48 49 67 85 88 91 94 101 
 18 22 23 24 25 28 29 30 33 36 47 49 66 85 88 89 91 94 101 
 16 22 23 24 29 47 48 49 50 66 67 68 85 86 87 88 110 
 23 22 23 24 25 28 29 30 33 34 36 37 40 47 88 89 91 92 95 99 101 102 105 109 
 16 22 23 25 28 30 33 36 47 48 49 66 85 88 91 95 101 
 17 22 23 24 25 28 30 33 37 47 48 66 84 88 89 92 95 102 
 17 22 23 25 30 47 48 49 50 66 67 68 84 85 86 87 88 110 
 17 22 23 24 25 29 30 34 37 47 48 65 84 88 89 92 95 102 
 16 22 23 25 30 47 48 49 65 66 67 68 84 85 86 88 109 
 15 22 24 25 30 47 48 49 65 66 67 84 85 86 89 109 
 15 22 47 48 49 50 65 66 67 68 84 85 86 87 109 110 
 29 22 23 24 26 27 28 29 31 32 33 34 37 38 39 40 89 90 91 92 96 97 98 99 102 103 104 105 109 110 
 22 22 23 26 27 28 31 32 33 37 38 39 46 89 90 91 96 97 98 102 103 104 109 
 26 22 23 24 26 27 28 31 32 33 37 38 39 40 46 89 90 91 92 96 97 98 102 103 104 105 109 
 15 22 23 26 27 31 32 37 46 50 65 84 89 90 96 102 
 26 22 23 24 26 27 28 29 31 32 33 34 38 39 40 46 89 90 91 92 96 97 98 103 104 105 110 
 16 22 23 26 27 31 32 38 46 49 65 83 89 90 91 96 103 
 19 22 23 24 26 27 28 31 32 33 38 46 49 64 83 89 90 91 96 103 
 15 22 23 26 31 46 49 50 64 65 68 83 84 87 89 109 
 25 22 23 24 26 27 28 29 31 32 33 34 38 39 40 45 89 90 91 92 97 99 103 104 105 110 
 17 22 23 26 28 31 33 38 45 46 49 64 83 89 90 91 97 103 
 20 22 23 24 26 27 28 31 32 33 39 45 46 48 64 82 89 90 92 97 104 
 18 22 23 26 31 45 46 48 49 50 64 65 68 82 83 84 87 89 108 
 19 22 23 24 26 27 29 31 32 34 39 45 46 48 63 82 90 92 97 104 
 17 22 23 26 31 45 46 48 49 63 64 65 68 82 83 86 90 108 
 16 22 24 27 32 45 46 48 49 63 64 67 82 83 86 90 108 
 19 22 45 46 48 49 50 63 64 65 67 68 82 83 84 86 87 108 109 110 
 19 23 24 27 28 29 32 33 34 39 40 45 90 91 92 98 99 104 105 110 
 15 23 27 28 32 33 39 45 46 48 63 82 90 91 98 104 
 17 23 24 27 28 32 33 40 45 46 47 63 81 90 91 92 98 105 
 17 23 27 32 45 46 47 48 50 63 65 67 81 82 84 86 90 107 
 18 23 24 27 28 29 32 33 34 40 45 46 47 62 81 91 92 98 105 
 18 23 27 32 45 46 47 48 49 62 63 65 67 81 82 83 85 91 107 
 17 23 24 28 33 45 46 47 49 62 63 64 66 81 83 85 91 107 
 24 23 45 46 47 48 49 50 62 63 64 65 66 67 68 81 82 83 84 85 86 87 107 109 110 
 15 23 24 28 29 33 34 40 45 47 62 81 91 92 99 105 
 18 23 28 33 45 46 47 48 49 62 63 64 66 81 82 83 85 91 106 
 17 23 24 28 33 45 46 47 48 62 63 64 66 81 82 84 92 106 
 25 23 45 46 47 48 49 50 62 63 64 65 66 67 68 81 82 83 84 85 86 87 106 107 108 110 
 16 23 24 29 34 45 46 47 48 62 63 65 81 82 84 92 106 
 23 23 45 46 47 48 49 62 63 64 65 66 67 68 81 82 83 84 85 86 106 107 108 109 
 22 24 45 46 47 48 49 62 63 64 65 66 67 81 82 83 84 85 86 106 107 108 109 
 25 45 46 47 48 49 50 62 63 64 65 66 67 68 81 82 83 84 85 86 87 106 107 108 109 110 
 26 24 25 26 27 28 29 34 35 36 37 38 39 40 92 93 94 95 96 97 98 99 106 107 108 109 110 
 23 24 25 26 27 28 34 35 36 37 38 39 45 92 93 94 95 96 97 98 106 107 108 109 
 24 24 25 26 27 28 34 35 36 37 38 39 40 44 92 93 94 95 96 97 98 106 107 108 109 
 17 24 25 26 27 34 35 37 44 45 50 62 80 92 93 94 96 106 
 25 24 25 26 27 28 29 34 35 36 37 38 39 40 44 92 93 94 95 96 97 98 106 107 108 110 
 18 24 25 26 27 34 35 36 38 44 45 49 61 80 92 93 94 96 106 
 18 24 25 26 27 28 34 35 36 38 44 49 61 80 92 93 94 96 106 
 14 24 26 34 44 45 49 50 61 62 68 80 87 92 105 
 21 24 25 26 27 28 29 34 35 36 37 38 39 40 44 93 95 97 99 107 109 110 
 17 24 25 26 28 34 35 36 38 44 45 49 61 79 93 95 97 107 
 17 24 25 26 27 28 34 35 37 39 44 48 60 79 93 95 97 107 
 18 24 25 26 34 44 45 48 49 50 60 61 62 68 79 80 87 93 105 
 16 24 25 26 27 29 35 37 39 44 48 60 79 93 95 97 107 
 16 24 25 26 35 44 45 48 49 60 61 68 79 80 86 93 105 
 15 24 25 27 35 44 48 49 60 61 67 79 80 86 93 104 
 18 24 44 45 48 49 50 60 61 62 67 68 79 80 86 87 104 105 110 
 18 24 25 27 28 29 35 36 37 39 40 43 94 95 98 99 108 109 110 
 16 24 25 27 28 35 36 39 43 45 48 60 78 94 95 98 108 
 17 24 25 27 28 35 36 37 40 43 44 47 59 78 94 95 98 108 
 19 24 25 27 35 43 44 45 47 48 50 59 60 62 67 78 80 86 94 104 
 17 24 25 27 28 29 36 37 40 43 44 47 59 78 94 95 98 108 
 19 24 25 27 36 43 44 45 47 48 49 59 60 61 67 78 80 85 94 104 
 16 24 25 28 36 43 44 47 49 59 61 66 78 80 85 94 103 
 24 24 43 44 45 47 48 49 50 59 60 61 62 66 67 68 78 80 85 86 87 103 104 105 110 
 14 25 28 29 36 37 40 43 44 47 59 77 95 99 109 
 19 25 28 36 43 44 45 47 48 49 59 60 61 66 77 78 79 85 95 103 
 16 25 28 37 43 44 47 48 59 60 66 77 78 79 84 95 103 
 27 25 43 44 45 47 48 49 50 59 60 61 62 66 67 68 77 78 79 80 84 85 86 87 103 104 105 110 
 16 25 29 37 43 44 47 48 59 60 65 77 78 79 84 95 102 
 26 25 43 44 45 47 48 49 59 60 61 65 66 67 68 77 78 79 80 84 85 86 102 103 104 105 109 
 23 25 43 44 47 48 49 59 60 61 65 66 67 77 78 79 80 84 85 86 102 103 104 109 
 29 43 44 45 47 48 49 50 59 60 61 62 65 66 67 68 77 78 79 80 84 85 86 87 102 103 104 105 109 110 
 15 26 27 28 29 37 38 39 40 43 96 97 98 99 109 110 
 15 26 27 28 37 38 39 43 45 46 58 77 96 97 98 109 
 16 26 27 28 37 38 39 40 43 44 46 58 77 96 97 98 109 
 16 26 27 37 43 44 45 46 50 58 62 65 77 80 84 96 102 
 16 26 27 28 29 38 39 40 43 44 46 58 76 96 97 98 110 
 17 26 27 38 43 44 45 46 49 58 61 65 76 77 80 83 96 102 
 17 26 27 28 38 43 44 46 49 58 61 64 76 77 80 83 96 101 
 23 26 43 44 45 46 49 50 58 61 62 64 65 68 76 77 80 83 84 87 101 102 105 109 
 15 26 27 28 29 38 39 40 43 44 45 57 76 97 99 110 
 18 26 28 38 43 44 45 46 49 57 58 61 64 76 77 79 83 97 101 
 19 26 27 28 39 43 44 45 46 48 57 58 60 64 76 77 79 82 97 101 
 28 26 43 44 45 46 48 49 50 57 58 60 61 62 64 65 68 76 77 79 80 82 83 84 87 101 102 105 108 
 18 26 27 29 39 43 44 45 46 48 57 58 60 63 76 79 82 97 100 
 27 26 43 44 45 46 48 49 57 58 60 61 63 64 65 68 76 77 79 80 82 83 86 100 101 102 105 108 
 25 27 43 44 45 46 48 49 57 58 60 61 63 64 67 76 77 79 80 82 83 86 100 101 104 108 
 34 43 44 45 46 48 49 50 57 58 60 61 62 63 64 65 67 68 76 77 79 80 82 83 84 86 87 100 101 102 104 105 108 109 110 
 12 27 28 29 39 40 43 45 57 76 98 99 110 
 17 27 28 39 43 45 46 48 57 58 60 63 76 77 78 82 98 100 
 18 27 28 40 43 44 45 46 47 57 58 59 63 76 77 78 81 98 100 
 28 27 43 44 45 46 47 48 50 57 58 59 60 62 63 65 67 76 77 78 80 81 82 84 86 100 102 104 107 
 18 27 28 29 40 43 44 45 46 47 57 58 59 62 76 78 81 98 99 
 30 27 43 44 45 46 47 48 49 57 58 59 60 61 62 63 65 67 76 77 78 80 81 82 83 85 99 100 102 104 107 
 27 28 43 44 45 46 47 49 57 58 59 61 62 63 64 66 76 77 78 80 81 83 85 99 100 101 103 107 
 41 43 44 45 46 47 48 49 50 57 58 59 60 61 62 63 64 65 66 67 68 76 77 78 80 81 82 83 84 85 86 87 99 100 101 102 103 104 105 107 109 110 
 14 28 29 40 43 44 45 47 57 59 62 76 77 81 99 
 30 28 43 44 45 46 47 48 49 57 58 59 60 61 62 63 64 66 76 77 78 79 81 82 83 85 99 100 101 103 106 
 27 28 43 44 45 46 47 48 57 58 59 60 62 63 64 66 76 77 78 79 81 82 84 99 100 101 103 106 
 43 43 44 45 46 47 48 49 50 57 58 59 60 61 62 63 64 65 66 67 68 76 77 78 79 80 81 82 83 84 85 86 87 99 100 101 102 103 104 105 106 107 108 110 
 25 29 43 44 45 46 47 48 57 58 59 60 62 63 65 76 77 78 79 81 82 84 99 100 102 106 
 41 43 44 45 46 47 48 49 57 58 59 60 61 62 63 64 65 66 67 68 76 77 78 79 80 81 82 83 84 85 86 99 100 101 102 103 104 105 106 107 108 109 
 39 43 44 45 46 47 48 49 57 58 59 60 61 62 63 64 65 66 67 76 77 78 79 80 81 82 83 84 85 86 99 100 101 102 103 104 106 107 108 109 
 44 43 44 45 46 47 48 49 50 57 58 59 60 61 62 63 64 65 66 67 68 76 77 78 79 80 81 82 83 84 85 86 87 99 100 101 102 103 104 105 106 107 108 109 110 
 24 29 30 31 32 33 34 35 36 37 38 39 40 99 100 101 102 103 104 105 106 107 108 109 110 
 22 29 30 31 32 33 34 35 36 37 38 39 43 99 100 101 102 103 104 106 107 108 109 
 24 29 30 31 32 33 34 35 36 37 38 39 40 42 99 100 101 102 103 104 105 106 107 108 109 
 16 29 30 31 32 34 35 37 42 43 50 57 75 99 100 102 106 
 24 29 30 31 32 33 34 35 36 37 38 39 40 42 99 100 101 102 103 104 105 106 107 108 110 
 18 29 30 31 32 34 35 36 38 42 43 49 56 75 99 100 101 103 106 
 18 29 30 31 32 33 34 35 36 38 42 49 56 75 99 100 101 103 106 
 13 29 31 34 42 43 49 50 56 57 68 75 87 99 
 23 29 30 31 32 33 34 35 36 37 38 39 40 42 99 100 101 102 103 104 105 107 109 110 
 18 29 30 31 33 34 35 36 38 42 43 49 56 74 99 100 101 103 107 
 18 29 30 31 32 33 34 35 37 39 42 48 55 74 99 100 102 104 107 
 18 29 30 31 34 42 43 48 49 50 55 56 57 68 74 75 87 98 99 
 16 29 30 31 32 34 35 37 39 42 48 55 74 100 102 104 107 
 16 29 30 31 35 42 43 48 49 55 56 68 74 75 86 98 100 
 15 29 30 32 35 42 48 49 55 56 67 74 75 86 98 100 
 18 29 42 43 48 49 50 55 56 57 67 68 74 75 86 87 98 99 110 
 19 29 30 32 33 34 35 36 37 39 40 41 100 101 102 104 105 108 109 110 
 16 29 30 32 33 35 36 39 41 43 48 55 73 100 101 104 108 
 18 29 30 32 33 35 36 37 40 41 42 47 54 73 100 101 102 105 108 
 19 29 30 32 35 41 42 43 47 48 50 54 55 57 67 73 75 86 97 100 
 17 29 30 32 33 34 36 37 40 41 42 47 54 73 101 102 105 108 
 19 29 30 32 36 41 42 43 47 48 49 54 55 56 67 73 75 85 97 101 
 16 29 30 33 36 41 42 47 49 54 56 66 73 75 85 97 101 
 23 29 41 42 43 47 48 49 50 54 55 56 57 66 67 68 73 75 85 86 87 97 99 110 
 15 30 33 34 36 37 40 41 42 47 54 72 101 102 105 109 
 19 30 33 36 41 42 43 47 48 49 54 55 56 66 72 73 74 85 96 101 
 16 30 33 37 41 42 47 48 54 55 66 72 73 74 84 96 102 
 27 30 41 42 43 47 48 49 50 54 55 56 57 66 67 68 72 73 74 75 84 85 86 87 96 97 98 110 
 16 30 34 37 41 42 47 48 54 55 65 72 73 74 84 96 102 
 25 30 41 42 43 47 48 49 54 55 56 65 66 67 68 72 73 74 75 84 85 86 96 97 98 109 
 23 30 41 42 47 48 49 54 55 56 65 66 67 72 73 74 75 84 85 86 96 97 98 109 
 29 41 42 43 47 48 49 50 54 55 56 57 65 66 67 68 72 73 74 75 84 85 86 87 96 97 98 99 109 110 
 15 31 32 33 34 37 38 39 40 41 102 103 104 105 109 110 
 15 31 32 33 37 38 39 41 43 46 53 72 102 103 104 109 
 17 31 32 33 37 38 39 40 41 42 46 53 72 102 103 104 105 109 
 16 31 32 37 41 42 43 46 50 53 57 65 72 75 84 95 102 
 16 31 32 33 34 38 39 40 41 42 46 53 71 103 104 105 110 
 17 31 32 38 41 42 43 46 49 53 56 65 71 72 75 83 95 103 
 17 31 32 33 38 41 42 46 49 53 56 64 71 72 75 83 95 103 
 22 31 41 42 43 46 49 50 53 56 57 64 65 68 71 72 75 83 84 87 95 99 109 
 16 31 32 33 34 38 39 40 41 42 45 52 71 103 104 105 110 
 19 31 33 38 41 42 43 45 46 49 52 53 56 64 71 72 74 83 94 103 
 19 31 32 33 39 41 42 45 46 48 52 53 55 64 71 72 74 82 94 104 
 29 31 41 42 43 45 46 48 49 50 52 53 55 56 57 64 65 68 71 72 74 75 82 83 84 87 94 95 98 108 
 18 31 32 34 39 41 42 45 46 48 52 53 55 63 71 74 82 94 104 
 27 31 41 42 43 45 46 48 49 52 53 55 56 63 64 65 68 71 72 74 75 82 83 86 94 95 98 108 
 25 32 41 42 45 46 48 49 52 53 55 56 63 64 67 71 72 74 75 82 83 86 94 95 98 108 
 34 41 42 43 45 46 48 49 50 52 53 55 56 57 63 64 65 67 68 71 72 74 75 82 83 84 86 87 94 95 98 99 108 109 110 
 12 32 33 34 39 40 41 45 52 71 104 105 110 
 18 32 33 39 41 43 45 46 48 52 53 55 63 71 72 73 82 93 104 
 18 32 33 40 41 42 45 46 47 52 53 54 63 71 72 73 81 93 105 
 29 32 41 42 43 45 46 47 48 50 52 53 54 55 57 63 65 67 71 72 73 75 81 82 84 86 93 95 97 107 
 18 32 33 34 40 41 42 45 46 47 52 53 54 62 71 73 81 93 105 
 30 32 41 42 43 45 46 47 48 49 52 53 54 55 56 62 63 65 67 71 72 73 75 81 82 83 85 93 95 97 107 
 26 33 41 42 45 46 47 49 52 53 54 56 62 63 64 66 71 72 73 75 81 83 85 93 95 97 107 
 40 41 42 43 45 46 47 48 49 50 52 53 54 55 56 57 62 63 64 65 66 67 68 71 72 73 75 81 82 83 84 85 86 87 93 95 97 99 107 109 110 
 15 33 34 40 41 42 45 47 52 54 62 71 72 81 92 105 
 31 33 41 42 43 45 46 47 48 49 52 53 54 55 56 62 63 64 66 71 72 73 74 81 82 83 85 92 93 94 96 106 
 27 33 41 42 45 46 47 48 52 53 54 55 62 63 64 66 71 72 73 74 81 82 84 92 93 94 96 106 
 45 41 42 43 45 46 47 48 49 50 52 53 54 55 56 57 62 63 64 65 66 67 68 71 72 73 74 75 81 82 83 84 85 86 87 92 93 94 95 96 97 98 106 107 108 110 
 26 34 41 42 45 46 47 48 52 53 54 55 62 63 65 71 72 73 74 81 82 84 92 93 94 96 106 
 42 41 42 43 45 46 47 48 49 52 53 54 55 56 62 63 64 65 66 67 68 71 72 73 74 75 81 82 83 84 85 86 92 93 94 95 96 97 98 106 107 108 109 
 40 41 42 45 46 47 48 49 52 53 54 55 56 62 63 64 65 66 67 71 72 73 74 75 81 82 83 84 85 86 92 93 94 95 96 97 98 106 107 108 109 
 47 41 42 43 45 46 47 48 49 50 52 53 54 55 56 57 62 63 64 65 66 67 68 71 72 73 74 75 81 82 83 84 85 86 87 92 93 94 95 96 97 98 99 106 107 108 109 110 
 13 34 35 36 37 38 39 40 41 106 107 108 109 110 
 15 34 35 36 37 38 39 41 43 45 52 70 106 107 108 109 
 16 34 35 36 37 38 39 40 41 42 44 51 70 106 107 108 109 
 18 34 35 37 41 42 43 44 45 50 51 52 57 62 70 75 80 92 106 
 16 34 35 36 37 38 39 40 41 42 44 51 70 106 107 108 110 
 19 34 35 36 38 41 42 43 44 45 49 51 52 56 61 70 75 80 92 106 
 16 34 35 36 38 41 42 44 49 51 56 61 70 75 80 91 106 
 23 34 41 42 43 44 45 49 50 51 52 56 57 61 62 68 70 75 80 87 91 92 99 105 
 15 34 35 36 37 38 39 40 41 42 44 51 69 107 109 110 
 20 34 35 36 38 41 42 43 44 45 49 51 52 56 61 69 70 74 79 91 107 
 17 34 35 37 39 41 42 44 48 51 55 60 69 70 74 79 91 107 
 29 34 41 42 43 44 45 48 49 50 51 52 55 56 57 60 61 62 68 69 70 74 75 79 80 87 91 92 98 105 
 16 35 37 39 41 42 44 48 51 55 60 69 70 74 79 90 107 
 27 35 41 42 43 44 45 48 49 51 52 55 56 60 61 68 69 70 74 75 79 80 86 90 91 92 98 105 
 23 35 41 42 44 48 49 51 55 56 60 61 67 69 70 74 75 79 80 86 90 91 98 104 
 34 41 42 43 44 45 48 49 50 51 52 55 56 57 60 61 62 67 68 69 70 74 75 79 80 86 87 90 91 92 98 99 104 105 110 
 12 35 36 37 39 40 41 43 50 69 108 109 110 
 17 35 36 39 41 43 45 48 50 52 55 60 69 70 73 78 90 108 
 19 35 36 37 40 41 42 43 44 47 50 51 54 59 69 70 73 78 90 108 
 29 35 41 42 43 44 45 47 48 50 51 52 54 55 57 59 60 62 67 69 70 73 75 78 80 86 90 92 97 104 
 18 36 37 40 41 42 43 44 47 50 51 54 59 69 70 73 78 89 108 
 31 36 41 42 43 44 45 47 48 49 50 51 52 54 55 56 59 60 61 67 69 70 73 75 78 80 85 89 90 92 97 104 
 26 36 41 42 43 44 47 49 50 51 54 56 59 61 66 69 70 73 75 78 80 85 89 90 91 97 103 
 41 41 42 43 44 45 47 48 49 50 51 52 54 55 56 57 59 60 61 62 66 67 68 69 70 73 75 78 80 85 86 87 89 90 91 92 97 99 103 104 105 110 
 17 36 37 40 41 42 43 44 47 50 51 54 59 69 72 77 89 109 
 33 36 41 42 43 44 45 47 48 49 50 51 52 54 55 56 59 60 61 66 69 70 72 73 74 77 78 79 85 89 90 91 96 103 
 28 37 41 42 43 44 47 48 50 51 54 55 59 60 66 69 70 72 73 74 77 78 79 84 89 90 91 96 103 
 47 41 42 43 44 45 47 48 49 50 51 52 54 55 56 57 59 60 61 62 66 67 68 69 70 72 73 74 75 77 78 79 80 84 85 86 87 89 90 91 92 96 97 98 103 104 105 110 
 27 37 41 42 43 44 47 48 50 51 54 55 59 60 65 69 70 72 73 74 77 78 79 84 89 90 96 102 
 46 41 42 43 44 45 47 48 49 50 51 52 54 55 56 59 60 61 65 66 67 68 69 70 72 73 74 75 77 78 79 80 84 85 86 89 90 91 92 96 97 98 102 103 104 105 109 
 41 41 42 43 44 47 48 49 50 51 54 55 56 59 60 61 65 66 67 69 70 72 73 74 75 77 78 79 80 84 85 86 89 90 91 96 97 98 102 103 104 109 
 51 41 42 43 44 45 47 48 49 50 51 52 54 55 56 57 59 60 61 62 65 66 67 68 69 70 72 73 74 75 77 78 79 80 84 85 86 87 89 90 91 92 96 97 98 99 102 103 104 105 109 110 
 10 37 38 39 40 41 43 50 69 109 110 
 17 37 38 39 41 43 45 46 50 52 53 58 69 70 72 77 89 109 
 19 37 38 39 40 41 42 43 44 46 50 51 53 58 69 70 72 77 88 109 
 27 37 41 42 43 44 45 46 50 51 52 53 57 58 62 65 69 70 72 75 77 80 84 88 89 92 95 102 
 18 38 39 40 41 42 43 44 46 50 51 53 58 69 70 71 76 88 110 
 30 38 41 42 43 44 45 46 49 50 51 52 53 56 58 61 65 69 70 71 72 75 76 77 80 83 88 89 92 95 102 
 27 38 41 42 43 44 46 49 50 51 53 56 58 61 64 69 70 71 72 75 76 77 80 83 88 91 95 101 
 40 41 42 43 44 45 46 49 50 51 52 53 56 57 58 61 62 64 65 68 69 70 71 72 75 76 77 80 83 84 87 88 89 91 92 95 99 101 102 105 109 
 17 38 39 40 41 42 43 44 45 50 51 52 57 69 71 76 88 110 
 31 38 41 42 43 44 45 46 49 50 51 52 53 56 57 58 61 64 69 70 71 72 74 76 77 79 83 88 89 91 94 101 
 30 39 41 42 43 44 45 46 48 50 51 52 53 55 57 58 60 64 69 70 71 72 74 76 77 79 82 88 91 94 101 
 47 41 42 43 44 45 46 48 49 50 51 52 53 55 56 57 58 60 61 62 64 65 68 69 70 71 72 74 75 76 77 79 80 82 83 84 87 88 89 91 92 94 95 98 101 102 105 108 
 28 39 41 42 43 44 45 46 48 50 51 52 53 55 57 58 60 63 69 70 71 74 76 79 82 88 90 94 100 
 48 41 42 43 44 45 46 48 49 50 51 52 53 55 56 57 58 60 61 63 64 65 68 69 70 71 72 74 75 76 77 79 80 82 83 86 88 89 90 91 92 94 95 98 100 101 102 105 108 
 44 41 42 43 44 45 46 48 49 50 51 52 53 55 56 57 58 60 61 63 64 67 69 70 71 72 74 75 76 77 79 80 82 83 86 88 90 91 94 95 98 100 101 104 108 
 56 41 42 43 44 45 46 48 49 50 51 52 53 55 56 57 58 60 61 62 63 64 65 67 68 69 70 71 72 74 75 76 77 79 80 82 83 84 86 87 88 89 90 91 92 94 95 98 99 100 101 102 104 105 108 109 110 
 13 39 40 41 43 45 50 52 57 69 71 76 87 110 
 28 39 41 43 45 46 48 50 52 53 55 57 58 60 63 69 70 71 72 73 76 77 78 82 87 89 90 93 100 
 31 40 41 42 43 44 45 46 47 50 51 52 53 54 57 58 59 63 69 70 71 72 73 76 77 78 81 87 88 90 93 100 
 48 41 42 43 44 45 46 47 48 50 51 52 53 54 55 57 58 59 60 62 63 65 67 69 70 71 72 73 75 76 77 78 80 81 82 84 86 87 88 89 90 92 93 95 97 100 102 104 107 
 29 40 41 42 43 44 45 46 47 50 51 52 53 54 57 58 59 62 69 70 71 73 76 78 81 87 88 89 93 99 
 52 41 42 43 44 45 46 47 48 49 50 51 52 53 54 55 56 57 58 59 60 61 62 63 65 67 69 70 71 72 73 75 76 77 78 80 81 82 83 85 87 88 89 90 92 93 95 97 99 100 102 104 107 
 48 41 42 43 44 45 46 47 49 50 51 52 53 54 56 57 58 59 61 62 63 64 66 69 70 71 72 73 75 76 77 78 80 81 83 85 87 88 89 90 91 93 95 97 99 100 101 103 107 
 63 41 42 43 44 45 46 47 48 49 50 51 52 53 54 55 56 57 58 59 60 61 62 63 64 65 66 67 68 69 70 71 72 73 75 76 77 78 80 81 82 83 84 85 86 87 88 89 90 91 92 93 95 97 99 100 101 102 103 104 105 107 109 110 
 25 40 41 42 43 44 45 47 50 51 52 54 57 59 62 69 71 72 76 77 81 87 88 89 92 99 
 53 41 42 43 44 45 46 47 48 49 50 51 52 53 54 55 56 57 58 59 60 61 62 63 64 66 69 70 71 72 73 74 76 77 78 79 81 82 83 85 87 88 89 90 91 92 93 94 96 99 100 101 103 106 
 49 41 42 43 44 45 46 47 48 50 51 52 53 54 55 57 58 59 60 62 63 64 66 69 70 71 72 73 74 76 77 78 79 81 82 84 87 88 89 90 91 92 93 94 96 99 100 101 103 106 
 69 41 42 43 44 45 46 47 48 49 50 51 52 53 54 55 56 57 58 59 60 61 62 63 64 65 66 67 68 69 70 71 72 73 74 75 76 77 78 79 80 81 82 83 84 85 86 87 88 89 90 91 92 93 94 95 96 97 98 99 100 101 102 103 104 105 106 107 108 110 
 46 41 42 43 44 45 46 47 48 50 51 52 53 54 55 57 58 59 60 62 63 65 69 70 71 72 73 74 76 77 78 79 81 82 84 87 88 89 90 92 93 94 96 99 100 102 106 
 69 41 42 43 44 45 46 47 48 49 50 51 52 53 54 55 56 57 58 59 60 61 62 63 64 65 66 67 68 69 70 71 72 73 74 75 76 77 78 79 80 81 82 83 84 85 86 87 88 89 90 91 92 93 94 95 96 97 98 99 100 101 102 103 104 105 106 107 108 109 
 67 41 42 43 44 45 46 47 48 49 50 51 52 53 54 55 56 57 58 59 60 61 62 63 64 65 66 67 69 70 71 72 73 74 75 76 77 78 79 80 81 82 83 84 85 86 87 88 89 90 91 92 93 94 95 96 97 98 99 100 101 102 103 104 106 107 108 109 
 70 41 42 43 44 45 46 47 48 49 50 51 52 53 54 55 56 57 58 59 60 61 62 63 64 65 66 67 68 69 70 71 72 73 74 75 76 77 78 79 80 81 82 83 84 85 86 87 88 89 90 91 92 93 94 95 96 97 98 99 100 101 102 103 104 105 106 107 108 109 110 
