 511 70
 3 3 3 3 3 3 3 3 3 3 3 3 3 3 3 3 3 3 3 3 3 3 3 3 3 3 3 3 3 3 3 3 3 3 3 3 3 3 3 3 3 3 3 3 3 3 3 3 3 3 3 3 3 3 3 3 3 3 3 3 3 3 3 3 3 3 3 3 3 3 
 67 1 2 3 4 5 6 7 8 9 10 11 12 13 14 15 16 17 18 19 20 21 22 23 24 25 26 27 29 30 31 32 33 34 35 36 37 38 39 40 41 42 43 44 45 46 47 48 49 50 51 52 53 54 55 56 57 58 59 60 61 62 63 64 66 67 68 69 
 69 1 2 3 4 5 6 7 8 9 10 11 12 13 14 15 16 17 18 19 20 21 22 23 24 25 26 27 28 29 30 31 32 33 34 35 36 37 38 39 40 41 42 43 44 45 46 47 48 49 50 51 52 53 54 55 56 57 58 59 60 61 62 63 64 65 66 67 68 69 
 46 1 2 3 4 5 6 7 8 10 11 12 13 14 15 17 18 19 20 22 23 25 29 30 31 32 33 34 36 37 38 39 41 42 44 47 48 49 50 52 53 54 56 59 60 62 66 
 69 1 2 3 4 5 6 7 8 9 10 11 12 13 14 15 16 17 18 19 20 21 22 23 24 25 26 27 28 29 30 31 32 33 34 35 36 37 38 39 40 41 42 43 44 45 46 47 48 49 50 51 52 53 54 55 56 57 58 59 60 61 62 63 64 65 66 67 68 70 
 49 1 2 3 4 5 6 7 8 10 11 12 13 14 15 17 18 19 20 22 23 24 26 29 30 31 32 33 34 36 37 38 39 41 42 44 47 48 49 50 51 52 53 54 56 59 60 61 63 66 
 53 1 2 3 4 5 6 7 8 9 10 11 12 13 14 15 16 17 18 19 20 21 22 23 24 26 29 30 31 32 33 34 36 37 38 39 41 42 43 45 47 48 49 50 51 52 53 54 56 59 60 61 63 66 
 24 1 2 3 4 5 7 10 11 12 14 17 19 22 29 31 32 36 37 41 47 48 49 52 59 
 63 1 2 3 4 5 6 7 8 9 10 11 12 13 14 15 16 17 18 19 20 21 22 23 24 25 26 27 28 29 30 31 32 33 35 36 37 38 40 41 42 43 44 45 46 47 48 49 50 51 52 53 55 57 59 60 61 62 63 64 65 67 69 70 
 48 1 2 3 4 5 6 7 9 10 11 12 13 14 16 17 18 19 21 22 23 24 26 29 30 31 32 33 35 36 37 38 40 41 43 45 47 48 49 50 51 53 55 57 59 60 61 63 67 
 52 1 2 3 4 5 6 7 8 9 10 11 12 13 14 15 16 17 18 19 20 21 22 23 25 27 29 30 31 32 33 35 36 37 38 40 41 42 43 45 47 48 49 50 52 53 55 57 59 60 62 64 67 
 28 1 2 3 4 5 6 7 10 11 12 13 14 17 18 19 22 29 30 31 33 36 38 41 47 48 49 53 59 
 48 1 2 3 4 5 6 7 8 10 11 12 13 14 15 17 18 19 20 22 23 25 27 29 30 31 32 33 35 36 37 38 40 41 42 44 46 47 48 49 50 52 53 55 57 60 62 64 67 
 30 1 2 3 4 5 6 7 10 11 12 13 14 17 18 19 23 29 30 31 32 33 36 37 38 41 47 48 50 53 60 
 27 1 3 5 6 8 10 12 13 15 17 18 20 23 29 30 31 32 33 36 37 38 42 47 49 50 53 60 
 11 1 3 5 10 12 17 29 31 36 47 70 
 56 1 2 3 4 5 6 8 9 10 11 12 13 15 16 17 18 20 21 22 23 24 25 27 28 29 30 31 32 34 35 36 37 39 40 42 43 44 46 47 48 49 50 51 52 54 55 58 59 60 61 62 64 65 68 69 70 
 44 1 2 3 4 5 6 8 9 10 11 12 13 15 16 17 18 20 21 23 24 27 29 30 31 32 34 35 36 37 39 40 42 43 46 48 50 51 54 55 58 60 61 64 68 
 48 1 2 3 4 5 6 8 9 10 11 12 13 15 16 17 18 20 21 23 24 25 28 29 30 31 32 34 35 36 37 39 40 42 43 46 48 49 50 51 52 54 55 58 60 61 62 65 68 
 27 1 2 3 4 5 6 8 10 11 12 13 15 17 18 20 23 29 30 31 34 36 39 42 48 50 54 60 
 47 1 2 3 4 5 6 8 9 10 11 12 13 15 16 17 18 20 21 22 24 25 28 29 30 31 32 34 35 36 37 39 40 42 43 44 47 48 49 51 52 54 55 58 61 62 65 68 
 29 1 2 3 4 5 6 8 10 11 12 13 15 17 18 20 24 29 30 31 32 34 36 37 39 42 48 51 54 61 
 30 1 2 3 4 5 6 9 10 11 12 13 16 17 18 21 24 29 30 31 32 34 36 37 39 43 48 49 51 54 61 
 14 1 2 3 4 5 10 11 12 17 29 31 36 48 70 
 40 1 2 3 4 5 6 9 10 11 12 13 16 17 18 21 22 24 25 28 29 30 31 32 35 36 37 40 43 44 47 48 49 51 52 55 59 61 62 65 69 
 26 1 2 3 4 6 9 10 11 13 16 18 21 24 29 30 31 32 35 36 37 40 43 48 51 55 61 
 29 1 2 3 4 5 6 9 10 11 12 13 16 18 21 25 29 30 31 32 35 36 37 40 43 48 49 52 55 62 
 15 1 2 3 4 6 10 11 13 18 29 30 31 36 48 70 
 26 1 2 3 4 5 6 10 11 12 13 17 18 22 25 29 30 32 35 37 40 44 48 49 52 55 62 
 15 1 2 3 4 6 10 11 13 18 29 30 32 37 48 69 
 14 1 3 5 6 10 12 13 18 29 30 32 37 49 69 
 6 1 3 10 29 69 70 
 51 1 2 3 4 5 7 8 9 10 11 12 14 15 16 17 19 20 21 22 25 26 27 28 29 30 32 33 34 35 37 38 39 40 44 45 46 47 49 50 51 52 56 57 58 59 62 63 64 65 69 70 
 41 1 2 3 4 7 8 9 10 11 14 15 16 19 20 21 25 26 27 29 30 32 33 34 35 37 38 39 40 44 45 46 49 50 51 56 57 58 62 63 64 69 
 46 1 2 3 4 5 7 8 9 10 11 12 14 15 16 19 20 21 25 26 27 28 29 30 32 33 34 35 37 38 39 40 44 45 46 49 50 51 52 56 57 58 62 63 64 65 69 
 26 1 2 3 4 7 8 10 11 14 15 19 20 25 29 30 32 33 34 37 38 39 44 49 50 56 62 
 47 1 2 3 4 5 7 8 9 10 11 12 14 15 16 17 19 20 21 22 26 27 28 29 30 32 33 34 35 37 38 39 40 44 45 46 47 49 50 51 52 56 57 58 63 64 65 70 
 27 1 2 3 4 7 8 10 11 14 15 19 20 26 29 30 32 33 34 37 38 39 44 49 50 51 56 63 
 32 1 2 3 4 5 7 8 9 10 11 12 14 15 16 19 20 21 26 29 30 32 33 34 37 38 39 45 49 50 51 56 63 
 14 1 2 3 4 7 10 11 14 19 29 32 37 49 69 
 41 1 2 3 4 5 7 8 9 10 11 12 14 15 16 17 19 20 21 22 26 27 28 29 30 33 35 38 40 45 46 47 49 50 51 52 57 59 63 64 65 70 
 25 1 2 3 4 7 9 10 11 14 16 19 21 26 29 30 33 35 38 40 45 49 50 51 57 63 
 30 1 2 3 4 5 7 8 9 10 11 12 14 15 16 19 20 21 27 29 30 33 35 38 40 45 49 50 52 57 64 
 15 1 2 3 4 7 10 11 14 19 29 30 33 38 49 68 
 28 1 2 3 4 5 7 8 10 11 12 14 15 17 19 20 22 27 29 30 33 35 38 40 46 50 52 57 64 
 15 1 2 3 4 7 10 11 14 19 29 30 33 38 50 68 
 14 1 3 5 8 10 12 15 20 29 30 33 38 50 68 
 7 1 3 10 29 68 69 70 
 34 1 2 3 4 5 8 9 10 11 12 15 16 17 20 21 22 27 28 29 30 34 35 39 40 46 47 50 51 52 58 59 64 65 70 
 22 1 2 4 8 9 11 15 16 20 21 27 29 30 34 35 39 40 46 50 51 58 64 
 26 1 2 3 4 5 8 9 11 12 15 16 20 21 28 29 30 34 35 39 40 46 50 51 52 58 65 
 13 1 2 4 8 11 15 20 29 30 34 39 50 67 
 28 1 2 3 4 5 8 9 10 11 12 15 16 17 20 21 22 28 29 30 34 35 39 40 47 51 52 58 65 
 13 1 2 4 8 11 15 20 29 30 34 39 51 67 
 16 1 2 3 4 5 9 11 12 16 21 29 30 34 39 51 67 
 8 1 2 4 11 29 67 69 70 
 22 1 2 3 4 5 9 10 11 12 16 17 21 22 28 30 35 40 47 51 52 59 65 
 12 1 2 4 9 11 16 21 30 35 40 51 66 
 15 1 2 3 4 5 9 11 12 16 21 30 35 40 52 66 
 9 1 2 4 11 30 66 67 68 70 
 15 1 2 3 4 5 10 11 12 17 22 30 35 40 52 66 
 9 1 2 4 11 30 66 67 68 69 
 9 1 3 5 12 30 66 67 68 69 
 6 1 66 67 68 69 70 
 47 1 2 3 5 6 7 8 9 10 12 13 14 15 16 17 22 23 24 25 26 27 28 31 32 33 34 35 41 42 43 44 45 46 47 52 53 54 55 56 57 58 59 66 67 68 69 70 
 40 1 2 5 6 7 8 9 12 13 14 15 16 22 23 24 25 26 27 31 32 33 34 35 41 42 43 44 45 46 52 53 54 55 56 57 58 66 67 68 69 
 42 1 2 3 5 6 7 8 9 12 13 14 15 16 22 23 24 25 26 27 28 31 32 33 34 35 41 42 43 44 45 46 52 53 54 55 56 57 58 66 67 68 69 
 25 1 2 5 6 7 8 12 13 14 15 22 23 25 31 32 33 34 41 42 44 52 53 54 56 66 
 45 1 2 3 5 6 7 8 9 10 12 13 14 15 16 17 22 23 24 25 26 27 28 31 32 33 34 35 41 42 43 44 45 46 47 52 53 54 55 56 57 58 66 67 68 70 
 26 1 2 5 6 7 8 12 13 14 15 22 23 24 26 31 32 33 34 41 42 44 52 53 54 56 66 
 30 1 2 3 5 6 7 8 9 12 13 14 15 16 22 23 24 26 31 32 33 34 41 42 43 45 52 53 54 56 66 
 12 1 2 5 7 12 14 22 31 32 41 52 65 
 40 1 2 3 5 6 7 8 9 10 12 13 14 15 16 17 22 23 24 25 26 27 28 31 32 33 35 41 42 43 44 45 46 47 53 55 57 59 67 69 70 
 25 1 2 5 6 7 9 12 13 14 16 22 23 24 26 31 32 33 35 41 43 45 53 55 57 67 
 29 1 2 3 5 6 7 8 9 12 13 14 15 16 22 23 25 27 31 32 33 35 41 42 43 45 53 55 57 67 
 14 1 2 5 6 7 12 13 14 22 31 33 41 53 65 
 28 1 2 3 5 6 7 8 10 12 13 14 15 17 23 25 27 31 32 33 35 41 42 44 46 53 55 57 67 
 15 1 2 5 6 7 12 13 14 23 31 32 33 41 53 65 
 15 1 3 5 6 8 12 13 15 23 31 32 33 42 53 64 
 7 1 5 12 31 64 65 70 
 34 1 2 3 5 6 8 9 10 12 13 15 16 17 23 24 25 27 28 31 32 34 35 42 43 44 46 47 54 55 58 59 68 69 70 
 24 1 2 5 6 8 9 12 13 15 16 23 24 27 31 32 34 35 42 43 46 54 55 58 68 
 26 1 2 3 5 6 8 9 12 13 15 16 23 24 25 28 31 32 34 35 42 43 46 54 55 58 68 
 14 1 2 5 6 8 12 13 15 23 31 34 42 54 64 
 28 1 2 3 5 6 8 9 10 12 13 15 16 17 24 25 28 31 32 34 35 42 43 44 47 54 55 58 68 
 15 1 2 5 6 8 12 13 15 24 31 32 34 42 54 64 
 16 1 2 3 5 6 9 12 13 16 24 31 32 34 43 54 63 
 9 1 2 5 12 31 63 64 65 70 
 21 1 2 3 6 9 10 13 16 17 24 25 28 31 32 35 43 44 47 55 59 69 
 13 1 2 6 9 13 16 24 31 32 35 43 55 63 
 14 1 2 3 6 9 13 16 25 31 32 35 43 55 63 
 9 1 2 6 13 31 63 64 65 70 
 13 1 2 3 6 10 13 17 25 32 35 44 55 62 
 10 1 2 6 13 32 62 63 64 65 69 
 9 1 3 6 13 32 62 63 64 69 
 7 1 62 63 64 65 69 70 
 29 1 2 3 7 8 9 10 14 15 16 17 25 26 27 28 32 33 34 35 44 45 46 47 56 57 58 59 69 70 
 22 1 2 7 8 9 14 15 16 25 26 27 32 33 34 35 44 45 46 56 57 58 69 
 24 1 2 3 7 8 9 14 15 16 25 26 27 28 32 33 34 35 44 45 46 56 57 58 69 
 13 1 2 7 8 14 15 25 32 33 34 44 56 62 
 26 1 2 3 7 8 9 10 14 15 16 17 26 27 28 32 33 34 35 44 45 46 47 56 57 58 70 
 13 1 2 7 8 14 15 26 32 33 34 44 56 62 
 16 1 2 3 7 8 9 14 15 16 26 32 33 34 45 56 61 
 9 1 2 7 14 32 61 62 65 69 
 22 1 2 3 7 8 9 10 14 15 16 17 26 27 28 33 35 45 46 47 57 59 70 
 12 1 2 7 9 14 16 26 33 35 45 57 61 
 15 1 2 3 7 8 9 14 15 16 27 33 35 45 57 61 
 9 1 2 7 14 33 61 62 65 68 
 15 1 2 3 7 8 10 14 15 17 27 33 35 46 57 60 
 10 1 2 7 14 33 60 61 62 65 68 
 9 1 3 8 15 33 60 61 64 68 
 9 1 60 61 62 64 65 68 69 70 
 17 2 3 8 9 10 15 16 17 27 28 34 35 46 47 58 59 70 
 11 2 8 9 15 16 27 34 35 46 58 60 
 12 2 3 8 9 15 16 28 34 35 46 58 60 
 8 2 8 15 34 60 62 64 67 
 14 2 3 8 9 10 15 16 17 28 34 35 47 58 59 
 9 2 8 15 34 59 60 62 64 67 
 10 2 3 9 16 34 59 60 61 63 67 
 11 2 59 60 61 62 63 64 65 67 69 70 
 10 2 3 9 10 16 17 28 35 47 59 
 9 2 9 16 35 59 60 61 63 66 
 10 2 3 9 16 35 59 60 61 63 66 
 12 2 59 60 61 62 63 64 65 66 67 68 70 
 9 2 3 10 17 35 59 60 62 66 
 12 2 59 60 61 62 63 64 65 66 67 68 69 
 11 3 59 60 61 62 63 64 66 67 68 69 
 12 59 60 61 62 63 64 65 66 67 68 69 70 
 44 3 4 5 6 7 8 9 10 17 18 19 20 21 22 23 24 25 26 27 28 36 37 38 39 40 41 42 43 44 45 46 47 59 60 61 62 63 64 65 66 67 68 69 70 
 39 3 4 5 6 7 8 9 17 18 19 20 21 22 23 24 25 26 27 36 37 38 39 40 41 42 43 44 45 46 59 60 61 62 63 64 66 67 68 69 
 41 3 4 5 6 7 8 9 17 18 19 20 21 22 23 24 25 26 27 28 36 37 38 39 40 41 42 43 44 45 46 59 60 61 62 63 64 65 66 67 68 69 
 24 3 4 5 6 7 8 17 18 19 20 22 23 25 36 37 38 39 41 42 44 59 60 62 66 
 43 3 4 5 6 7 8 9 10 17 18 19 20 21 22 23 24 25 26 27 28 36 37 38 39 40 41 42 43 44 45 46 47 59 60 61 62 63 64 65 66 67 68 70 
 26 3 4 5 6 7 8 17 18 19 20 22 23 24 26 36 37 38 39 41 42 44 59 60 61 63 66 
 29 3 4 5 6 7 8 9 17 18 19 20 21 22 23 24 26 36 37 38 39 41 42 43 45 59 60 61 63 66 
 11 3 4 5 7 17 19 22 36 37 41 59 
 41 3 4 5 6 7 8 9 10 17 18 19 20 21 22 23 24 25 26 27 28 36 37 38 40 41 42 43 44 45 46 47 59 60 61 62 63 64 65 67 69 70 
 26 3 4 5 6 7 9 17 18 19 21 22 23 24 26 36 37 38 40 41 43 45 59 60 61 63 67 
 29 3 4 5 6 7 8 9 17 18 19 20 21 22 23 25 27 36 37 38 40 41 42 43 45 59 60 62 64 67 
 14 3 4 5 6 7 17 18 19 22 36 38 41 58 59 
 27 3 4 5 6 7 8 10 17 18 19 20 22 23 25 27 36 37 38 40 41 42 44 46 60 62 64 67 
 15 3 4 5 6 7 17 18 19 23 36 37 38 41 58 60 
 14 3 5 6 8 17 18 20 23 36 37 38 42 58 60 
 7 3 5 17 36 58 59 70 
 34 3 4 5 6 8 9 10 17 18 20 21 22 23 24 25 27 28 36 37 39 40 42 43 44 46 47 60 61 62 64 65 68 69 70 
 24 3 4 5 6 8 9 17 18 20 21 23 24 27 36 37 39 40 42 43 46 60 61 64 68 
 26 3 4 5 6 8 9 17 18 20 21 23 24 25 28 36 37 39 40 42 43 46 60 61 62 65 68 
 14 3 4 5 6 8 17 18 20 23 36 39 42 57 60 
 27 3 4 5 6 8 9 10 17 18 20 21 22 24 25 28 36 37 39 40 42 43 44 47 61 62 65 68 
 15 3 4 5 6 8 17 18 20 24 36 37 39 42 57 61 
 15 3 4 5 6 9 17 18 21 24 36 37 39 43 57 61 
 8 3 4 5 17 36 57 59 70 
 22 3 4 5 6 9 10 18 21 22 24 25 28 36 37 40 43 44 47 61 62 65 69 
 13 3 4 6 9 18 21 24 36 37 40 43 56 61 
 14 3 4 5 6 9 18 21 25 36 37 40 43 56 62 
 9 3 4 6 18 36 56 57 58 70 
 13 3 4 5 6 10 18 22 25 37 40 44 56 62 
 9 3 4 6 18 37 56 57 58 69 
 9 3 5 6 18 37 56 57 58 69 
 7 3 56 57 58 59 69 70 
 29 3 4 5 7 8 9 10 19 20 21 22 25 26 27 28 37 38 39 40 44 45 46 47 62 63 64 65 69 70 
 22 3 4 7 8 9 19 20 21 25 26 27 37 38 39 40 44 45 46 62 63 64 69 
 25 3 4 5 7 8 9 19 20 21 25 26 27 28 37 38 39 40 44 45 46 62 63 64 65 69 
 13 3 4 7 8 19 20 25 37 38 39 44 55 62 
 26 3 4 5 7 8 9 10 19 20 21 22 26 27 28 37 38 39 40 44 45 46 47 63 64 65 70 
 13 3 4 7 8 19 20 26 37 38 39 44 55 63 
 16 3 4 5 7 8 9 19 20 21 26 37 38 39 45 55 63 
 8 3 4 7 19 37 55 59 69 
 23 3 4 5 7 8 9 10 19 20 21 22 26 27 28 38 40 45 46 47 63 64 65 70 
 12 3 4 7 9 19 21 26 38 40 45 54 63 
 15 3 4 5 7 8 9 19 20 21 27 38 40 45 54 64 
 9 3 4 7 19 38 54 55 58 68 
 15 3 4 5 7 8 10 19 20 22 27 38 40 46 54 64 
 9 3 4 7 19 38 54 55 58 68 
 9 3 5 8 20 38 54 55 58 68 
 8 3 54 55 58 59 68 69 70 
 17 4 5 8 9 10 20 21 22 27 28 39 40 46 47 64 65 70 
 11 4 8 9 20 21 27 39 40 46 53 64 
 12 4 5 8 9 20 21 28 39 40 46 53 65 
 8 4 8 20 39 53 55 57 67 
 14 4 5 8 9 10 20 21 22 28 39 40 47 53 65 
 8 4 8 20 39 53 55 57 67 
 9 4 5 9 21 39 53 55 57 67 
 8 4 53 55 57 59 67 69 70 
 11 4 5 9 10 21 22 28 40 47 52 65 
 9 4 9 21 40 52 53 54 56 66 
 10 4 5 9 21 40 52 53 54 56 66 
 12 4 52 53 54 55 56 57 58 66 67 68 70 
 10 4 5 10 22 40 52 53 54 56 66 
 12 4 52 53 54 55 56 57 58 66 67 68 69 
 12 5 52 53 54 55 56 57 58 66 67 68 69 
 13 52 53 54 55 56 57 58 59 66 67 68 69 70 
 25 5 6 7 8 9 10 22 23 24 25 26 27 28 41 42 43 44 45 46 47 66 67 68 69 70 
 21 5 6 7 8 9 22 23 24 25 26 27 41 42 43 44 45 46 66 67 68 69 
 22 5 6 7 8 9 22 23 24 25 26 27 28 41 42 43 44 45 46 66 67 68 69 
 12 5 6 7 8 22 23 25 41 42 44 52 66 
 24 5 6 7 8 9 10 22 23 24 25 26 27 28 41 42 43 44 45 46 47 66 67 68 70 
 13 5 6 7 8 22 23 24 26 41 42 44 52 66 
 15 5 6 7 8 9 22 23 24 26 41 42 43 45 51 66 
 8 5 7 22 41 51 52 59 65 
 23 5 6 7 8 9 10 22 23 24 25 26 27 28 41 42 43 44 45 46 47 67 69 70 
 13 5 6 7 9 22 23 24 26 41 43 45 51 67 
 15 5 6 7 8 9 22 23 25 27 41 42 43 45 51 67 
 9 5 6 7 22 41 51 52 58 65 
 14 5 6 7 8 10 23 25 27 41 42 44 46 50 67 
 10 5 6 7 23 41 50 51 52 58 65 
 9 5 6 8 23 42 50 51 58 64 
 9 5 50 51 52 58 59 64 65 70 
 18 5 6 8 9 10 23 24 25 27 28 42 43 44 46 47 68 69 70 
 12 5 6 8 9 23 24 27 42 43 46 50 68 
 13 5 6 8 9 23 24 25 28 42 43 46 50 68 
 9 5 6 8 23 42 50 52 57 64 
 14 5 6 8 9 10 24 25 28 42 43 44 47 49 68 
 10 5 6 8 24 42 49 50 52 57 64 
 10 5 6 9 24 43 49 50 51 57 63 
 11 5 49 50 51 52 57 59 63 64 65 70 
 11 6 9 10 24 25 28 43 44 47 49 69 
 9 6 9 24 43 49 50 51 56 63 
 9 6 9 25 43 49 50 51 56 63 
 12 6 49 50 51 52 56 57 58 63 64 65 70 
 8 6 10 25 44 49 50 56 62 
 13 6 49 50 51 52 56 57 58 62 63 64 65 69 
 11 6 49 50 51 56 57 58 62 63 64 69 
 14 49 50 51 52 56 57 58 59 62 63 64 65 69 70 
 14 7 8 9 10 25 26 27 28 44 45 46 47 69 70 
 11 7 8 9 25 26 27 44 45 46 49 69 
 12 7 8 9 25 26 27 28 44 45 46 48 69 
 9 7 8 25 44 48 49 52 55 62 
 13 7 8 9 10 26 27 28 44 45 46 47 48 70 
 9 7 8 26 44 48 49 52 55 62 
 9 7 8 9 26 45 48 51 55 61 
 11 7 48 49 51 52 55 59 61 62 65 69 
 12 7 8 9 10 26 27 28 45 46 47 48 70 
 9 7 9 26 45 48 49 51 54 61 
 9 7 8 9 27 45 48 51 54 61 
 12 7 48 49 51 52 54 55 58 61 62 65 68 
 9 7 8 10 27 46 48 50 54 60 
 14 7 48 49 50 51 52 54 55 58 60 61 62 65 68 
 11 8 48 50 51 54 55 58 60 61 64 68 
 17 48 49 50 51 52 54 55 58 59 60 61 62 64 65 68 69 70 
 8 8 9 10 27 28 46 47 70 
 9 8 9 27 46 47 49 50 53 60 
 9 8 9 28 46 47 48 50 53 60 
 13 8 47 48 49 50 52 53 55 57 60 62 64 67 
 9 8 9 10 28 47 48 49 53 59 
 14 8 47 48 49 50 52 53 55 57 59 60 62 64 67 
 14 9 47 48 49 50 51 53 55 57 59 60 61 63 67 
 19 47 48 49 50 51 52 53 55 57 59 60 61 62 63 64 65 67 69 70 
 8 9 10 28 47 48 49 52 59 
 15 9 47 48 49 50 51 52 53 54 56 59 60 61 63 66 
 15 9 47 48 49 50 51 52 53 54 56 59 60 61 63 66 
 23 47 48 49 50 51 52 53 54 55 56 57 58 59 60 61 62 63 64 65 66 67 68 70 
 13 10 47 48 49 50 52 53 54 56 59 60 62 66 
 23 47 48 49 50 51 52 53 54 55 56 57 58 59 60 61 62 63 64 65 66 67 68 69 
 22 47 48 49 50 51 52 53 54 55 56 57 58 59 60 61 62 63 64 66 67 68 69 
 24 47 48 49 50 51 52 53 54 55 56 57 58 59 60 61 62 63 64 65 66 67 68 69 70 
 43 10 11 12 13 14 15 16 17 18 19 20 21 22 23 24 25 26 27 28 47 48 49 50 51 52 53 54 55 56 57 58 59 60 61 62 63 64 65 66 67 68 69 70 
 40 10 11 12 13 14 15 16 17 18 19 20 21 22 23 24 25 26 27 47 48 49 50 51 52 53 54 55 56 57 58 59 60 61 62 63 64 66 67 68 69 
 42 10 11 12 13 14 15 16 17 18 19 20 21 22 23 24 25 26 27 28 47 48 49 50 51 52 53 54 55 56 57 58 59 60 61 62 63 64 65 66 67 68 69 
 25 10 11 12 13 14 15 17 18 19 20 22 23 25 47 48 49 50 52 53 54 56 59 60 62 66 
 42 10 11 12 13 14 15 16 17 18 19 20 21 22 23 24 25 26 27 28 47 48 49 50 51 52 53 54 55 56 57 58 59 60 61 62 63 64 65 66 67 68 70 
 28 10 11 12 13 14 15 17 18 19 20 22 23 24 26 47 48 49 50 51 52 53 54 56 59 60 61 63 66 
 30 10 11 12 13 14 15 16 17 18 19 20 21 22 23 24 26 47 48 49 50 51 52 53 54 56 59 60 61 63 66 
 12 10 11 12 14 17 19 22 47 48 49 52 59 
 38 10 11 12 13 14 15 16 17 18 19 20 21 22 23 24 25 26 27 28 47 48 49 50 51 52 53 55 57 59 60 61 62 63 64 65 67 69 70 
 27 10 11 12 13 14 16 17 18 19 21 22 23 24 26 47 48 49 50 51 53 55 57 59 60 61 63 67 
 29 10 11 12 13 14 15 16 17 18 19 20 21 22 23 25 27 47 48 49 50 52 53 55 57 59 60 62 64 67 
 14 10 11 12 13 14 17 18 19 22 47 48 49 53 59 
 26 10 11 12 13 14 15 17 18 19 20 22 23 25 27 47 48 49 50 52 53 55 57 60 62 64 67 
 15 10 11 12 13 14 17 18 19 23 46 47 48 50 53 60 
 14 10 12 13 15 17 18 20 23 46 47 49 50 53 60 
 6 10 12 17 46 47 70 
 33 10 11 12 13 15 16 17 18 20 21 22 23 24 25 27 28 48 49 50 51 52 54 55 58 59 60 61 62 64 65 68 69 70 
 23 10 11 12 13 15 16 17 18 20 21 23 24 27 48 50 51 54 55 58 60 61 64 68 
 27 10 11 12 13 15 16 17 18 20 21 23 24 25 28 48 49 50 51 52 54 55 58 60 61 62 65 68 
 14 10 11 12 13 15 17 18 20 23 46 48 50 54 60 
 25 10 11 12 13 15 16 17 18 20 21 22 24 25 28 48 49 51 52 54 55 58 61 62 65 68 
 14 10 11 12 13 15 17 18 20 24 45 48 51 54 61 
 15 10 11 12 13 16 17 18 21 24 45 48 49 51 54 61 
 9 10 11 12 17 45 46 47 48 70 
 22 10 11 12 13 16 17 18 21 22 24 25 28 48 49 51 52 55 59 61 62 65 69 
 12 10 11 13 16 18 21 24 45 48 51 55 61 
 14 10 11 12 13 16 18 21 25 44 48 49 52 55 62 
 10 10 11 13 18 44 45 46 47 48 70 
 14 10 11 12 13 17 18 22 25 44 48 49 52 55 62 
 9 10 11 13 18 44 45 46 48 69 
 9 10 12 13 18 44 45 46 49 69 
 7 10 44 45 46 47 69 70 
 29 10 11 12 14 15 16 17 19 20 21 22 25 26 27 28 49 50 51 52 56 57 58 59 62 63 64 65 69 70 
 21 10 11 14 15 16 19 20 21 25 26 27 49 50 51 56 57 58 62 63 64 69 
 25 10 11 12 14 15 16 19 20 21 25 26 27 28 49 50 51 52 56 57 58 62 63 64 65 69 
 12 10 11 14 15 19 20 25 44 49 50 56 62 
 25 10 11 12 14 15 16 17 19 20 21 22 26 27 28 49 50 51 52 56 57 58 63 64 65 70 
 13 10 11 14 15 19 20 26 43 49 50 51 56 63 
 16 10 11 12 14 15 16 19 20 21 26 43 49 50 51 56 63 
 9 10 11 14 19 43 44 47 49 69 
 24 10 11 12 14 15 16 17 19 20 21 22 26 27 28 49 50 51 52 57 59 63 64 65 70 
 13 10 11 14 16 19 21 26 43 49 50 51 57 63 
 16 10 11 12 14 15 16 19 20 21 27 42 49 50 52 57 64 
 10 10 11 14 19 42 43 44 47 49 68 
 15 10 11 12 14 15 17 19 20 22 27 42 50 52 57 64 
 9 10 11 14 19 42 43 46 50 68 
 9 10 12 15 20 42 43 46 50 68 
 9 10 42 43 44 46 47 68 69 70 
 18 11 12 15 16 17 20 21 22 27 28 50 51 52 58 59 64 65 70 
 11 11 15 16 20 21 27 42 50 51 58 64 
 13 11 12 15 16 20 21 28 41 50 51 52 58 65 
 9 11 15 20 41 42 44 46 50 67 
 14 11 12 15 16 17 20 21 22 28 41 51 52 58 65 
 9 11 15 20 41 42 43 45 51 67 
 9 11 12 16 21 41 43 45 51 67 
 11 11 41 42 43 44 45 46 47 67 69 70 
 12 11 12 16 17 21 22 28 41 51 52 59 65 
 9 11 16 21 41 42 43 45 51 66 
 9 11 12 16 21 41 42 44 52 66 
 12 11 41 42 43 44 45 46 47 66 67 68 70 
 9 11 12 17 22 41 42 44 52 66 
 11 11 41 42 43 44 45 46 66 67 68 69 
 11 12 41 42 43 44 45 46 66 67 68 69 
 12 41 42 43 44 45 46 47 66 67 68 69 70 
 26 12 13 14 15 16 17 22 23 24 25 26 27 28 52 53 54 55 56 57 58 59 66 67 68 69 70 
 22 12 13 14 15 16 22 23 24 25 26 27 52 53 54 55 56 57 58 66 67 68 69 
 23 12 13 14 15 16 22 23 24 25 26 27 28 52 53 54 55 56 57 58 66 67 68 69 
 13 12 13 14 15 22 23 25 40 52 53 54 56 66 
 24 12 13 14 15 16 17 22 23 24 25 26 27 28 52 53 54 55 56 57 58 66 67 68 70 
 14 12 13 14 15 22 23 24 26 40 52 53 54 56 66 
 15 12 13 14 15 16 22 23 24 26 40 52 53 54 56 66 
 7 12 14 22 40 47 52 65 
 20 12 13 14 15 16 17 22 23 24 25 26 27 28 53 55 57 59 67 69 70 
 13 12 13 14 16 22 23 24 26 39 53 55 57 67 
 14 12 13 14 15 16 22 23 25 27 39 53 55 57 67 
 9 12 13 14 22 39 40 47 53 65 
 13 12 13 14 15 17 23 25 27 39 53 55 57 67 
 9 12 13 14 23 39 40 46 53 65 
 9 12 13 15 23 39 40 46 53 64 
 8 12 39 40 46 47 64 65 70 
 17 12 13 15 16 17 23 24 25 27 28 54 55 58 59 68 69 70 
 12 12 13 15 16 23 24 27 38 54 55 58 68 
 13 12 13 15 16 23 24 25 28 38 54 55 58 68 
 9 12 13 15 23 38 40 46 54 64 
 13 12 13 15 16 17 24 25 28 38 54 55 58 68 
 9 12 13 15 24 38 40 45 54 64 
 9 12 13 16 24 38 40 45 54 63 
 10 12 38 40 45 46 47 63 64 65 70 
 10 13 16 17 24 25 28 37 55 59 69 
 9 13 16 24 37 38 39 45 55 63 
 9 13 16 25 37 38 39 44 55 63 
 13 13 37 38 39 40 44 45 46 47 63 64 65 70 
 9 13 17 25 37 38 39 44 55 62 
 13 13 37 38 39 40 44 45 46 62 63 64 65 69 
 12 13 37 38 39 40 44 45 46 62 63 64 69 
 14 37 38 39 40 44 45 46 47 62 63 64 65 69 70 
 14 14 15 16 17 25 26 27 28 56 57 58 59 69 70 
 11 14 15 16 25 26 27 37 56 57 58 69 
 12 14 15 16 25 26 27 28 37 56 57 58 69 
 8 14 15 25 37 40 44 56 62 
 12 14 15 16 17 26 27 28 36 56 57 58 70 
 9 14 15 26 36 37 40 43 56 62 
 10 14 15 16 26 36 37 40 43 56 61 
 11 14 36 37 40 43 44 47 61 62 65 69 
 11 14 15 16 17 26 27 28 36 57 59 70 
 9 14 16 26 36 37 39 43 57 61 
 10 14 15 16 27 36 37 39 42 57 61 
 13 14 36 37 39 40 42 43 44 47 61 62 65 68 
 9 14 15 17 27 36 39 42 57 60 
 13 14 36 37 39 40 42 43 46 60 61 62 65 68 
 12 15 36 37 39 40 42 43 46 60 61 64 68 
 17 36 37 39 40 42 43 44 46 47 60 61 62 64 65 68 69 70 
 9 15 16 17 27 28 36 58 59 70 
 9 15 16 27 36 37 38 42 58 60 
 9 15 16 28 36 37 38 41 58 60 
 13 15 36 37 38 40 41 42 44 46 60 62 64 67 
 9 15 16 17 28 36 38 41 58 59 
 14 15 36 37 38 40 41 42 43 45 59 60 62 64 67 
 13 16 36 37 38 40 41 43 45 59 60 61 63 67 
 21 36 37 38 40 41 42 43 44 45 46 47 59 60 61 62 63 64 65 67 69 70 
 7 16 17 28 36 37 41 59 
 14 16 36 37 38 39 41 42 43 45 59 60 61 63 66 
 13 16 36 37 38 39 41 42 44 59 60 61 63 66 
 23 36 37 38 39 40 41 42 43 44 45 46 47 59 60 61 62 63 64 65 66 67 68 70 
 12 17 36 37 38 39 41 42 44 59 60 62 66 
 22 36 37 38 39 40 41 42 43 44 45 46 59 60 61 62 63 64 65 66 67 68 69 
 21 36 37 38 39 40 41 42 43 44 45 46 59 60 61 62 63 64 66 67 68 69 
 24 36 37 38 39 40 41 42 43 44 45 46 47 59 60 61 62 63 64 65 66 67 68 69 70 
 24 17 18 19 20 21 22 23 24 25 26 27 28 59 60 61 62 63 64 65 66 67 68 69 70 
 21 17 18 19 20 21 22 23 24 25 26 27 59 60 61 62 63 64 66 67 68 69 
 23 17 18 19 20 21 22 23 24 25 26 27 28 59 60 61 62 63 64 65 66 67 68 69 
 12 17 18 19 20 22 23 25 35 59 60 62 66 
 23 17 18 19 20 21 22 23 24 25 26 27 28 59 60 61 62 63 64 65 66 67 68 70 
 14 17 18 19 20 22 23 24 26 35 59 60 61 63 66 
 15 17 18 19 20 21 22 23 24 26 35 59 60 61 63 66 
 6 17 19 22 35 47 59 
 22 17 18 19 20 21 22 23 24 25 26 27 28 59 60 61 62 63 64 65 67 69 70 
 14 17 18 19 21 22 23 24 26 34 59 60 61 63 67 
 15 17 18 19 20 21 22 23 25 27 34 59 60 62 64 67 
 9 17 18 19 22 34 35 47 58 59 
 13 17 18 19 20 22 23 25 27 34 60 62 64 67 
 9 17 18 19 23 34 35 46 58 60 
 9 17 18 20 23 34 35 46 58 60 
 8 17 34 35 46 47 58 59 70 
 18 17 18 20 21 22 23 24 25 27 28 60 61 62 64 65 68 69 70 
 12 17 18 20 21 23 24 27 33 60 61 64 68 
 14 17 18 20 21 23 24 25 28 33 60 61 62 65 68 
 9 17 18 20 23 33 35 46 57 60 
 13 17 18 20 21 22 24 25 28 33 61 62 65 68 
 9 17 18 20 24 33 35 45 57 61 
 9 17 18 21 24 33 35 45 57 61 
 9 17 33 35 45 46 47 57 59 70 
 11 18 21 22 24 25 28 32 61 62 65 69 
 9 18 21 24 32 33 34 45 56 61 
 9 18 21 25 32 33 34 44 56 62 
 13 18 32 33 34 35 44 45 46 47 56 57 58 70 
 9 18 22 25 32 33 34 44 56 62 
 12 18 32 33 34 35 44 45 46 56 57 58 69 
 12 18 32 33 34 35 44 45 46 56 57 58 69 
 14 32 33 34 35 44 45 46 47 56 57 58 59 69 70 
 14 19 20 21 22 25 26 27 28 62 63 64 65 69 70 
 11 19 20 21 25 26 27 32 62 63 64 69 
 13 19 20 21 25 26 27 28 32 62 63 64 65 69 
 8 19 20 25 32 35 44 55 62 
 12 19 20 21 22 26 27 28 31 63 64 65 70 
 9 19 20 26 31 32 35 43 55 63 
 10 19 20 21 26 31 32 35 43 55 63 
 10 19 31 32 35 43 44 47 55 59 69 
 12 19 20 21 22 26 27 28 31 63 64 65 70 
 9 19 21 26 31 32 34 43 54 63 
 10 19 20 21 27 31 32 34 42 54 64 
 13 19 31 32 34 35 42 43 44 47 54 55 58 68 
 9 19 20 22 27 31 34 42 54 64 
 12 19 31 32 34 35 42 43 46 54 55 58 68 
 12 20 31 32 34 35 42 43 46 54 55 58 68 
 16 31 32 34 35 42 43 44 46 47 54 55 58 59 68 69 70 
 9 20 21 22 27 28 31 64 65 70 
 9 20 21 27 31 32 33 42 53 64 
 9 20 21 28 31 32 33 41 53 65 
 13 20 31 32 33 35 41 42 44 46 53 55 57 67 
 9 20 21 22 28 31 33 41 53 65 
 13 20 31 32 33 35 41 42 43 45 53 55 57 67 
 12 21 31 32 33 35 41 43 45 53 55 57 67 
 18 31 32 33 35 41 42 43 44 45 46 47 53 55 57 59 67 69 70 
 8 21 22 28 31 32 41 52 65 
 14 21 31 32 33 34 41 42 43 45 52 53 54 56 66 
 13 21 31 32 33 34 41 42 44 52 53 54 56 66 
 23 31 32 33 34 35 41 42 43 44 45 46 47 52 53 54 55 56 57 58 66 67 68 70 
 13 22 31 32 33 34 41 42 44 52 53 54 56 66 
 22 31 32 33 34 35 41 42 43 44 45 46 52 53 54 55 56 57 58 66 67 68 69 
 22 31 32 33 34 35 41 42 43 44 45 46 52 53 54 55 56 57 58 66 67 68 69 
 25 31 32 33 34 35 41 42 43 44 45 46 47 52 53 54 55 56 57 58 59 66 67 68 69 70 
 12 22 23 24 25 26 27 28 66 67 68 69 70 
 11 22 23 24 25 26 27 30 66 67 68 69 
 12 22 23 24 25 26 27 28 30 66 67 68 69 
 8 22 23 25 30 35 40 52 66 
 12 22 23 24 25 26 27 28 30 66 67 68 70 
 9 22 23 24 26 30 35 40 52 66 
 9 22 23 24 26 30 35 40 51 66 
 9 22 30 35 40 47 51 52 59 65 
 11 22 23 24 25 26 27 28 29 67 69 70 
 10 22 23 24 26 29 30 34 39 51 67 
 10 22 23 25 27 29 30 34 39 51 67 
 12 22 29 30 34 35 39 40 47 51 52 58 65 
 9 23 25 27 29 30 34 39 50 67 
 13 23 29 30 34 35 39 40 46 50 51 52 58 65 
 12 23 29 30 34 35 39 40 46 50 51 58 64 
 16 29 30 34 35 39 40 46 47 50 51 52 58 59 64 65 70 
 9 23 24 25 27 28 29 68 69 70 
 9 23 24 27 29 30 33 38 50 68 
 10 23 24 25 28 29 30 33 38 50 68 
 12 23 29 30 33 35 38 40 46 50 52 57 64 
 9 24 25 28 29 30 33 38 49 68 
 13 24 29 30 33 35 38 40 45 49 50 52 57 64 
 13 24 29 30 33 35 38 40 45 49 50 51 57 63 
 19 29 30 33 35 38 40 45 46 47 49 50 51 52 57 59 63 64 65 70 
 8 24 25 28 29 32 37 49 69 
 15 24 29 30 32 33 34 37 38 39 45 49 50 51 56 63 
 15 25 29 30 32 33 34 37 38 39 44 49 50 51 56 63 
 25 29 30 32 33 34 35 37 38 39 40 44 45 46 47 49 50 51 52 56 57 58 63 64 65 70 
 14 25 29 30 32 33 34 37 38 39 44 49 50 56 62 
 25 29 30 32 33 34 35 37 38 39 40 44 45 46 49 50 51 52 56 57 58 62 63 64 65 69 
 23 29 30 32 33 34 35 37 38 39 40 44 45 46 49 50 51 56 57 58 62 63 64 69 
 28 29 30 32 33 34 35 37 38 39 40 44 45 46 47 49 50 51 52 56 57 58 59 62 63 64 65 69 70 
 7 25 26 27 28 29 69 70 
 9 25 26 27 29 30 32 37 49 69 
 10 25 26 27 28 29 30 32 37 48 69 
 13 25 29 30 32 35 37 40 44 48 49 52 55 62 
 9 26 27 28 29 30 31 36 48 70 
 15 26 29 30 31 32 35 36 37 40 43 48 49 52 55 62 
 14 26 29 30 31 32 35 36 37 40 43 48 51 55 61 
 21 29 30 31 32 35 36 37 40 43 44 47 48 49 51 52 55 59 61 62 65 69 
 8 26 27 28 29 31 36 48 70 
 15 26 29 30 31 32 34 36 37 39 43 48 49 51 54 61 
 14 27 29 30 31 32 34 36 37 39 42 48 51 54 61 
 25 29 30 31 32 34 35 36 37 39 40 42 43 44 47 48 49 51 52 54 55 58 61 62 65 68 
 12 27 29 30 31 34 36 39 42 48 50 54 60 
 26 29 30 31 32 34 35 36 37 39 40 42 43 46 48 49 50 51 52 54 55 58 60 61 62 65 68 
 23 29 30 31 32 34 35 36 37 39 40 42 43 46 48 50 51 54 55 58 60 61 64 68 
 32 29 30 31 32 34 35 36 37 39 40 42 43 44 46 47 48 49 50 51 52 54 55 58 59 60 61 62 64 65 68 69 70 
 7 27 28 29 31 36 47 70 
 15 27 29 30 31 32 33 36 37 38 42 47 49 50 53 60 
 15 28 29 30 31 32 33 36 37 38 41 47 48 50 53 60 
 26 29 30 31 32 33 35 36 37 38 40 41 42 44 46 47 48 49 50 52 53 55 57 60 62 64 67 
 13 28 29 30 31 33 36 38 41 47 48 49 53 59 
 27 29 30 31 32 33 35 36 37 38 40 41 42 43 45 47 48 49 50 52 53 55 57 59 60 62 64 67 
 26 29 30 31 32 33 35 36 37 38 40 41 43 45 47 48 49 50 51 53 55 57 59 60 61 63 67 
 35 29 30 31 32 33 35 36 37 38 40 41 42 43 44 45 46 47 48 49 50 51 52 53 55 57 59 60 61 62 63 64 65 67 69 70 
 12 28 29 31 32 36 37 41 47 48 49 52 59 
 28 29 30 31 32 33 34 36 37 38 39 41 42 43 45 47 48 49 50 51 52 53 54 56 59 60 61 63 66 
 27 29 30 31 32 33 34 36 37 38 39 41 42 44 47 48 49 50 51 52 53 54 56 59 60 61 63 66 
 41 29 30 31 32 33 34 35 36 37 38 39 40 41 42 43 44 45 46 47 48 49 50 51 52 53 54 55 56 57 58 59 60 61 62 63 64 65 66 67 68 70 
 25 29 30 31 32 33 34 36 37 38 39 41 42 44 47 48 49 50 52 53 54 56 59 60 62 66 
 41 29 30 31 32 33 34 35 36 37 38 39 40 41 42 43 44 45 46 47 48 49 50 51 52 53 54 55 56 57 58 59 60 61 62 63 64 65 66 67 68 69 
 40 29 30 31 32 33 34 35 36 37 38 39 40 41 42 43 44 45 46 47 48 49 50 51 52 53 54 55 56 57 58 59 60 61 62 63 64 66 67 68 69 
 42 29 30 31 32 33 34 35 36 37 38 39 40 41 42 43 44 45 46 47 48 49 50 51 52 53 54 55 56 57 58 59 60 61 62 63 64 65 66 67 68 69 70 
