 1792 342
 3 3 3 3 3 3 3 3 3 3 3 3 3 3 3 3 3 3 3 3 3 3 3 3 3 3 3 3 3 3 3 3 3 3 3 3 3 3 3 3 3 3 3 3 3 3 3 3 3 3 3 3 3 3 3 3 3 3 3 3 3 3 3 3 3 3 3 3 3 3 3 3 3 3 3 3 3 3 3 3 3 3 3 3 3 3 3 3 3 3 3 3 3 3 3 3 3 3 3 3 3 3 3 3 3 3 3 3 3 3 3 3 3 3 3 3 3 3 3 3 3 3 3 3 3 3 3 3 3 3 3 3 3 3 3 3 3 3 3 3 3 3 3 3 3 3 3 3 3 3 3 3 3 3 3 3 3 3 3 3 3 3 3 3 3 3 3 3 3 3 3 3 3 3 3 3 3 3 3 3 3 3 3 3 3 3 3 3 3 3 3 3 3 3 3 3 3 3 3 3 3 3 3 3 3 3 3 3 3 3 3 3 3 3 3 3 3 3 3 3 3 3 3 3 3 3 3 3 3 3 3 3 3 3 3 3 3 3 3 3 3 3 3 3 3 3 3 3 3 3 3 3 3 3 3 3 3 3 3 3 3 3 3 3 3 3 3 3 3 3 3 3 3 3 3 3 3 3 3 3 3 3 3 3 3 3 3 3 3 3 3 3 3 3 3 3 3 3 3 3 3 3 3 3 3 3 3 3 3 3 3 3 3 3 3 3 3 3 3 3 3 3 3 3 3 3 3 3 3 3 3 3 3 3 3 3 3 3 3 3 3 1 
 2 1 2 
 3 1 2 3 
 3 1 2 3 
 2 1 5 
 3 1 5 6 
 4 2 5 7 8 
 3 1 11 12 
 4 1 11 12 13 
 3 2 11 14 
 3 5 11 18 
 3 1 27 28 
 4 1 27 28 29 
 3 2 27 30 
 3 5 27 34 
 4 11 27 43 44 
 2 1 65 
 3 1 65 66 
 4 2 65 67 68 
 4 5 65 71 72 
 3 11 65 81 
 3 27 65 102 
 3 1 150 151 
 3 1 150 151 
 3 2 150 153 
 3 5 150 157 
 3 11 150 166 
 4 27 150 187 188 
 4 65 150 235 236 
 3 1 2 4 
 4 1 5 6 7 
 3 2 5 8 
 3 1 12 13 
 3 2 12 15 
 3 5 12 19 
 3 1 28 29 
 3 2 28 31 
 3 5 28 35 
 3 12 28 44 
 4 1 65 66 67 
 3 2 65 68 
 3 5 65 72 
 4 12 65 81 82 
 3 28 65 103 
 3 1 150 152 
 4 2 150 153 154 
 4 5 150 157 158 
 3 12 150 167 
 3 28 150 188 
 3 65 150 236 
 3 2 3 4 
 3 2 6 7 
 3 3 6 9 
 4 2 12 13 14 
 3 3 12 16 
 3 6 12 20 
 4 2 28 29 30 
 3 3 28 32 
 3 6 28 36 
 3 12 28 45 
 3 2 66 67 
 3 3 66 69 
 3 6 66 73 
 4 12 66 82 83 
 3 28 66 104 
 3 2 151 152 
 4 3 151 154 155 
 4 6 151 158 159 
 3 12 151 168 
 3 28 151 189 
 3 66 151 237 
 3 4 6 10 
 3 4 13 17 
 3 6 13 21 
 3 4 29 33 
 3 6 29 37 
 3 13 29 46 
 3 4 66 70 
 3 6 66 74 
 4 13 66 83 84 
 3 29 66 105 
 4 4 152 155 156 
 4 6 152 159 160 
 3 13 152 169 
 3 29 152 190 
 3 66 152 238 
 2 3 4 
 4 3 7 8 9 
 4 3 7 9 10 
 3 3 14 15 
 3 3 14 16 
 3 7 14 22 
 3 3 30 31 
 3 3 30 32 
 3 7 30 38 
 4 14 30 47 48 
 4 3 67 68 69 
 4 3 67 69 70 
 4 7 67 75 76 
 3 14 67 85 
 3 30 67 106 
 3 3 153 154 
 4 3 153 154 155 
 3 7 153 161 
 3 14 153 170 
 4 30 153 191 192 
 4 67 153 239 240 
 4 4 8 10 11 
 3 4 15 17 
 3 8 15 23 
 3 4 31 33 
 3 8 31 39 
 4 15 31 48 49 
 4 4 68 70 71 
 4 8 68 76 77 
 3 15 68 86 
 3 31 68 107 
 4 4 153 155 156 
 3 8 153 162 
 3 15 153 171 
 4 31 153 192 193 
 4 68 153 240 241 
 4 4 9 10 11 
 4 4 16 17 18 
 4 9 16 24 25 
 4 4 32 33 34 
 4 9 32 40 41 
 3 16 32 50 
 4 4 69 70 71 
 3 9 69 78 
 3 16 69 87 
 4 32 69 108 109 
 4 4 154 155 156 
 3 9 154 163 
 4 16 154 172 173 
 3 32 154 194 
 3 69 154 242 
 3 10 17 26 
 3 10 33 42 
 3 17 33 51 
 3 10 70 79 
 4 17 70 88 89 
 3 33 70 110 
 4 10 155 164 165 
 3 17 155 174 
 3 33 155 195 
 3 70 155 243 
 3 5 6 7 
 3 5 8 9 
 4 6 8 9 10 
 3 5 18 19 
 3 6 18 20 
 4 8 18 22 23 
 3 5 34 35 
 3 6 34 36 
 4 8 34 38 39 
 3 18 34 53 
 4 5 71 72 73 
 4 6 71 73 74 
 4 8 71 75 76 
 3 18 71 90 
 4 34 71 111 112 
 3 5 157 158 
 4 6 157 158 159 
 3 8 157 161 
 4 18 157 175 176 
 3 34 157 197 
 3 71 157 245 
 4 7 8 10 11 
 3 7 19 21 
 4 8 19 23 24 
 3 7 35 37 
 4 8 35 39 40 
 3 19 35 54 
 4 7 72 74 75 
 4 8 72 76 77 
 3 19 72 91 
 4 35 72 112 113 
 4 7 157 159 160 
 3 8 157 162 
 4 19 157 176 177 
 3 35 157 198 
 3 72 157 246 
 4 7 9 10 11 
 4 7 20 21 22 
 4 9 20 24 25 
 4 7 36 37 38 
 4 9 36 40 41 
 3 20 36 55 
 4 7 73 74 75 
 3 9 73 78 
 4 20 73 92 93 
 3 36 73 114 
 4 7 158 159 160 
 4 9 158 163 164 
 3 20 158 178 
 3 36 158 199 
 3 73 158 247 
 3 10 21 26 
 3 10 37 42 
 4 21 37 56 57 
 4 10 74 79 80 
 3 21 74 94 
 3 37 74 115 
 4 10 159 164 165 
 3 21 159 179 
 4 37 159 200 201 
 4 74 159 248 249 
 3 9 10 11 
 4 9 22 23 24 
 4 10 22 24 25 
 4 9 38 39 40 
 4 10 38 40 41 
 3 22 38 58 
 4 9 75 76 77 
 4 10 75 78 79 
 4 22 75 95 96 
 3 38 75 117 
 4 9 161 162 163 
 4 10 161 163 164 
 3 22 161 181 
 3 38 161 202 
 3 75 161 250 
 4 11 23 26 27 
 4 11 39 42 43 
 4 23 39 59 60 
 4 11 76 79 80 
 3 23 76 97 
 3 39 76 118 
 4 11 162 164 165 
 3 23 162 182 
 4 39 162 203 204 
 4 76 162 251 252 
 4 11 24 26 27 
 4 11 40 42 43 
 3 24 40 61 
 4 11 78 79 80 
 4 24 78 98 99 
 3 40 78 120 
 4 11 163 164 166 
 3 24 163 184 
 3 40 163 205 
 3 78 163 253 
 3 26 42 63 
 3 26 79 100 
 4 42 79 121 122 
 4 26 164 185 186 
 3 42 164 207 
 3 79 164 255 
 3 12 13 14 
 3 12 14 15 
 3 13 14 16 
 3 12 18 19 
 3 13 18 20 
 4 14 18 22 23 
 4 12 43 44 45 
 4 13 43 45 46 
 4 14 43 47 48 
 3 18 43 53 
 3 12 81 82 
 4 13 81 82 83 
 3 14 81 85 
 4 18 81 90 91 
 4 43 81 123 124 
 3 12 166 167 
 3 13 166 168 
 4 14 166 170 171 
 4 18 166 175 176 
 3 43 166 209 
 3 81 166 257 
 3 13 15 17 
 3 13 19 21 
 4 15 19 23 24 
 4 13 44 46 47 
 4 15 44 48 49 
 3 19 44 54 
 4 13 81 83 84 
 3 15 81 86 
 4 19 81 91 92 
 4 44 81 124 125 
 3 13 167 169 
 4 15 167 171 172 
 4 19 167 176 177 
 3 44 167 210 
 3 81 167 258 
 4 14 16 17 18 
 4 14 20 21 22 
 3 16 20 25 
 4 14 45 46 47 
 3 16 45 50 
 4 20 45 55 56 
 4 14 82 83 84 
 4 16 82 87 88 
 4 20 82 92 93 
 3 45 82 126 
 4 14 168 169 170 
 4 16 168 172 173 
 3 20 168 178 
 3 45 168 211 
 3 82 168 259 
 3 17 21 26 
 4 17 46 51 52 
 4 21 46 56 57 
 4 17 83 88 89 
 3 21 83 94 
 3 46 83 127 
 3 17 169 174 
 4 21 169 179 180 
 4 46 169 212 213 
 4 83 169 260 261 
 4 15 16 17 18 
 4 15 22 23 24 
 3 16 22 25 
 4 15 47 48 49 
 4 16 47 50 51 
 4 22 47 58 59 
 4 15 85 86 87 
 4 16 85 87 88 
 4 22 85 95 96 
 3 47 85 129 
 4 15 170 171 172 
 4 16 170 172 173 
 3 22 170 181 
 3 47 170 214 
 3 85 170 262 
 4 17 23 26 27 
 4 17 48 51 52 
 4 23 48 59 60 
 4 17 86 88 89 
 3 23 86 97 
 3 48 86 130 
 4 17 171 174 175 
 4 23 171 182 183 
 4 48 171 215 216 
 4 86 171 263 264 
 4 18 25 26 27 
 4 18 50 51 52 
 4 25 50 61 62 
 4 18 87 88 90 
 4 25 87 98 99 
 3 50 87 132 
 4 18 172 174 175 
 3 25 172 184 
 3 50 172 217 
 3 87 172 265 
 3 26 51 63 
 4 26 88 100 101 
 4 51 88 133 134 
 4 26 174 185 186 
 3 51 174 219 
 3 88 174 267 
 4 19 20 21 22 
 3 19 23 24 
 3 20 23 25 
 4 19 53 54 55 
 4 20 53 55 56 
 4 23 53 58 59 
 4 19 90 91 92 
 4 20 90 92 93 
 4 23 90 95 96 
 4 53 90 135 136 
 4 19 175 176 177 
 4 20 175 178 179 
 4 23 175 181 182 
 3 53 175 221 
 3 90 175 269 
 4 21 24 26 27 
 4 21 54 56 57 
 4 24 54 59 60 
 4 21 91 94 95 
 4 24 91 97 98 
 3 54 91 137 
 4 21 176 179 180 
 4 24 176 182 183 
 3 54 176 222 
 3 91 176 270 
 4 22 25 26 27 
 4 22 55 56 58 
 4 25 55 61 62 
 4 22 92 94 95 
 4 25 92 98 99 
 4 55 92 138 139 
 4 22 178 179 180 
 4 25 178 184 185 
 3 55 178 224 
 3 92 178 272 
 4 26 56 63 64 
 4 26 94 100 101 
 3 56 94 140 
 4 26 179 185 186 
 4 56 179 225 226 
 4 94 179 273 274 
 3 24 25 27 
 4 24 58 59 61 
 4 25 58 61 62 
 4 24 95 97 98 
 4 25 95 98 100 
 3 58 95 142 
 4 24 181 182 183 
 4 25 181 184 185 
 4 58 181 227 228 
 4 95 181 275 276 
 4 27 59 63 64 
 4 27 97 100 101 
 3 59 97 144 
 4 27 182 185 187 
 3 59 182 229 
 3 97 182 277 
 4 27 61 63 64 
 4 27 98 100 102 
 3 61 98 146 
 4 27 184 185 187 
 3 61 184 231 
 3 98 184 279 
 3 63 100 148 
 3 63 185 233 
 3 100 185 281 
 3 28 29 30 
 3 28 30 31 
 3 29 30 32 
 3 28 34 35 
 3 29 34 36 
 4 30 34 38 39 
 3 28 44 45 
 4 29 44 45 46 
 3 30 44 48 
 3 34 44 53 
 3 28 102 103 
 3 29 102 104 
 4 30 102 106 107 
 4 34 102 111 112 
 4 44 102 123 124 
 4 28 187 188 189 
 4 29 187 189 190 
 4 30 187 191 192 
 3 34 187 197 
 3 44 187 209 
 4 102 187 283 284 
 3 29 31 33 
 3 29 35 37 
 4 31 35 39 40 
 4 29 44 46 47 
 3 31 44 49 
 3 35 44 54 
 3 29 103 105 
 4 31 103 107 108 
 4 35 103 112 113 
 4 44 103 124 125 
 4 29 188 190 191 
 4 31 188 192 193 
 3 35 188 198 
 3 44 188 210 
 4 103 188 284 285 
 4 30 32 33 34 
 4 30 36 37 38 
 3 32 36 41 
 4 30 45 46 47 
 3 32 45 50 
 4 36 45 55 56 
 4 30 104 105 106 
 4 32 104 108 109 
 3 36 104 114 
 3 45 104 126 
 4 30 189 190 191 
 3 32 189 194 
 4 36 189 199 200 
 4 45 189 211 212 
 3 104 189 286 
 3 33 37 42 
 4 33 46 51 52 
 3 37 46 57 
 3 33 105 110 
 4 37 105 115 116 
 4 46 105 127 128 
 4 33 190 195 196 
 4 37 190 200 201 
 4 46 190 212 213 
 3 105 190 287 
 4 31 32 33 34 
 4 31 38 39 40 
 3 32 38 41 
 3 31 48 49 
 4 32 48 50 51 
 4 38 48 58 59 
 4 31 106 107 108 
 4 32 106 108 109 
 3 38 106 117 
 3 48 106 129 
 4 31 191 192 193 
 4 32 191 194 195 
 4 38 191 202 203 
 4 48 191 214 215 
 3 106 191 289 
 4 33 39 42 43 
 4 33 49 51 52 
 3 39 49 60 
 4 33 107 110 111 
 4 39 107 118 119 
 4 49 107 130 131 
 4 33 192 195 196 
 4 39 192 203 204 
 4 49 192 215 216 
 3 107 192 290 
 4 34 41 42 43 
 4 34 50 51 52 
 4 41 50 61 62 
 4 34 108 110 111 
 3 41 108 120 
 3 50 108 132 
 4 34 194 195 196 
 4 41 194 205 206 
 4 50 194 217 218 
 3 108 194 292 
 3 42 51 63 
 4 42 110 121 122 
 4 51 110 133 134 
 3 42 195 207 
 3 51 195 219 
 4 110 195 293 294 
 4 35 36 37 38 
 3 35 39 40 
 3 36 39 41 
 4 35 53 54 55 
 4 36 53 55 56 
 4 39 53 58 59 
 4 35 111 112 113 
 4 36 111 114 115 
 4 39 111 117 118 
 4 53 111 135 136 
 4 35 197 198 199 
 4 36 197 199 200 
 4 39 197 202 203 
 3 53 197 221 
 4 111 197 295 296 
 4 37 40 42 43 
 3 37 54 57 
 3 40 54 60 
 4 37 112 115 116 
 4 40 112 118 119 
 3 54 112 137 
 4 37 198 200 201 
 4 40 198 203 204 
 4 54 198 222 223 
 3 112 198 297 
 4 38 41 42 43 
 4 38 55 57 58 
 4 41 55 61 62 
 4 38 114 115 116 
 4 41 114 120 121 
 4 55 114 138 139 
 4 38 199 200 202 
 4 41 199 205 206 
 3 55 199 224 
 4 114 199 298 299 
 4 42 57 63 64 
 4 42 115 121 122 
 4 57 115 140 141 
 4 42 200 207 208 
 4 57 200 225 226 
 3 115 200 300 
 3 40 41 43 
 4 40 58 60 61 
 4 41 58 61 62 
 4 40 117 118 119 
 4 41 117 120 121 
 4 58 117 142 143 
 4 40 202 203 205 
 4 41 202 205 206 
 4 58 202 227 228 
 3 117 202 302 
 4 43 60 63 64 
 4 43 118 121 123 
 3 60 118 144 
 4 43 203 207 208 
 4 60 203 229 230 
 3 118 203 304 
 4 43 61 63 64 
 4 43 120 121 123 
 3 61 120 146 
 4 43 205 207 208 
 4 61 205 231 232 
 3 120 205 306 
 3 63 121 148 
 4 63 207 233 234 
 3 121 207 308 
 3 45 46 47 
 3 45 48 49 
 4 46 48 50 51 
 4 45 53 54 55 
 3 46 53 56 
 3 48 53 59 
 4 45 123 124 125 
 4 46 123 126 127 
 4 48 123 129 130 
 4 53 123 135 136 
 4 45 209 210 211 
 4 46 209 211 212 
 4 48 209 214 215 
 4 53 209 221 222 
 3 123 209 310 
 3 47 49 52 
 3 47 54 57 
 3 49 54 60 
 4 47 124 127 128 
 4 49 124 130 131 
 4 54 124 137 138 
 4 47 210 212 213 
 4 49 210 215 216 
 4 54 210 222 223 
 4 124 210 311 312 
 3 47 50 52 
 4 47 56 57 58 
 3 50 56 62 
 4 47 126 127 128 
 4 50 126 132 133 
 4 56 126 138 139 
 4 47 211 212 214 
 4 50 211 217 218 
 4 56 211 224 225 
 3 126 211 313 
 4 52 57 63 64 
 4 52 127 133 134 
 4 57 127 140 141 
 4 52 212 219 220 
 4 57 212 225 226 
 3 127 212 315 
 3 49 51 52 
 4 49 59 60 61 
 3 51 59 62 
 4 49 129 130 131 
 4 51 129 132 133 
 4 59 129 142 143 
 4 49 214 215 217 
 4 51 214 217 218 
 4 59 214 227 228 
 3 129 214 317 
 4 52 60 63 64 
 4 52 130 133 135 
 4 60 130 144 145 
 4 52 215 219 220 
 4 60 215 229 230 
 4 130 215 318 319 
 4 52 62 63 64 
 4 52 132 133 135 
 4 62 132 146 147 
 4 52 217 219 220 
 4 62 217 231 232 
 4 132 217 320 321 
 4 63 133 148 149 
 4 63 219 233 234 
 4 133 219 322 323 
 4 55 56 57 58 
 4 55 59 60 61 
 3 56 59 62 
 4 55 135 137 138 
 4 56 135 138 140 
 4 59 135 142 143 
 4 55 221 222 223 
 4 56 221 224 225 
 4 59 221 227 229 
 3 135 221 325 
 3 57 60 64 
 4 57 137 140 141 
 4 60 137 144 145 
 4 57 222 225 227 
 4 60 222 229 230 
 4 137 222 326 327 
 3 58 62 64 
 4 58 138 140 142 
 4 62 138 146 147 
 4 58 224 225 227 
 4 62 224 231 232 
 4 138 224 328 329 
 4 64 140 148 149 
 4 64 225 233 234 
 4 140 225 330 331 
 3 61 62 64 
 4 61 142 144 145 
 4 62 142 146 147 
 4 61 227 229 231 
 4 62 227 231 233 
 3 142 227 333 
 4 64 144 148 149 
 4 64 229 233 235 
 3 144 229 335 
 4 64 146 148 150 
 4 64 231 233 235 
 3 146 231 337 
 4 148 233 339 340 
 3 65 66 67 
 3 65 68 69 
 4 66 68 69 70 
 3 65 72 73 
 4 66 72 73 74 
 3 68 72 76 
 3 65 81 82 
 3 66 81 83 
 3 68 81 85 
 4 72 81 90 91 
 3 65 102 103 
 3 66 102 104 
 4 68 102 106 107 
 3 72 102 112 
 3 81 102 124 
 4 65 235 236 237 
 4 66 235 237 238 
 4 68 235 239 240 
 3 72 235 245 
 3 81 235 257 
 4 102 235 283 284 
 4 67 68 70 71 
 4 67 72 74 75 
 3 68 72 77 
 3 67 82 84 
 3 68 82 86 
 4 72 82 91 92 
 3 67 103 105 
 4 68 103 107 108 
 3 72 103 113 
 3 82 103 125 
 4 67 236 238 239 
 4 68 236 240 241 
 3 72 236 246 
 3 82 236 258 
 4 103 236 284 285 
 4 67 69 70 71 
 4 67 73 74 75 
 3 69 73 78 
 3 67 83 84 
 4 69 83 87 88 
 3 73 83 93 
 4 67 104 105 106 
 3 69 104 109 
 3 73 104 114 
 3 83 104 126 
 4 67 237 238 239 
 3 69 237 242 
 4 73 237 247 248 
 4 83 237 259 260 
 3 104 237 286 
 4 70 74 79 80 
 3 70 84 89 
 3 74 84 94 
 3 70 105 110 
 4 74 105 115 116 
 4 84 105 127 128 
 4 70 238 243 244 
 4 74 238 248 249 
 4 84 238 260 261 
 4 105 238 287 288 
 3 69 70 71 
 3 69 76 77 
 4 70 76 78 79 
 4 69 85 86 87 
 4 70 85 87 88 
 3 76 85 96 
 4 69 106 107 108 
 3 70 106 109 
 3 76 106 117 
 3 85 106 129 
 4 69 239 240 241 
 4 70 239 242 243 
 4 76 239 250 251 
 4 85 239 262 263 
 3 106 239 289 
 4 71 77 79 80 
 3 71 86 89 
 3 77 86 97 
 4 71 107 110 111 
 4 77 107 118 119 
 4 86 107 130 131 
 4 71 240 243 244 
 4 77 240 251 252 
 4 86 240 263 264 
 4 107 240 290 291 
 4 71 78 79 80 
 4 71 87 89 90 
 3 78 87 99 
 4 71 109 110 111 
 3 78 109 120 
 3 87 109 132 
 4 71 242 243 244 
 4 78 242 253 254 
 4 87 242 265 266 
 3 109 242 292 
 4 79 89 100 101 
 3 79 110 122 
 3 89 110 134 
 3 79 243 255 
 3 89 243 267 
 4 110 243 293 294 
 3 73 74 75 
 3 73 76 77 
 4 74 76 78 79 
 4 73 90 91 92 
 3 74 90 93 
 3 76 90 96 
 3 73 112 113 
 4 74 112 114 115 
 4 76 112 117 118 
 3 90 112 136 
 4 73 245 246 247 
 4 74 245 247 248 
 4 76 245 250 251 
 3 90 245 269 
 4 112 245 295 296 
 3 75 77 80 
 4 75 91 94 95 
 4 77 91 97 98 
 4 75 113 115 116 
 4 77 113 118 119 
 3 91 113 137 
 4 75 246 248 249 
 4 77 246 251 252 
 4 91 246 270 271 
 3 113 246 297 
 3 75 78 80 
 4 75 93 94 95 
 3 78 93 99 
 4 75 114 115 116 
 4 78 114 120 121 
 3 93 114 139 
 4 75 247 248 250 
 4 78 247 253 254 
 3 93 247 272 
 4 114 247 298 299 
 4 80 94 100 101 
 3 80 115 122 
 4 94 115 140 141 
 4 80 248 255 256 
 4 94 248 273 274 
 4 115 248 300 301 
 3 77 79 80 
 4 77 96 97 98 
 4 79 96 99 100 
 4 77 117 118 119 
 4 79 117 120 121 
 4 96 117 142 143 
 4 77 250 251 253 
 4 79 250 253 254 
 4 96 250 275 276 
 4 117 250 302 303 
 4 80 97 100 101 
 4 80 118 122 123 
 3 97 118 144 
 4 80 251 255 256 
 4 97 251 277 278 
 3 118 251 304 
 4 80 99 100 102 
 4 80 120 122 123 
 3 99 120 146 
 4 80 253 255 256 
 4 99 253 279 280 
 3 120 253 306 
 3 100 122 148 
 4 100 255 281 282 
 3 122 255 308 
 3 82 83 84 
 4 82 85 86 87 
 3 83 85 88 
 3 82 91 92 
 3 83 91 93 
 3 85 91 96 
 3 82 124 125 
 4 83 124 126 127 
 4 85 124 129 130 
 3 91 124 136 
 4 82 257 258 259 
 4 83 257 259 260 
 4 85 257 262 263 
 4 91 257 269 270 
 4 124 257 310 311 
 3 84 86 89 
 4 84 92 94 95 
 4 86 92 97 98 
 4 84 125 127 128 
 4 86 125 130 131 
 4 92 125 137 138 
 4 84 258 260 261 
 4 86 258 263 264 
 4 92 258 270 271 
 4 125 258 311 312 
 4 84 88 89 90 
 4 84 93 94 95 
 3 88 93 99 
 4 84 126 127 128 
 4 88 126 132 133 
 3 93 126 139 
 4 84 259 260 262 
 4 88 259 265 266 
 4 93 259 272 273 
 4 126 259 313 314 
 3 89 94 101 
 3 89 127 134 
 4 94 127 140 141 
 4 89 260 267 268 
 4 94 260 273 274 
 3 127 260 315 
 4 87 88 89 90 
 4 87 96 97 98 
 4 88 96 99 100 
 4 87 129 130 131 
 4 88 129 132 133 
 4 96 129 142 143 
 4 87 262 263 265 
 4 88 262 265 266 
 4 96 262 275 276 
 3 129 262 317 
 3 89 97 101 
 4 89 130 134 135 
 4 97 130 144 145 
 4 89 263 267 268 
 4 97 263 277 278 
 4 130 263 318 319 
 4 90 99 101 102 
 4 90 132 134 135 
 4 99 132 146 147 
 4 90 265 267 268 
 4 99 265 279 280 
 4 132 265 320 321 
 4 101 134 148 149 
 4 101 267 281 282 
 4 134 267 322 323 
 3 92 93 95 
 3 92 96 98 
 4 93 96 99 100 
 4 92 136 137 138 
 4 93 136 139 140 
 4 96 136 142 143 
 4 92 269 270 271 
 4 93 269 272 273 
 4 96 269 275 277 
 3 136 269 325 
 3 95 98 101 
 4 95 137 140 141 
 4 98 137 144 145 
 4 95 270 273 275 
 4 98 270 277 278 
 4 137 270 326 327 
 4 95 99 101 102 
 4 95 139 140 142 
 4 99 139 146 147 
 4 95 272 273 275 
 4 99 272 279 280 
 4 139 272 328 329 
 4 101 140 148 149 
 4 101 273 281 282 
 4 140 273 330 331 
 4 98 100 101 102 
 4 98 142 144 145 
 4 100 142 146 147 
 4 98 275 277 279 
 4 100 275 279 281 
 3 142 275 333 
 4 101 144 148 149 
 4 101 277 281 283 
 3 144 277 335 
 4 102 146 148 150 
 4 102 279 281 283 
 4 146 279 337 338 
 4 148 281 339 340 
 4 103 104 105 106 
 3 103 107 108 
 3 104 107 109 
 3 103 112 113 
 4 104 112 114 115 
 4 107 112 117 118 
 3 103 124 125 
 4 104 124 126 127 
 4 107 124 129 130 
 3 112 124 136 
 4 103 283 284 285 
 4 104 283 286 287 
 4 107 283 289 290 
 4 112 283 295 296 
 4 124 283 310 311 
 4 105 108 110 111 
 3 105 113 116 
 3 108 113 119 
 3 105 125 128 
 3 108 125 131 
 4 113 125 137 138 
 4 105 284 287 288 
 4 108 284 290 291 
 4 113 284 297 298 
 4 125 284 311 312 
 4 106 109 110 111 
 3 106 114 116 
 4 109 114 120 121 
 3 106 126 128 
 4 109 126 132 133 
 3 114 126 139 
 4 106 286 287 288 
 4 109 286 292 293 
 4 114 286 298 299 
 4 126 286 313 314 
 3 110 116 122 
 3 110 128 134 
 3 116 128 141 
 4 110 287 293 294 
 4 116 287 300 301 
 4 128 287 315 316 
 3 108 109 111 
 3 108 117 119 
 4 109 117 120 121 
 3 108 129 131 
 4 109 129 132 133 
 3 117 129 143 
 4 108 289 290 291 
 4 109 289 292 293 
 4 117 289 302 303 
 4 129 289 317 318 
 4 111 119 122 123 
 4 111 131 134 135 
 4 119 131 144 145 
 4 111 290 293 295 
 4 119 290 304 305 
 4 131 290 318 319 
 4 111 120 122 123 
 4 111 132 134 135 
 4 120 132 146 147 
 4 111 292 293 295 
 4 120 292 306 307 
 4 132 292 320 321 
 4 122 134 148 149 
 4 122 293 308 309 
 4 134 293 322 323 
 3 113 115 116 
 3 113 118 119 
 3 115 118 121 
 4 113 136 137 138 
 4 115 136 139 140 
 3 118 136 143 
 4 113 295 297 298 
 4 115 295 298 300 
 4 118 295 302 303 
 4 136 295 325 326 
 4 116 119 122 123 
 3 116 137 141 
 4 119 137 144 145 
 4 116 297 300 301 
 4 119 297 304 305 
 4 137 297 326 327 
 4 116 121 122 123 
 4 116 139 141 142 
 4 121 139 146 147 
 4 116 298 300 302 
 4 121 298 306 307 
 4 139 298 328 329 
 4 122 141 148 149 
 4 122 300 308 309 
 4 141 300 330 331 
 3 119 121 123 
 4 119 143 144 145 
 4 121 143 146 147 
 4 119 302 304 305 
 4 121 302 306 307 
 4 143 302 333 334 
 4 123 144 148 149 
 4 123 304 308 309 
 4 144 304 335 336 
 4 123 146 148 150 
 4 123 306 308 310 
 4 146 306 337 338 
 4 148 308 339 340 
 3 125 127 128 
 3 125 130 131 
 3 127 130 133 
 3 125 136 138 
 4 127 136 139 140 
 3 130 136 143 
 4 125 310 311 313 
 4 127 310 313 314 
 4 130 310 317 318 
 4 136 310 325 326 
 4 128 131 134 135 
 3 128 138 141 
 3 131 138 145 
 4 128 311 315 316 
 4 131 311 318 320 
 4 138 311 326 328 
 4 128 133 134 135 
 4 128 139 141 142 
 3 133 139 147 
 4 128 313 315 316 
 4 133 313 320 322 
 4 139 313 328 330 
 3 134 141 149 
 4 134 315 322 324 
 4 141 315 330 332 
 3 131 133 135 
 3 131 143 145 
 3 133 143 147 
 4 131 317 318 320 
 4 133 317 320 322 
 4 143 317 333 334 
 3 135 145 149 
 4 135 318 322 324 
 4 145 318 335 336 
 4 135 147 149 150 
 4 135 320 322 324 
 4 147 320 337 338 
 4 149 322 339 341 
 4 138 140 141 142 
 3 138 143 145 
 3 140 143 147 
 4 138 325 326 328 
 4 140 325 328 330 
 4 143 325 333 334 
 3 141 145 149 
 4 141 326 330 332 
 4 145 326 335 336 
 4 142 147 149 150 
 4 142 328 330 332 
 4 147 328 337 339 
 4 149 330 339 341 
 4 145 147 149 150 
 4 145 333 335 337 
 4 147 333 337 339 
 4 149 335 339 341 
 4 150 337 339 342 
 2 151 152 
 3 151 153 154 
 3 151 153 155 
 3 151 157 158 
 3 151 157 159 
 3 153 157 161 
 3 151 166 167 
 3 151 166 168 
 4 153 166 170 171 
 3 157 166 176 
 3 151 188 189 
 4 151 188 189 190 
 3 153 188 192 
 3 157 188 197 
 3 166 188 209 
 3 151 236 237 
 4 151 236 237 238 
 3 153 236 240 
 3 157 236 245 
 3 166 236 257 
 3 188 236 284 
 3 152 154 156 
 3 152 158 160 
 3 154 158 162 
 3 152 167 169 
 4 154 167 171 172 
 3 158 167 177 
 4 152 188 190 191 
 3 154 188 193 
 3 158 188 198 
 3 167 188 210 
 4 152 236 238 239 
 3 154 236 241 
 3 158 236 246 
 3 167 236 258 
 3 188 236 285 
 3 152 155 156 
 3 152 159 160 
 4 155 159 163 164 
 4 152 168 169 170 
 3 155 168 173 
 3 159 168 178 
 4 152 189 190 191 
 3 155 189 194 
 4 159 189 199 200 
 4 168 189 211 212 
 4 152 237 238 239 
 3 155 237 242 
 4 159 237 247 248 
 4 168 237 259 260 
 3 189 237 286 
 3 156 160 165 
 3 156 169 174 
 4 160 169 179 180 
 4 156 190 195 196 
 3 160 190 201 
 3 169 190 213 
 4 156 238 243 244 
 3 160 238 249 
 3 169 238 261 
 4 190 238 287 288 
 3 154 155 156 
 4 154 161 162 163 
 4 155 161 163 164 
 4 154 170 171 172 
 3 155 170 173 
 3 161 170 181 
 3 154 192 193 
 4 155 192 194 195 
 4 161 192 202 203 
 4 170 192 214 215 
 3 154 240 241 
 4 155 240 242 243 
 4 161 240 250 251 
 4 170 240 262 263 
 3 192 240 289 
 3 156 162 165 
 4 156 171 174 175 
 4 162 171 182 183 
 4 156 193 195 196 
 3 162 193 204 
 3 171 193 216 
 4 156 241 243 244 
 3 162 241 252 
 3 171 241 264 
 4 193 241 290 291 
 4 156 163 165 166 
 4 156 173 174 175 
 3 163 173 184 
 4 156 194 195 196 
 4 163 194 205 206 
 4 173 194 217 218 
 4 156 242 243 244 
 4 163 242 253 254 
 4 173 242 265 266 
 3 194 242 292 
 3 165 174 186 
 3 165 195 207 
 3 174 195 219 
 3 165 243 255 
 3 174 243 267 
 3 195 243 294 
 3 158 159 160 
 4 158 161 162 163 
 3 159 161 164 
 3 158 176 177 
 4 159 176 178 179 
 4 161 176 181 182 
 4 158 197 198 199 
 4 159 197 199 200 
 4 161 197 202 203 
 3 176 197 221 
 4 158 245 246 247 
 4 159 245 247 248 
 4 161 245 250 251 
 3 176 245 269 
 3 197 245 296 
 3 160 162 165 
 4 160 177 179 180 
 4 162 177 182 183 
 3 160 198 201 
 3 162 198 204 
 4 177 198 222 223 
 3 160 246 249 
 3 162 246 252 
 4 177 246 270 271 
 3 198 246 297 
 4 160 164 165 166 
 4 160 178 179 180 
 4 164 178 184 185 
 4 160 199 201 202 
 4 164 199 205 206 
 3 178 199 224 
 4 160 247 249 250 
 4 164 247 253 254 
 3 178 247 272 
 3 199 247 299 
 3 165 179 186 
 4 165 201 207 208 
 3 179 201 226 
 4 165 249 255 256 
 3 179 249 274 
 4 201 249 300 301 
 4 163 164 165 166 
 4 163 181 182 183 
 4 164 181 184 185 
 4 163 202 204 205 
 4 164 202 205 206 
 3 181 202 228 
 4 163 250 252 253 
 4 164 250 253 254 
 3 181 250 276 
 4 202 250 302 303 
 4 165 182 186 187 
 4 165 204 207 208 
 4 182 204 229 230 
 4 165 252 255 256 
 4 182 252 277 278 
 3 204 252 304 
 4 166 184 186 187 
 4 166 205 207 208 
 4 184 205 231 232 
 4 166 253 255 256 
 4 184 253 279 280 
 3 205 253 306 
 4 186 207 233 234 
 4 186 255 281 282 
 3 207 255 308 
 4 167 168 169 170 
 3 167 171 172 
 3 168 171 173 
 3 167 176 177 
 4 168 176 178 179 
 4 171 176 181 182 
 4 167 209 210 211 
 4 168 209 211 212 
 4 171 209 214 215 
 4 176 209 221 222 
 4 167 257 258 259 
 4 168 257 259 260 
 4 171 257 262 263 
 4 176 257 269 270 
 4 209 257 310 311 
 4 169 172 174 175 
 3 169 177 180 
 3 172 177 183 
 3 169 210 213 
 3 172 210 216 
 4 177 210 222 223 
 3 169 258 261 
 3 172 258 264 
 4 177 258 270 271 
 3 210 258 312 
 4 170 173 174 175 
 3 170 178 180 
 4 173 178 184 185 
 4 170 211 213 214 
 4 173 211 217 218 
 4 178 211 224 225 
 4 170 259 261 262 
 4 173 259 265 266 
 4 178 259 272 273 
 4 211 259 313 314 
 3 174 180 186 
 4 174 213 219 220 
 3 180 213 226 
 4 174 261 267 268 
 3 180 261 274 
 3 213 261 315 
 3 172 173 175 
 3 172 181 183 
 4 173 181 184 185 
 4 172 214 216 217 
 4 173 214 217 218 
 3 181 214 228 
 4 172 262 264 265 
 4 173 262 265 266 
 3 181 262 276 
 3 214 262 317 
 4 175 183 186 187 
 4 175 216 219 220 
 4 183 216 229 230 
 4 175 264 267 268 
 4 183 264 277 278 
 3 216 264 319 
 4 175 184 186 187 
 4 175 217 219 220 
 4 184 217 231 232 
 4 175 265 267 268 
 4 184 265 279 280 
 3 217 265 321 
 4 186 219 233 234 
 4 186 267 281 282 
 3 219 267 323 
 3 177 179 180 
 3 177 182 183 
 3 179 182 185 
 4 177 221 222 223 
 4 179 221 224 225 
 4 182 221 228 229 
 4 177 269 270 271 
 4 179 269 272 273 
 4 182 269 276 277 
 3 221 269 325 
 4 180 183 186 187 
 4 180 222 226 227 
 4 183 222 229 230 
 4 180 270 274 275 
 4 183 270 277 278 
 3 222 270 327 
 4 180 185 186 187 
 4 180 224 226 227 
 4 185 224 231 232 
 4 180 272 274 275 
 4 185 272 279 280 
 3 224 272 329 
 4 186 226 233 234 
 4 186 274 281 282 
 3 226 274 331 
 3 183 185 187 
 4 183 228 229 231 
 4 185 228 231 233 
 4 183 276 277 279 
 4 185 276 279 281 
 3 228 276 333 
 4 187 229 233 235 
 4 187 277 281 283 
 3 229 277 335 
 4 187 231 233 235 
 4 187 279 281 283 
 4 231 279 337 338 
 3 233 281 340 
 3 189 190 191 
 3 189 192 193 
 4 190 192 194 195 
 4 189 197 198 199 
 3 190 197 200 
 3 192 197 203 
 4 189 209 210 211 
 3 190 209 212 
 3 192 209 215 
 4 197 209 221 222 
 3 189 284 285 
 4 190 284 286 287 
 4 192 284 289 290 
 3 197 284 296 
 4 209 284 310 311 
 3 191 193 196 
 3 191 198 201 
 3 193 198 204 
 3 191 210 213 
 3 193 210 216 
 3 198 210 223 
 4 191 285 287 288 
 4 193 285 290 291 
 4 198 285 297 298 
 3 210 285 312 
 3 191 194 196 
 4 191 200 201 202 
 3 194 200 206 
 4 191 212 213 214 
 3 194 212 218 
 4 200 212 224 225 
 4 191 286 287 288 
 4 194 286 292 293 
 3 200 286 299 
 4 212 286 313 314 
 4 196 201 207 208 
 4 196 213 219 220 
 3 201 213 226 
 3 196 287 294 
 4 201 287 300 301 
 4 213 287 315 316 
 3 193 195 196 
 4 193 203 204 205 
 3 195 203 206 
 4 193 215 216 217 
 3 195 215 218 
 3 203 215 228 
 4 193 289 290 291 
 4 195 289 292 293 
 4 203 289 302 303 
 4 215 289 317 318 
 4 196 204 207 208 
 4 196 216 219 220 
 3 204 216 230 
 4 196 290 294 295 
 4 204 290 304 305 
 3 216 290 319 
 4 196 206 207 208 
 4 196 218 219 220 
 3 206 218 232 
 4 196 292 294 295 
 4 206 292 306 307 
 3 218 292 321 
 3 207 219 234 
 4 207 294 308 309 
 3 219 294 323 
 4 199 200 201 202 
 4 199 203 204 205 
 3 200 203 206 
 3 199 221 223 
 4 200 221 224 225 
 4 203 221 228 229 
 4 199 296 297 298 
 4 200 296 299 300 
 4 203 296 302 303 
 4 221 296 325 326 
 3 201 204 208 
 4 201 223 226 227 
 3 204 223 230 
 4 201 297 300 301 
 4 204 297 304 305 
 3 223 297 327 
 3 202 206 208 
 4 202 224 226 227 
 3 206 224 232 
 4 202 299 300 302 
 4 206 299 306 307 
 3 224 299 329 
 3 208 226 234 
 4 208 300 308 309 
 3 226 300 331 
 3 205 206 208 
 4 205 228 230 231 
 4 206 228 232 233 
 4 205 302 304 305 
 4 206 302 306 307 
 4 228 302 333 334 
 4 208 230 234 235 
 4 208 304 308 309 
 4 230 304 335 336 
 4 208 232 234 235 
 4 208 306 308 310 
 4 232 306 337 338 
 3 234 308 340 
 4 211 212 213 214 
 4 211 215 216 217 
 3 212 215 218 
 3 211 222 223 
 3 212 222 225 
 4 215 222 228 229 
 4 211 310 312 313 
 4 212 310 313 314 
 4 215 310 317 318 
 4 222 310 325 326 
 3 213 216 220 
 4 213 223 226 227 
 3 216 223 230 
 4 213 312 315 316 
 4 216 312 319 320 
 4 223 312 327 328 
 3 214 218 220 
 4 214 225 226 227 
 3 218 225 232 
 4 214 313 315 316 
 4 218 313 321 322 
 4 225 313 329 330 
 3 220 226 234 
 4 220 315 323 324 
 4 226 315 331 332 
 3 217 218 220 
 4 217 228 230 231 
 4 218 228 232 233 
 4 217 317 319 320 
 4 218 317 321 322 
 4 228 317 333 334 
 4 220 230 234 235 
 4 220 319 323 324 
 4 230 319 335 336 
 4 220 232 234 235 
 4 220 321 323 324 
 4 232 321 337 338 
 4 234 323 340 341 
 3 223 225 227 
 4 223 229 230 231 
 4 225 229 232 233 
 4 223 325 327 328 
 4 225 325 329 330 
 4 229 325 333 334 
 4 227 230 234 235 
 4 227 327 331 332 
 4 230 327 335 336 
 4 227 232 234 235 
 4 227 329 331 332 
 4 232 329 337 339 
 4 234 331 340 341 
 3 231 233 235 
 4 231 333 335 337 
 4 233 333 337 339 
 4 235 335 340 341 
 4 235 337 340 342 
 3 237 238 239 
 3 237 240 241 
 4 238 240 242 243 
 4 237 245 246 247 
 3 238 245 248 
 3 240 245 251 
 4 237 257 258 259 
 3 238 257 260 
 3 240 257 263 
 4 245 257 269 270 
 3 237 284 285 
 4 238 284 286 287 
 4 240 284 289 290 
 3 245 284 296 
 3 257 284 311 
 3 239 241 244 
 3 239 246 249 
 3 241 246 252 
 3 239 258 261 
 3 241 258 264 
 3 246 258 271 
 3 239 285 288 
 3 241 285 291 
 4 246 285 297 298 
 3 258 285 312 
 3 239 242 244 
 4 239 248 249 250 
 3 242 248 254 
 4 239 260 261 262 
 3 242 260 266 
 4 248 260 272 273 
 3 239 286 288 
 4 242 286 292 293 
 3 248 286 299 
 3 260 286 314 
 4 244 249 255 256 
 4 244 261 267 268 
 3 249 261 274 
 3 244 288 294 
 3 249 288 301 
 4 261 288 315 316 
 3 241 243 244 
 4 241 251 252 253 
 3 243 251 254 
 4 241 263 264 265 
 3 243 263 266 
 3 251 263 276 
 3 241 289 291 
 4 243 289 292 293 
 3 251 289 303 
 4 263 289 317 318 
 4 244 252 255 256 
 4 244 264 267 268 
 3 252 264 278 
 4 244 291 294 295 
 4 252 291 304 305 
 3 264 291 319 
 4 244 254 255 256 
 4 244 266 267 268 
 3 254 266 280 
 4 244 292 294 295 
 4 254 292 306 307 
 3 266 292 321 
 3 255 267 282 
 4 255 294 308 309 
 3 267 294 323 
 4 247 248 249 250 
 4 247 251 252 253 
 3 248 251 254 
 3 247 269 271 
 4 248 269 272 273 
 4 251 269 276 277 
 4 247 296 297 298 
 4 248 296 299 300 
 3 251 296 303 
 4 269 296 325 326 
 3 249 252 256 
 4 249 271 274 275 
 3 252 271 278 
 3 249 297 301 
 4 252 297 304 305 
 3 271 297 327 
 3 250 254 256 
 4 250 272 274 275 
 3 254 272 280 
 4 250 299 301 302 
 4 254 299 306 307 
 3 272 299 329 
 3 256 274 282 
 4 256 301 308 309 
 3 274 301 331 
 3 253 254 256 
 4 253 276 278 279 
 4 254 276 280 281 
 4 253 303 304 305 
 4 254 303 306 307 
 4 276 303 333 334 
 4 256 278 282 283 
 4 256 304 308 309 
 4 278 304 335 336 
 4 256 280 282 283 
 4 256 306 308 310 
 3 280 306 338 
 3 282 308 340 
 4 259 260 261 262 
 4 259 263 264 265 
 3 260 263 266 
 3 259 270 271 
 3 260 270 273 
 4 263 270 276 277 
 4 259 311 312 313 
 3 260 311 314 
 4 263 311 317 318 
 4 270 311 325 326 
 3 261 264 268 
 4 261 271 274 275 
 3 264 271 278 
 4 261 312 315 316 
 4 264 312 319 320 
 4 271 312 327 328 
 3 262 266 268 
 4 262 273 274 275 
 3 266 273 280 
 4 262 314 315 316 
 4 266 314 321 322 
 4 273 314 329 330 
 3 268 274 282 
 4 268 315 323 324 
 4 274 315 331 332 
 3 265 266 268 
 4 265 276 278 279 
 4 266 276 280 281 
 4 265 317 319 320 
 4 266 317 321 322 
 4 276 317 333 334 
 4 268 278 282 283 
 4 268 319 323 324 
 4 278 319 335 336 
 4 268 280 282 283 
 4 268 321 323 324 
 3 280 321 338 
 4 282 323 340 341 
 3 271 273 275 
 4 271 277 278 279 
 4 273 277 280 281 
 4 271 325 327 328 
 4 273 325 329 330 
 4 277 325 333 334 
 4 275 278 282 283 
 4 275 327 331 332 
 4 278 327 335 336 
 4 275 280 282 283 
 4 275 329 331 332 
 4 280 329 338 339 
 4 282 331 340 341 
 3 279 281 283 
 4 279 333 335 337 
 4 281 333 338 339 
 4 283 335 340 341 
 4 283 338 340 342 
 3 285 287 288 
 3 285 290 291 
 3 287 290 293 
 3 285 296 298 
 4 287 296 299 300 
 3 290 296 303 
 4 285 311 312 313 
 3 287 311 314 
 3 290 311 318 
 3 296 311 326 
 4 288 291 294 295 
 3 288 298 301 
 3 291 298 305 
 3 288 312 316 
 4 291 312 319 320 
 4 298 312 327 328 
 4 288 293 294 295 
 4 288 299 301 302 
 3 293 299 307 
 3 288 314 316 
 4 293 314 321 322 
 4 299 314 329 330 
 3 294 301 309 
 4 294 316 323 324 
 4 301 316 331 332 
 3 291 293 295 
 3 291 303 305 
 3 293 303 307 
 4 291 318 319 320 
 4 293 318 321 322 
 3 303 318 334 
 3 295 305 309 
 4 295 319 323 324 
 3 305 319 336 
 4 295 307 309 310 
 4 295 321 323 324 
 3 307 321 338 
 4 309 323 340 341 
 4 298 300 301 302 
 3 298 303 305 
 3 300 303 307 
 4 298 326 327 328 
 4 300 326 329 330 
 3 303 326 334 
 3 301 305 309 
 4 301 327 331 332 
 3 305 327 336 
 4 302 307 309 310 
 4 302 329 331 332 
 4 307 329 338 339 
 4 309 331 340 341 
 4 305 307 309 310 
 4 305 334 336 337 
 4 307 334 338 339 
 4 309 336 340 341 
 4 310 338 340 342 
 3 313 314 316 
 3 313 318 320 
 3 314 318 322 
 3 313 326 328 
 3 314 326 330 
 3 318 326 334 
 3 316 320 324 
 3 316 328 332 
 3 320 328 336 
 3 316 322 324 
 3 316 330 332 
 4 322 330 338 339 
 3 324 332 341 
 3 320 322 324 
 4 320 334 336 337 
 4 322 334 338 339 
 3 324 336 341 
 4 324 338 341 342 
 3 328 330 332 
 4 328 334 336 337 
 3 330 334 339 
 3 332 336 341 
 4 332 339 341 342 
 4 337 339 341 342 
