 4608 768
 3 3 3 3 3 3 3 3 3 3 3 3 3 3 3 3 3 3 3 3 3 3 3 3 3 3 3 3 3 3 3 3 3 3 3 3 3 3 3 3 3 3 3 3 3 3 3 3 3 3 3 3 3 3 3 3 3 3 3 3 3 3 3 3 3 3 3 3 3 3 3 3 3 3 3 3 3 3 3 3 3 3 3 3 3 3 3 3 3 3 3 3 3 3 3 3 3 3 3 3 3 3 3 3 3 3 3 3 3 3 3 3 3 3 3 3 3 3 3 3 3 3 3 3 3 3 3 3 3 3 3 3 3 3 3 3 3 3 3 3 3 3 3 3 3 3 3 3 3 3 3 3 3 3 3 3 3 3 3 3 3 3 3 3 3 3 3 3 3 3 3 3 3 3 3 3 3 3 3 3 3 3 3 3 3 3 3 3 3 3 3 3 3 3 3 3 3 3 3 3 3 3 3 3 3 3 3 3 3 3 3 3 3 3 3 3 3 3 3 3 3 3 3 3 3 3 3 3 3 3 3 3 3 3 3 3 3 3 3 3 3 3 3 3 3 3 3 3 3 3 3 3 3 3 3 3 3 3 3 3 3 3 3 3 3 3 3 3 3 3 3 3 3 3 3 3 3 3 3 3 3 3 3 3 3 3 3 3 3 3 3 3 3 3 3 3 3 3 3 3 3 3 3 3 3 3 3 3 3 3 3 3 3 3 3 3 3 3 3 3 3 3 3 3 3 3 3 3 3 3 3 3 3 3 3 3 3 3 3 3 3 3 3 3 3 3 3 3 3 3 3 3 3 3 3 3 3 3 3 3 3 3 3 3 3 3 3 3 3 3 3 3 3 3 3 3 3 3 3 3 3 3 3 3 3 3 3 3 3 3 3 3 3 3 3 3 3 3 3 3 3 3 3 3 3 3 3 3 3 3 3 3 3 3 3 3 3 3 3 3 3 3 3 3 3 3 3 3 3 3 3 3 3 3 3 3 3 3 3 3 3 3 3 3 3 3 3 3 3 3 3 3 3 3 3 3 3 3 3 3 3 3 3 3 3 3 3 3 3 3 3 3 3 3 3 3 3 3 3 3 3 3 3 3 3 3 3 3 3 3 3 3 3 3 3 3 3 3 3 3 3 3 3 3 3 3 3 3 3 3 3 3 3 3 3 3 3 3 3 3 3 3 3 3 3 3 3 3 3 3 3 3 3 3 3 3 3 3 3 3 3 3 3 3 3 3 3 3 3 3 3 3 3 3 3 3 3 3 3 3 3 3 3 3 3 3 3 3 3 3 3 3 3 3 3 3 3 3 3 3 3 3 3 3 3 3 3 3 3 3 3 3 3 3 3 3 3 3 3 3 3 3 3 3 3 3 3 3 3 3 3 3 3 3 3 3 3 3 3 3 3 3 3 3 3 3 3 3 3 3 3 3 3 3 3 3 3 3 3 3 3 3 3 3 3 3 3 3 3 3 3 3 3 3 3 3 3 3 3 3 3 3 3 3 3 3 3 3 3 3 3 3 3 3 3 3 3 3 3 3 3 3 3 3 3 3 3 3 3 3 3 3 3 3 3 3 3 3 3 3 3 3 3 3 3 3 3 3 3 3 3 3 3 3 3 3 3 3 3 3 3 3 3 3 3 3 3 3 3 3 3 3 3 3 3 3 3 3 3 3 3 3 3 3 3 3 3 3 3 3 3 3 3 3 3 3 3 3 3 3 3 3 3 3 3 3 3 3 
 2 1 2 
 3 1 2 3 
 3 1 2 3 
 2 1 5 
 3 1 5 6 
 4 2 5 7 8 
 3 1 11 12 
 4 1 11 12 13 
 3 2 11 14 
 3 5 11 18 
 3 1 27 28 
 4 1 27 28 29 
 3 2 27 30 
 3 5 27 34 
 4 11 27 43 44 
 2 1 65 
 3 1 65 66 
 4 2 65 67 68 
 4 5 65 71 72 
 3 11 65 81 
 3 27 65 102 
 3 1 150 151 
 3 1 150 151 
 3 2 150 153 
 3 5 150 157 
 3 11 150 166 
 4 27 150 187 188 
 4 65 150 235 236 
 3 1 342 343 
 3 1 342 343 
 3 2 342 345 
 3 5 342 349 
 3 11 342 358 
 4 27 342 379 380 
 4 65 342 427 428 
 3 150 342 534 
 3 1 2 4 
 4 1 5 6 7 
 3 2 5 8 
 3 1 12 13 
 3 2 12 15 
 3 5 12 19 
 3 1 28 29 
 3 2 28 31 
 3 5 28 35 
 3 12 28 44 
 4 1 65 66 67 
 3 2 65 68 
 3 5 65 72 
 4 12 65 81 82 
 3 28 65 103 
 3 1 150 152 
 4 2 150 153 154 
 4 5 150 157 158 
 3 12 150 167 
 3 28 150 188 
 3 65 150 236 
 3 1 342 344 
 4 2 342 345 346 
 4 5 342 349 350 
 3 12 342 359 
 3 28 342 380 
 3 65 342 428 
 3 150 342 535 
 3 2 3 4 
 3 2 6 7 
 3 3 6 9 
 4 2 12 13 14 
 3 3 12 16 
 3 6 12 20 
 4 2 28 29 30 
 3 3 28 32 
 3 6 28 36 
 3 12 28 45 
 3 2 66 67 
 3 3 66 69 
 3 6 66 73 
 4 12 66 82 83 
 3 28 66 104 
 3 2 151 152 
 4 3 151 154 155 
 4 6 151 158 159 
 3 12 151 168 
 3 28 151 189 
 3 66 151 237 
 3 2 343 344 
 4 3 343 346 347 
 4 6 343 350 351 
 3 12 343 360 
 3 28 343 381 
 3 66 343 429 
 3 151 343 536 
 3 4 6 10 
 3 4 13 17 
 3 6 13 21 
 3 4 29 33 
 3 6 29 37 
 3 13 29 46 
 3 4 66 70 
 3 6 66 74 
 4 13 66 83 84 
 3 29 66 105 
 4 4 152 155 156 
 4 6 152 159 160 
 3 13 152 169 
 3 29 152 190 
 3 66 152 238 
 4 4 344 347 348 
 4 6 344 351 352 
 3 13 344 361 
 3 29 344 382 
 3 66 344 430 
 3 152 344 537 
 2 3 4 
 4 3 7 8 9 
 4 3 7 9 10 
 3 3 14 15 
 3 3 14 16 
 3 7 14 22 
 3 3 30 31 
 3 3 30 32 
 3 7 30 38 
 4 14 30 47 48 
 4 3 67 68 69 
 4 3 67 69 70 
 4 7 67 75 76 
 3 14 67 85 
 3 30 67 106 
 3 3 153 154 
 4 3 153 154 155 
 3 7 153 161 
 3 14 153 170 
 4 30 153 191 192 
 4 67 153 239 240 
 3 3 345 346 
 4 3 345 346 347 
 3 7 345 353 
 3 14 345 362 
 4 30 345 383 384 
 4 67 345 431 432 
 3 153 345 538 
 4 4 8 10 11 
 3 4 15 17 
 3 8 15 23 
 3 4 31 33 
 3 8 31 39 
 4 15 31 48 49 
 4 4 68 70 71 
 4 8 68 76 77 
 3 15 68 86 
 3 31 68 107 
 4 4 153 155 156 
 3 8 153 162 
 3 15 153 171 
 4 31 153 192 193 
 4 68 153 240 241 
 4 4 345 347 348 
 3 8 345 354 
 3 15 345 363 
 4 31 345 384 385 
 4 68 345 432 433 
 3 153 345 539 
 4 4 9 10 11 
 4 4 16 17 18 
 4 9 16 24 25 
 4 4 32 33 34 
 4 9 32 40 41 
 3 16 32 50 
 4 4 69 70 71 
 3 9 69 78 
 3 16 69 87 
 4 32 69 108 109 
 4 4 154 155 156 
 3 9 154 163 
 4 16 154 172 173 
 3 32 154 194 
 3 69 154 242 
 4 4 346 347 348 
 3 9 346 355 
 4 16 346 364 365 
 3 32 346 386 
 3 69 346 434 
 4 154 346 540 541 
 3 10 17 26 
 3 10 33 42 
 3 17 33 51 
 3 10 70 79 
 4 17 70 88 89 
 3 33 70 110 
 4 10 155 164 165 
 3 17 155 174 
 3 33 155 195 
 3 70 155 243 
 4 10 347 356 357 
 3 17 347 366 
 3 33 347 387 
 3 70 347 435 
 3 155 347 542 
 3 5 6 7 
 3 5 8 9 
 4 6 8 9 10 
 3 5 18 19 
 3 6 18 20 
 4 8 18 22 23 
 3 5 34 35 
 3 6 34 36 
 4 8 34 38 39 
 3 18 34 53 
 4 5 71 72 73 
 4 6 71 73 74 
 4 8 71 75 76 
 3 18 71 90 
 4 34 71 111 112 
 3 5 157 158 
 4 6 157 158 159 
 3 8 157 161 
 4 18 157 175 176 
 3 34 157 197 
 3 71 157 245 
 3 5 349 350 
 4 6 349 350 351 
 3 8 349 353 
 4 18 349 367 368 
 3 34 349 389 
 3 71 349 437 
 4 157 349 543 544 
 4 7 8 10 11 
 3 7 19 21 
 4 8 19 23 24 
 3 7 35 37 
 4 8 35 39 40 
 3 19 35 54 
 4 7 72 74 75 
 4 8 72 76 77 
 3 19 72 91 
 4 35 72 112 113 
 4 7 157 159 160 
 3 8 157 162 
 4 19 157 176 177 
 3 35 157 198 
 3 72 157 246 
 4 7 349 351 352 
 3 8 349 354 
 4 19 349 368 369 
 3 35 349 390 
 3 72 349 438 
 4 157 349 544 545 
 4 7 9 10 11 
 4 7 20 21 22 
 4 9 20 24 25 
 4 7 36 37 38 
 4 9 36 40 41 
 3 20 36 55 
 4 7 73 74 75 
 3 9 73 78 
 4 20 73 92 93 
 3 36 73 114 
 4 7 158 159 160 
 4 9 158 163 164 
 3 20 158 178 
 3 36 158 199 
 3 73 158 247 
 4 7 350 351 352 
 4 9 350 355 356 
 3 20 350 370 
 3 36 350 391 
 3 73 350 439 
 3 158 350 546 
 3 10 21 26 
 3 10 37 42 
 4 21 37 56 57 
 4 10 74 79 80 
 3 21 74 94 
 3 37 74 115 
 4 10 159 164 165 
 3 21 159 179 
 4 37 159 200 201 
 4 74 159 248 249 
 4 10 351 356 357 
 3 21 351 371 
 4 37 351 392 393 
 4 74 351 440 441 
 3 159 351 547 
 3 9 10 11 
 4 9 22 23 24 
 4 10 22 24 25 
 4 9 38 39 40 
 4 10 38 40 41 
 3 22 38 58 
 4 9 75 76 77 
 4 10 75 78 79 
 4 22 75 95 96 
 3 38 75 117 
 4 9 161 162 163 
 4 10 161 163 164 
 3 22 161 181 
 3 38 161 202 
 3 75 161 250 
 4 9 353 354 355 
 4 10 353 355 356 
 3 22 353 373 
 3 38 353 394 
 3 75 353 442 
 3 161 353 549 
 4 11 23 26 27 
 4 11 39 42 43 
 4 23 39 59 60 
 4 11 76 79 80 
 3 23 76 97 
 3 39 76 118 
 4 11 162 164 165 
 3 23 162 182 
 4 39 162 203 204 
 4 76 162 251 252 
 4 11 354 356 357 
 3 23 354 374 
 4 39 354 395 396 
 4 76 354 443 444 
 3 162 354 550 
 4 11 24 26 27 
 4 11 40 42 43 
 3 24 40 61 
 4 11 78 79 80 
 4 24 78 98 99 
 3 40 78 120 
 4 11 163 164 166 
 3 24 163 184 
 3 40 163 205 
 3 78 163 253 
 4 11 355 356 358 
 3 24 355 376 
 3 40 355 397 
 3 78 355 445 
 3 163 355 552 
 3 26 42 63 
 3 26 79 100 
 4 42 79 121 122 
 4 26 164 185 186 
 3 42 164 207 
 3 79 164 255 
 4 26 356 377 378 
 3 42 356 399 
 3 79 356 447 
 4 164 356 553 554 
 3 12 13 14 
 3 12 14 15 
 3 13 14 16 
 3 12 18 19 
 3 13 18 20 
 4 14 18 22 23 
 4 12 43 44 45 
 4 13 43 45 46 
 4 14 43 47 48 
 3 18 43 53 
 3 12 81 82 
 4 13 81 82 83 
 3 14 81 85 
 4 18 81 90 91 
 4 43 81 123 124 
 3 12 166 167 
 3 13 166 168 
 4 14 166 170 171 
 4 18 166 175 176 
 3 43 166 209 
 3 81 166 257 
 3 12 358 359 
 3 13 358 360 
 4 14 358 362 363 
 4 18 358 367 368 
 3 43 358 401 
 3 81 358 449 
 4 166 358 555 556 
 3 13 15 17 
 3 13 19 21 
 4 15 19 23 24 
 4 13 44 46 47 
 4 15 44 48 49 
 3 19 44 54 
 4 13 81 83 84 
 3 15 81 86 
 4 19 81 91 92 
 4 44 81 124 125 
 3 13 167 169 
 4 15 167 171 172 
 4 19 167 176 177 
 3 44 167 210 
 3 81 167 258 
 3 13 359 361 
 4 15 359 363 364 
 4 19 359 368 369 
 3 44 359 402 
 3 81 359 450 
 4 167 359 556 557 
 4 14 16 17 18 
 4 14 20 21 22 
 3 16 20 25 
 4 14 45 46 47 
 3 16 45 50 
 4 20 45 55 56 
 4 14 82 83 84 
 4 16 82 87 88 
 4 20 82 92 93 
 3 45 82 126 
 4 14 168 169 170 
 4 16 168 172 173 
 3 20 168 178 
 3 45 168 211 
 3 82 168 259 
 4 14 360 361 362 
 4 16 360 364 365 
 3 20 360 370 
 3 45 360 403 
 3 82 360 451 
 3 168 360 558 
 3 17 21 26 
 4 17 46 51 52 
 4 21 46 56 57 
 4 17 83 88 89 
 3 21 83 94 
 3 46 83 127 
 3 17 169 174 
 4 21 169 179 180 
 4 46 169 212 213 
 4 83 169 260 261 
 3 17 361 366 
 4 21 361 371 372 
 4 46 361 404 405 
 4 83 361 452 453 
 3 169 361 559 
 4 15 16 17 18 
 4 15 22 23 24 
 3 16 22 25 
 4 15 47 48 49 
 4 16 47 50 51 
 4 22 47 58 59 
 4 15 85 86 87 
 4 16 85 87 88 
 4 22 85 95 96 
 3 47 85 129 
 4 15 170 171 172 
 4 16 170 172 173 
 3 22 170 181 
 3 47 170 214 
 3 85 170 262 
 4 15 362 363 364 
 4 16 362 364 365 
 3 22 362 373 
 3 47 362 406 
 3 85 362 454 
 3 170 362 561 
 4 17 23 26 27 
 4 17 48 51 52 
 4 23 48 59 60 
 4 17 86 88 89 
 3 23 86 97 
 3 48 86 130 
 4 17 171 174 175 
 4 23 171 182 183 
 4 48 171 215 216 
 4 86 171 263 264 
 4 17 363 366 367 
 4 23 363 374 375 
 4 48 363 407 408 
 4 86 363 455 456 
 3 171 363 562 
 4 18 25 26 27 
 4 18 50 51 52 
 4 25 50 61 62 
 4 18 87 88 90 
 4 25 87 98 99 
 3 50 87 132 
 4 18 172 174 175 
 3 25 172 184 
 3 50 172 217 
 3 87 172 265 
 4 18 364 366 367 
 3 25 364 376 
 3 50 364 409 
 3 87 364 457 
 3 172 364 564 
 3 26 51 63 
 4 26 88 100 101 
 4 51 88 133 134 
 4 26 174 185 186 
 3 51 174 219 
 3 88 174 267 
 4 26 366 377 378 
 3 51 366 411 
 3 88 366 459 
 4 174 366 565 566 
 4 19 20 21 22 
 3 19 23 24 
 3 20 23 25 
 4 19 53 54 55 
 4 20 53 55 56 
 4 23 53 58 59 
 4 19 90 91 92 
 4 20 90 92 93 
 4 23 90 95 96 
 4 53 90 135 136 
 4 19 175 176 177 
 4 20 175 178 179 
 4 23 175 181 182 
 3 53 175 221 
 3 90 175 269 
 4 19 367 368 369 
 4 20 367 370 371 
 4 23 367 373 374 
 3 53 367 413 
 3 90 367 461 
 4 175 367 567 568 
 4 21 24 26 27 
 4 21 54 56 57 
 4 24 54 59 60 
 4 21 91 94 95 
 4 24 91 97 98 
 3 54 91 137 
 4 21 176 179 180 
 4 24 176 182 183 
 3 54 176 222 
 3 91 176 270 
 4 21 368 371 372 
 4 24 368 374 375 
 3 54 368 414 
 3 91 368 462 
 3 176 368 569 
 4 22 25 26 27 
 4 22 55 56 58 
 4 25 55 61 62 
 4 22 92 94 95 
 4 25 92 98 99 
 4 55 92 138 139 
 4 22 178 179 180 
 4 25 178 184 185 
 3 55 178 224 
 3 92 178 272 
 4 22 370 371 372 
 4 25 370 376 377 
 3 55 370 416 
 3 92 370 464 
 4 178 370 570 571 
 4 26 56 63 64 
 4 26 94 100 101 
 3 56 94 140 
 4 26 179 185 186 
 4 56 179 225 226 
 4 94 179 273 274 
 4 26 371 377 378 
 4 56 371 417 418 
 4 94 371 465 466 
 3 179 371 572 
 3 24 25 27 
 4 24 58 59 61 
 4 25 58 61 62 
 4 24 95 97 98 
 4 25 95 98 100 
 3 58 95 142 
 4 24 181 182 183 
 4 25 181 184 185 
 4 58 181 227 228 
 4 95 181 275 276 
 4 24 373 374 375 
 4 25 373 376 377 
 4 58 373 419 420 
 4 95 373 467 468 
 3 181 373 574 
 4 27 59 63 64 
 4 27 97 100 101 
 3 59 97 144 
 4 27 182 185 187 
 3 59 182 229 
 3 97 182 277 
 4 27 374 377 379 
 3 59 374 421 
 3 97 374 469 
 3 182 374 576 
 4 27 61 63 64 
 4 27 98 100 102 
 3 61 98 146 
 4 27 184 185 187 
 3 61 184 231 
 3 98 184 279 
 4 27 376 377 379 
 3 61 376 423 
 3 98 376 471 
 3 184 376 578 
 3 63 100 148 
 3 63 185 233 
 3 100 185 281 
 3 63 377 425 
 3 100 377 473 
 3 185 377 580 
 3 28 29 30 
 3 28 30 31 
 3 29 30 32 
 3 28 34 35 
 3 29 34 36 
 4 30 34 38 39 
 3 28 44 45 
 4 29 44 45 46 
 3 30 44 48 
 3 34 44 53 
 3 28 102 103 
 3 29 102 104 
 4 30 102 106 107 
 4 34 102 111 112 
 4 44 102 123 124 
 4 28 187 188 189 
 4 29 187 189 190 
 4 30 187 191 192 
 3 34 187 197 
 3 44 187 209 
 4 102 187 283 284 
 4 28 379 380 381 
 4 29 379 381 382 
 4 30 379 383 384 
 3 34 379 389 
 3 44 379 401 
 4 102 379 475 476 
 3 187 379 582 
 3 29 31 33 
 3 29 35 37 
 4 31 35 39 40 
 4 29 44 46 47 
 3 31 44 49 
 3 35 44 54 
 3 29 103 105 
 4 31 103 107 108 
 4 35 103 112 113 
 4 44 103 124 125 
 4 29 188 190 191 
 4 31 188 192 193 
 3 35 188 198 
 3 44 188 210 
 4 103 188 284 285 
 4 29 380 382 383 
 4 31 380 384 385 
 3 35 380 390 
 3 44 380 402 
 4 103 380 476 477 
 3 188 380 583 
 4 30 32 33 34 
 4 30 36 37 38 
 3 32 36 41 
 4 30 45 46 47 
 3 32 45 50 
 4 36 45 55 56 
 4 30 104 105 106 
 4 32 104 108 109 
 3 36 104 114 
 3 45 104 126 
 4 30 189 190 191 
 3 32 189 194 
 4 36 189 199 200 
 4 45 189 211 212 
 3 104 189 286 
 4 30 381 382 383 
 3 32 381 386 
 4 36 381 391 392 
 4 45 381 403 404 
 3 104 381 478 
 4 189 381 584 585 
 3 33 37 42 
 4 33 46 51 52 
 3 37 46 57 
 3 33 105 110 
 4 37 105 115 116 
 4 46 105 127 128 
 4 33 190 195 196 
 4 37 190 200 201 
 4 46 190 212 213 
 3 105 190 287 
 4 33 382 387 388 
 4 37 382 392 393 
 4 46 382 404 405 
 3 105 382 479 
 3 190 382 586 
 4 31 32 33 34 
 4 31 38 39 40 
 3 32 38 41 
 3 31 48 49 
 4 32 48 50 51 
 4 38 48 58 59 
 4 31 106 107 108 
 4 32 106 108 109 
 3 38 106 117 
 3 48 106 129 
 4 31 191 192 193 
 4 32 191 194 195 
 4 38 191 202 203 
 4 48 191 214 215 
 3 106 191 289 
 4 31 383 384 385 
 4 32 383 386 387 
 4 38 383 394 395 
 4 48 383 406 407 
 3 106 383 481 
 4 191 383 587 588 
 4 33 39 42 43 
 4 33 49 51 52 
 3 39 49 60 
 4 33 107 110 111 
 4 39 107 118 119 
 4 49 107 130 131 
 4 33 192 195 196 
 4 39 192 203 204 
 4 49 192 215 216 
 3 107 192 290 
 4 33 384 387 388 
 4 39 384 395 396 
 4 49 384 407 408 
 3 107 384 482 
 3 192 384 589 
 4 34 41 42 43 
 4 34 50 51 52 
 4 41 50 61 62 
 4 34 108 110 111 
 3 41 108 120 
 3 50 108 132 
 4 34 194 195 196 
 4 41 194 205 206 
 4 50 194 217 218 
 3 108 194 292 
 4 34 386 387 388 
 4 41 386 397 398 
 4 50 386 409 410 
 3 108 386 484 
 4 194 386 590 591 
 3 42 51 63 
 4 42 110 121 122 
 4 51 110 133 134 
 3 42 195 207 
 3 51 195 219 
 4 110 195 293 294 
 3 42 387 399 
 3 51 387 411 
 4 110 387 485 486 
 3 195 387 592 
 4 35 36 37 38 
 3 35 39 40 
 3 36 39 41 
 4 35 53 54 55 
 4 36 53 55 56 
 4 39 53 58 59 
 4 35 111 112 113 
 4 36 111 114 115 
 4 39 111 117 118 
 4 53 111 135 136 
 4 35 197 198 199 
 4 36 197 199 200 
 4 39 197 202 203 
 3 53 197 221 
 4 111 197 295 296 
 4 35 389 390 391 
 4 36 389 391 392 
 4 39 389 394 395 
 3 53 389 413 
 4 111 389 487 488 
 3 197 389 594 
 4 37 40 42 43 
 3 37 54 57 
 3 40 54 60 
 4 37 112 115 116 
 4 40 112 118 119 
 3 54 112 137 
 4 37 198 200 201 
 4 40 198 203 204 
 4 54 198 222 223 
 3 112 198 297 
 4 37 390 392 393 
 4 40 390 395 396 
 4 54 390 414 415 
 3 112 390 489 
 4 198 390 595 596 
 4 38 41 42 43 
 4 38 55 57 58 
 4 41 55 61 62 
 4 38 114 115 116 
 4 41 114 120 121 
 4 55 114 138 139 
 4 38 199 200 202 
 4 41 199 205 206 
 3 55 199 224 
 4 114 199 298 299 
 4 38 391 392 394 
 4 41 391 397 398 
 3 55 391 416 
 4 114 391 490 491 
 3 199 391 597 
 4 42 57 63 64 
 4 42 115 121 122 
 4 57 115 140 141 
 4 42 200 207 208 
 4 57 200 225 226 
 3 115 200 300 
 4 42 392 399 400 
 4 57 392 417 418 
 3 115 392 492 
 3 200 392 599 
 3 40 41 43 
 4 40 58 60 61 
 4 41 58 61 62 
 4 40 117 118 119 
 4 41 117 120 121 
 4 58 117 142 143 
 4 40 202 203 205 
 4 41 202 205 206 
 4 58 202 227 228 
 3 117 202 302 
 4 40 394 395 397 
 4 41 394 397 398 
 4 58 394 419 420 
 3 117 394 494 
 3 202 394 601 
 4 43 60 63 64 
 4 43 118 121 123 
 3 60 118 144 
 4 43 203 207 208 
 4 60 203 229 230 
 3 118 203 304 
 4 43 395 399 400 
 4 60 395 421 422 
 3 118 395 496 
 4 203 395 602 603 
 4 43 61 63 64 
 4 43 120 121 123 
 3 61 120 146 
 4 43 205 207 208 
 4 61 205 231 232 
 3 120 205 306 
 4 43 397 399 400 
 4 61 397 423 424 
 3 120 397 498 
 4 205 397 604 605 
 3 63 121 148 
 4 63 207 233 234 
 3 121 207 308 
 4 63 399 425 426 
 3 121 399 500 
 4 207 399 606 607 
 3 45 46 47 
 3 45 48 49 
 4 46 48 50 51 
 4 45 53 54 55 
 3 46 53 56 
 3 48 53 59 
 4 45 123 124 125 
 4 46 123 126 127 
 4 48 123 129 130 
 4 53 123 135 136 
 4 45 209 210 211 
 4 46 209 211 212 
 4 48 209 214 215 
 4 53 209 221 222 
 3 123 209 310 
 4 45 401 402 403 
 4 46 401 403 404 
 4 48 401 406 407 
 4 53 401 413 414 
 3 123 401 502 
 3 209 401 609 
 3 47 49 52 
 3 47 54 57 
 3 49 54 60 
 4 47 124 127 128 
 4 49 124 130 131 
 4 54 124 137 138 
 4 47 210 212 213 
 4 49 210 215 216 
 4 54 210 222 223 
 4 124 210 311 312 
 4 47 402 404 405 
 4 49 402 407 408 
 4 54 402 414 415 
 4 124 402 503 504 
 3 210 402 610 
 3 47 50 52 
 4 47 56 57 58 
 3 50 56 62 
 4 47 126 127 128 
 4 50 126 132 133 
 4 56 126 138 139 
 4 47 211 212 214 
 4 50 211 217 218 
 4 56 211 224 225 
 3 126 211 313 
 4 47 403 404 406 
 4 50 403 409 410 
 4 56 403 416 417 
 3 126 403 505 
 3 211 403 612 
 4 52 57 63 64 
 4 52 127 133 134 
 4 57 127 140 141 
 4 52 212 219 220 
 4 57 212 225 226 
 3 127 212 315 
 4 52 404 411 412 
 4 57 404 417 418 
 3 127 404 507 
 4 212 404 613 614 
 3 49 51 52 
 4 49 59 60 61 
 3 51 59 62 
 4 49 129 130 131 
 4 51 129 132 133 
 4 59 129 142 143 
 4 49 214 215 217 
 4 51 214 217 218 
 4 59 214 227 228 
 3 129 214 317 
 4 49 406 407 409 
 4 51 406 409 410 
 4 59 406 419 420 
 3 129 406 509 
 4 214 406 615 616 
 4 52 60 63 64 
 4 52 130 133 135 
 4 60 130 144 145 
 4 52 215 219 220 
 4 60 215 229 230 
 4 130 215 318 319 
 4 52 407 411 412 
 4 60 407 421 422 
 4 130 407 510 511 
 3 215 407 617 
 4 52 62 63 64 
 4 52 132 133 135 
 4 62 132 146 147 
 4 52 217 219 220 
 4 62 217 231 232 
 4 132 217 320 321 
 4 52 409 411 412 
 4 62 409 423 424 
 4 132 409 512 513 
 3 217 409 619 
 4 63 133 148 149 
 4 63 219 233 234 
 4 133 219 322 323 
 4 63 411 425 426 
 4 133 411 514 515 
 3 219 411 621 
 4 55 56 57 58 
 4 55 59 60 61 
 3 56 59 62 
 4 55 135 137 138 
 4 56 135 138 140 
 4 59 135 142 143 
 4 55 221 222 223 
 4 56 221 224 225 
 4 59 221 227 229 
 3 135 221 325 
 4 55 413 414 415 
 4 56 413 416 417 
 4 59 413 419 421 
 3 135 413 517 
 4 221 413 623 624 
 3 57 60 64 
 4 57 137 140 141 
 4 60 137 144 145 
 4 57 222 225 227 
 4 60 222 229 230 
 4 137 222 326 327 
 4 57 414 417 419 
 4 60 414 421 422 
 4 137 414 518 519 
 3 222 414 625 
 3 58 62 64 
 4 58 138 140 142 
 4 62 138 146 147 
 4 58 224 225 227 
 4 62 224 231 232 
 4 138 224 328 329 
 4 58 416 417 419 
 4 62 416 423 424 
 4 138 416 520 521 
 3 224 416 627 
 4 64 140 148 149 
 4 64 225 233 234 
 4 140 225 330 331 
 4 64 417 425 426 
 4 140 417 522 523 
 3 225 417 629 
 3 61 62 64 
 4 61 142 144 145 
 4 62 142 146 147 
 4 61 227 229 231 
 4 62 227 231 233 
 3 142 227 333 
 4 61 419 421 423 
 4 62 419 423 425 
 3 142 419 525 
 4 227 419 631 632 
 4 64 144 148 149 
 4 64 229 233 235 
 3 144 229 335 
 4 64 421 425 427 
 3 144 421 527 
 4 229 421 633 634 
 4 64 146 148 150 
 4 64 231 233 235 
 3 146 231 337 
 4 64 423 425 427 
 3 146 423 529 
 3 231 423 636 
 4 148 233 339 340 
 4 148 425 531 532 
 3 233 425 638 
 3 65 66 67 
 3 65 68 69 
 4 66 68 69 70 
 3 65 72 73 
 4 66 72 73 74 
 3 68 72 76 
 3 65 81 82 
 3 66 81 83 
 3 68 81 85 
 4 72 81 90 91 
 3 65 102 103 
 3 66 102 104 
 4 68 102 106 107 
 3 72 102 112 
 3 81 102 124 
 4 65 235 236 237 
 4 66 235 237 238 
 4 68 235 239 240 
 3 72 235 245 
 3 81 235 257 
 4 102 235 283 284 
 4 65 427 428 429 
 4 66 427 429 430 
 4 68 427 431 432 
 3 72 427 437 
 3 81 427 449 
 4 102 427 475 476 
 3 235 427 641 
 4 67 68 70 71 
 4 67 72 74 75 
 3 68 72 77 
 3 67 82 84 
 3 68 82 86 
 4 72 82 91 92 
 3 67 103 105 
 4 68 103 107 108 
 3 72 103 113 
 3 82 103 125 
 4 67 236 238 239 
 4 68 236 240 241 
 3 72 236 246 
 3 82 236 258 
 4 103 236 284 285 
 4 67 428 430 431 
 4 68 428 432 433 
 3 72 428 438 
 3 82 428 450 
 4 103 428 476 477 
 3 236 428 642 
 4 67 69 70 71 
 4 67 73 74 75 
 3 69 73 78 
 3 67 83 84 
 4 69 83 87 88 
 3 73 83 93 
 4 67 104 105 106 
 3 69 104 109 
 3 73 104 114 
 3 83 104 126 
 4 67 237 238 239 
 3 69 237 242 
 4 73 237 247 248 
 4 83 237 259 260 
 3 104 237 286 
 4 67 429 430 431 
 3 69 429 434 
 4 73 429 439 440 
 4 83 429 451 452 
 3 104 429 478 
 3 237 429 643 
 4 70 74 79 80 
 3 70 84 89 
 3 74 84 94 
 3 70 105 110 
 4 74 105 115 116 
 4 84 105 127 128 
 4 70 238 243 244 
 4 74 238 248 249 
 4 84 238 260 261 
 4 105 238 287 288 
 4 70 430 435 436 
 4 74 430 440 441 
 4 84 430 452 453 
 4 105 430 479 480 
 4 238 430 644 645 
 3 69 70 71 
 3 69 76 77 
 4 70 76 78 79 
 4 69 85 86 87 
 4 70 85 87 88 
 3 76 85 96 
 4 69 106 107 108 
 3 70 106 109 
 3 76 106 117 
 3 85 106 129 
 4 69 239 240 241 
 4 70 239 242 243 
 4 76 239 250 251 
 4 85 239 262 263 
 3 106 239 289 
 4 69 431 432 433 
 4 70 431 434 435 
 4 76 431 442 443 
 4 85 431 454 455 
 3 106 431 481 
 3 239 431 646 
 4 71 77 79 80 
 3 71 86 89 
 3 77 86 97 
 4 71 107 110 111 
 4 77 107 118 119 
 4 86 107 130 131 
 4 71 240 243 244 
 4 77 240 251 252 
 4 86 240 263 264 
 4 107 240 290 291 
 4 71 432 435 436 
 4 77 432 443 444 
 4 86 432 455 456 
 4 107 432 482 483 
 4 240 432 647 648 
 4 71 78 79 80 
 4 71 87 89 90 
 3 78 87 99 
 4 71 109 110 111 
 3 78 109 120 
 3 87 109 132 
 4 71 242 243 244 
 4 78 242 253 254 
 4 87 242 265 266 
 3 109 242 292 
 4 71 434 435 436 
 4 78 434 445 446 
 4 87 434 457 458 
 3 109 434 484 
 3 242 434 649 
 4 79 89 100 101 
 3 79 110 122 
 3 89 110 134 
 3 79 243 255 
 3 89 243 267 
 4 110 243 293 294 
 3 79 435 447 
 3 89 435 459 
 4 110 435 485 486 
 3 243 435 651 
 3 73 74 75 
 3 73 76 77 
 4 74 76 78 79 
 4 73 90 91 92 
 3 74 90 93 
 3 76 90 96 
 3 73 112 113 
 4 74 112 114 115 
 4 76 112 117 118 
 3 90 112 136 
 4 73 245 246 247 
 4 74 245 247 248 
 4 76 245 250 251 
 3 90 245 269 
 4 112 245 295 296 
 4 73 437 438 439 
 4 74 437 439 440 
 4 76 437 442 443 
 3 90 437 461 
 4 112 437 487 488 
 3 245 437 653 
 3 75 77 80 
 4 75 91 94 95 
 4 77 91 97 98 
 4 75 113 115 116 
 4 77 113 118 119 
 3 91 113 137 
 4 75 246 248 249 
 4 77 246 251 252 
 4 91 246 270 271 
 3 113 246 297 
 4 75 438 440 441 
 4 77 438 443 444 
 4 91 438 462 463 
 3 113 438 489 
 3 246 438 654 
 3 75 78 80 
 4 75 93 94 95 
 3 78 93 99 
 4 75 114 115 116 
 4 78 114 120 121 
 3 93 114 139 
 4 75 247 248 250 
 4 78 247 253 254 
 3 93 247 272 
 4 114 247 298 299 
 4 75 439 440 442 
 4 78 439 445 446 
 3 93 439 464 
 4 114 439 490 491 
 3 247 439 656 
 4 80 94 100 101 
 3 80 115 122 
 4 94 115 140 141 
 4 80 248 255 256 
 4 94 248 273 274 
 4 115 248 300 301 
 4 80 440 447 448 
 4 94 440 465 466 
 4 115 440 492 493 
 4 248 440 657 658 
 3 77 79 80 
 4 77 96 97 98 
 4 79 96 99 100 
 4 77 117 118 119 
 4 79 117 120 121 
 4 96 117 142 143 
 4 77 250 251 253 
 4 79 250 253 254 
 4 96 250 275 276 
 4 117 250 302 303 
 4 77 442 443 445 
 4 79 442 445 446 
 4 96 442 467 468 
 4 117 442 494 495 
 4 250 442 659 660 
 4 80 97 100 101 
 4 80 118 122 123 
 3 97 118 144 
 4 80 251 255 256 
 4 97 251 277 278 
 3 118 251 304 
 4 80 443 447 448 
 4 97 443 469 470 
 3 118 443 496 
 3 251 443 661 
 4 80 99 100 102 
 4 80 120 122 123 
 3 99 120 146 
 4 80 253 255 256 
 4 99 253 279 280 
 3 120 253 306 
 4 80 445 447 448 
 4 99 445 471 472 
 3 120 445 498 
 3 253 445 663 
 3 100 122 148 
 4 100 255 281 282 
 3 122 255 308 
 4 100 447 473 474 
 3 122 447 500 
 3 255 447 665 
 3 82 83 84 
 4 82 85 86 87 
 3 83 85 88 
 3 82 91 92 
 3 83 91 93 
 3 85 91 96 
 3 82 124 125 
 4 83 124 126 127 
 4 85 124 129 130 
 3 91 124 136 
 4 82 257 258 259 
 4 83 257 259 260 
 4 85 257 262 263 
 4 91 257 269 270 
 4 124 257 310 311 
 4 82 449 450 451 
 4 83 449 451 452 
 4 85 449 454 455 
 4 91 449 461 462 
 4 124 449 502 503 
 4 257 449 667 668 
 3 84 86 89 
 4 84 92 94 95 
 4 86 92 97 98 
 4 84 125 127 128 
 4 86 125 130 131 
 4 92 125 137 138 
 4 84 258 260 261 
 4 86 258 263 264 
 4 92 258 270 271 
 4 125 258 311 312 
 4 84 450 452 453 
 4 86 450 455 456 
 4 92 450 462 463 
 4 125 450 503 504 
 3 258 450 669 
 4 84 88 89 90 
 4 84 93 94 95 
 3 88 93 99 
 4 84 126 127 128 
 4 88 126 132 133 
 3 93 126 139 
 4 84 259 260 262 
 4 88 259 265 266 
 4 93 259 272 273 
 4 126 259 313 314 
 4 84 451 452 454 
 4 88 451 457 458 
 4 93 451 464 465 
 4 126 451 505 506 
 4 259 451 670 671 
 3 89 94 101 
 3 89 127 134 
 4 94 127 140 141 
 4 89 260 267 268 
 4 94 260 273 274 
 3 127 260 315 
 4 89 452 459 460 
 4 94 452 465 466 
 3 127 452 507 
 3 260 452 672 
 4 87 88 89 90 
 4 87 96 97 98 
 4 88 96 99 100 
 4 87 129 130 131 
 4 88 129 132 133 
 4 96 129 142 143 
 4 87 262 263 265 
 4 88 262 265 266 
 4 96 262 275 276 
 3 129 262 317 
 4 87 454 455 457 
 4 88 454 457 458 
 4 96 454 467 468 
 3 129 454 509 
 3 262 454 674 
 3 89 97 101 
 4 89 130 134 135 
 4 97 130 144 145 
 4 89 263 267 268 
 4 97 263 277 278 
 4 130 263 318 319 
 4 89 455 459 460 
 4 97 455 469 470 
 4 130 455 510 511 
 3 263 455 676 
 4 90 99 101 102 
 4 90 132 134 135 
 4 99 132 146 147 
 4 90 265 267 268 
 4 99 265 279 280 
 4 132 265 320 321 
 4 90 457 459 460 
 4 99 457 471 472 
 4 132 457 512 513 
 3 265 457 678 
 4 101 134 148 149 
 4 101 267 281 282 
 4 134 267 322 323 
 4 101 459 473 474 
 4 134 459 514 515 
 3 267 459 680 
 3 92 93 95 
 3 92 96 98 
 4 93 96 99 100 
 4 92 136 137 138 
 4 93 136 139 140 
 4 96 136 142 143 
 4 92 269 270 271 
 4 93 269 272 273 
 4 96 269 275 277 
 3 136 269 325 
 4 92 461 462 463 
 4 93 461 464 465 
 4 96 461 467 469 
 3 136 461 517 
 3 269 461 682 
 3 95 98 101 
 4 95 137 140 141 
 4 98 137 144 145 
 4 95 270 273 275 
 4 98 270 277 278 
 4 137 270 326 327 
 4 95 462 465 467 
 4 98 462 469 470 
 4 137 462 518 519 
 3 270 462 684 
 4 95 99 101 102 
 4 95 139 140 142 
 4 99 139 146 147 
 4 95 272 273 275 
 4 99 272 279 280 
 4 139 272 328 329 
 4 95 464 465 467 
 4 99 464 471 472 
 4 139 464 520 521 
 3 272 464 686 
 4 101 140 148 149 
 4 101 273 281 282 
 4 140 273 330 331 
 4 101 465 473 474 
 4 140 465 522 523 
 3 273 465 688 
 4 98 100 101 102 
 4 98 142 144 145 
 4 100 142 146 147 
 4 98 275 277 279 
 4 100 275 279 281 
 3 142 275 333 
 4 98 467 469 471 
 4 100 467 471 473 
 3 142 467 525 
 3 275 467 690 
 4 101 144 148 149 
 4 101 277 281 283 
 3 144 277 335 
 4 101 469 473 475 
 3 144 469 527 
 3 277 469 692 
 4 102 146 148 150 
 4 102 279 281 283 
 4 146 279 337 338 
 4 102 471 473 475 
 4 146 471 529 530 
 4 279 471 694 695 
 4 148 281 339 340 
 4 148 473 531 532 
 3 281 473 697 
 4 103 104 105 106 
 3 103 107 108 
 3 104 107 109 
 3 103 112 113 
 4 104 112 114 115 
 4 107 112 117 118 
 3 103 124 125 
 4 104 124 126 127 
 4 107 124 129 130 
 3 112 124 136 
 4 103 283 284 285 
 4 104 283 286 287 
 4 107 283 289 290 
 4 112 283 295 296 
 4 124 283 310 311 
 4 103 475 476 477 
 4 104 475 478 479 
 4 107 475 481 482 
 4 112 475 487 488 
 4 124 475 502 503 
 4 283 475 699 700 
 4 105 108 110 111 
 3 105 113 116 
 3 108 113 119 
 3 105 125 128 
 3 108 125 131 
 4 113 125 137 138 
 4 105 284 287 288 
 4 108 284 290 291 
 4 113 284 297 298 
 4 125 284 311 312 
 4 105 476 479 480 
 4 108 476 482 483 
 4 113 476 489 490 
 4 125 476 503 504 
 3 284 476 701 
 4 106 109 110 111 
 3 106 114 116 
 4 109 114 120 121 
 3 106 126 128 
 4 109 126 132 133 
 3 114 126 139 
 4 106 286 287 288 
 4 109 286 292 293 
 4 114 286 298 299 
 4 126 286 313 314 
 4 106 478 479 480 
 4 109 478 484 485 
 4 114 478 490 491 
 4 126 478 505 506 
 4 286 478 702 703 
 3 110 116 122 
 3 110 128 134 
 3 116 128 141 
 4 110 287 293 294 
 4 116 287 300 301 
 4 128 287 315 316 
 4 110 479 485 486 
 4 116 479 492 493 
 4 128 479 507 508 
 3 287 479 704 
 3 108 109 111 
 3 108 117 119 
 4 109 117 120 121 
 3 108 129 131 
 4 109 129 132 133 
 3 117 129 143 
 4 108 289 290 291 
 4 109 289 292 293 
 4 117 289 302 303 
 4 129 289 317 318 
 4 108 481 482 483 
 4 109 481 484 485 
 4 117 481 494 495 
 4 129 481 509 510 
 3 289 481 706 
 4 111 119 122 123 
 4 111 131 134 135 
 4 119 131 144 145 
 4 111 290 293 295 
 4 119 290 304 305 
 4 131 290 318 319 
 4 111 482 485 487 
 4 119 482 496 497 
 4 131 482 510 511 
 3 290 482 708 
 4 111 120 122 123 
 4 111 132 134 135 
 4 120 132 146 147 
 4 111 292 293 295 
 4 120 292 306 307 
 4 132 292 320 321 
 4 111 484 485 487 
 4 120 484 498 499 
 4 132 484 512 513 
 3 292 484 710 
 4 122 134 148 149 
 4 122 293 308 309 
 4 134 293 322 323 
 4 122 485 500 501 
 4 134 485 514 515 
 3 293 485 712 
 3 113 115 116 
 3 113 118 119 
 3 115 118 121 
 4 113 136 137 138 
 4 115 136 139 140 
 3 118 136 143 
 4 113 295 297 298 
 4 115 295 298 300 
 4 118 295 302 303 
 4 136 295 325 326 
 4 113 487 489 490 
 4 115 487 490 492 
 4 118 487 494 495 
 4 136 487 517 518 
 3 295 487 714 
 4 116 119 122 123 
 3 116 137 141 
 4 119 137 144 145 
 4 116 297 300 301 
 4 119 297 304 305 
 4 137 297 326 327 
 4 116 489 492 493 
 4 119 489 496 497 
 4 137 489 518 519 
 3 297 489 716 
 4 116 121 122 123 
 4 116 139 141 142 
 4 121 139 146 147 
 4 116 298 300 302 
 4 121 298 306 307 
 4 139 298 328 329 
 4 116 490 492 494 
 4 121 490 498 499 
 4 139 490 520 521 
 3 298 490 718 
 4 122 141 148 149 
 4 122 300 308 309 
 4 141 300 330 331 
 4 122 492 500 501 
 4 141 492 522 523 
 3 300 492 720 
 3 119 121 123 
 4 119 143 144 145 
 4 121 143 146 147 
 4 119 302 304 305 
 4 121 302 306 307 
 4 143 302 333 334 
 4 119 494 496 497 
 4 121 494 498 499 
 4 143 494 525 526 
 3 302 494 722 
 4 123 144 148 149 
 4 123 304 308 309 
 4 144 304 335 336 
 4 123 496 500 501 
 4 144 496 527 528 
 3 304 496 724 
 4 123 146 148 150 
 4 123 306 308 310 
 4 146 306 337 338 
 4 123 498 500 502 
 4 146 498 529 530 
 4 306 498 726 727 
 4 148 308 339 340 
 4 148 500 531 532 
 3 308 500 729 
 3 125 127 128 
 3 125 130 131 
 3 127 130 133 
 3 125 136 138 
 4 127 136 139 140 
 3 130 136 143 
 4 125 310 311 313 
 4 127 310 313 314 
 4 130 310 317 318 
 4 136 310 325 326 
 4 125 502 503 505 
 4 127 502 505 506 
 4 130 502 509 510 
 4 136 502 517 518 
 4 310 502 731 732 
 4 128 131 134 135 
 3 128 138 141 
 3 131 138 145 
 4 128 311 315 316 
 4 131 311 318 320 
 4 138 311 326 328 
 4 128 503 507 508 
 4 131 503 510 512 
 4 138 503 518 520 
 3 311 503 733 
 4 128 133 134 135 
 4 128 139 141 142 
 3 133 139 147 
 4 128 313 315 316 
 4 133 313 320 322 
 4 139 313 328 330 
 4 128 505 507 508 
 4 133 505 512 514 
 4 139 505 520 522 
 3 313 505 735 
 3 134 141 149 
 4 134 315 322 324 
 4 141 315 330 332 
 4 134 507 514 516 
 4 141 507 522 524 
 3 315 507 737 
 3 131 133 135 
 3 131 143 145 
 3 133 143 147 
 4 131 317 318 320 
 4 133 317 320 322 
 4 143 317 333 334 
 4 131 509 510 512 
 4 133 509 512 514 
 4 143 509 525 526 
 4 317 509 739 740 
 3 135 145 149 
 4 135 318 322 324 
 4 145 318 335 336 
 4 135 510 514 516 
 4 145 510 527 528 
 4 318 510 741 742 
 4 135 147 149 150 
 4 135 320 322 324 
 4 147 320 337 338 
 4 135 512 514 516 
 4 147 512 529 530 
 3 320 512 744 
 4 149 322 339 341 
 4 149 514 531 533 
 3 322 514 746 
 4 138 140 141 142 
 3 138 143 145 
 3 140 143 147 
 4 138 325 326 328 
 4 140 325 328 330 
 4 143 325 333 334 
 4 138 517 518 520 
 4 140 517 520 522 
 4 143 517 525 526 
 3 325 517 749 
 3 141 145 149 
 4 141 326 330 332 
 4 145 326 335 336 
 4 141 518 522 524 
 4 145 518 527 528 
 3 326 518 751 
 4 142 147 149 150 
 4 142 328 330 332 
 4 147 328 337 339 
 4 142 520 522 524 
 4 147 520 529 531 
 3 328 520 753 
 4 149 330 339 341 
 4 149 522 531 533 
 4 330 522 755 756 
 4 145 147 149 150 
 4 145 333 335 337 
 4 147 333 337 339 
 4 145 525 527 529 
 4 147 525 529 531 
 3 333 525 758 
 4 149 335 339 341 
 4 149 527 531 533 
 4 335 527 760 761 
 4 150 337 339 342 
 4 150 529 531 534 
 3 337 529 763 
 3 339 531 766 
 2 151 152 
 3 151 153 154 
 3 151 153 155 
 3 151 157 158 
 3 151 157 159 
 3 153 157 161 
 3 151 166 167 
 3 151 166 168 
 4 153 166 170 171 
 3 157 166 176 
 3 151 188 189 
 4 151 188 189 190 
 3 153 188 192 
 3 157 188 197 
 3 166 188 209 
 3 151 236 237 
 4 151 236 237 238 
 3 153 236 240 
 3 157 236 245 
 3 166 236 257 
 3 188 236 284 
 3 151 534 535 
 3 151 534 536 
 4 153 534 538 539 
 4 157 534 543 544 
 4 166 534 555 556 
 4 188 534 582 583 
 3 236 534 641 
 3 152 154 156 
 3 152 158 160 
 3 154 158 162 
 3 152 167 169 
 4 154 167 171 172 
 3 158 167 177 
 4 152 188 190 191 
 3 154 188 193 
 3 158 188 198 
 3 167 188 210 
 4 152 236 238 239 
 3 154 236 241 
 3 158 236 246 
 3 167 236 258 
 3 188 236 285 
 3 152 535 537 
 4 154 535 539 540 
 4 158 535 544 545 
 4 167 535 556 557 
 4 188 535 583 584 
 3 236 535 642 
 3 152 155 156 
 3 152 159 160 
 4 155 159 163 164 
 4 152 168 169 170 
 3 155 168 173 
 3 159 168 178 
 4 152 189 190 191 
 3 155 189 194 
 4 159 189 199 200 
 4 168 189 211 212 
 4 152 237 238 239 
 3 155 237 242 
 4 159 237 247 248 
 4 168 237 259 260 
 3 189 237 286 
 4 152 536 537 538 
 4 155 536 540 541 
 3 159 536 546 
 3 168 536 558 
 4 189 536 584 585 
 4 237 536 643 644 
 3 156 160 165 
 3 156 169 174 
 4 160 169 179 180 
 4 156 190 195 196 
 3 160 190 201 
 3 169 190 213 
 4 156 238 243 244 
 3 160 238 249 
 3 169 238 261 
 4 190 238 287 288 
 3 156 537 542 
 4 160 537 547 548 
 4 169 537 559 560 
 3 190 537 586 
 4 238 537 644 645 
 3 154 155 156 
 4 154 161 162 163 
 4 155 161 163 164 
 4 154 170 171 172 
 3 155 170 173 
 3 161 170 181 
 3 154 192 193 
 4 155 192 194 195 
 4 161 192 202 203 
 4 170 192 214 215 
 3 154 240 241 
 4 155 240 242 243 
 4 161 240 250 251 
 4 170 240 262 263 
 3 192 240 289 
 4 154 538 539 540 
 4 155 538 540 541 
 3 161 538 549 
 3 170 538 561 
 4 192 538 587 588 
 4 240 538 646 647 
 3 156 162 165 
 4 156 171 174 175 
 4 162 171 182 183 
 4 156 193 195 196 
 3 162 193 204 
 3 171 193 216 
 4 156 241 243 244 
 3 162 241 252 
 3 171 241 264 
 4 193 241 290 291 
 4 156 539 542 543 
 4 162 539 550 551 
 4 171 539 562 563 
 3 193 539 589 
 4 241 539 647 648 
 4 156 163 165 166 
 4 156 173 174 175 
 3 163 173 184 
 4 156 194 195 196 
 4 163 194 205 206 
 4 173 194 217 218 
 4 156 242 243 244 
 4 163 242 253 254 
 4 173 242 265 266 
 3 194 242 292 
 4 156 540 542 543 
 3 163 540 552 
 3 173 540 564 
 4 194 540 590 591 
 4 242 540 649 650 
 3 165 174 186 
 3 165 195 207 
 3 174 195 219 
 3 165 243 255 
 3 174 243 267 
 3 195 243 294 
 4 165 542 553 554 
 4 174 542 565 566 
 4 195 542 592 593 
 3 243 542 651 
 3 158 159 160 
 4 158 161 162 163 
 3 159 161 164 
 3 158 176 177 
 4 159 176 178 179 
 4 161 176 181 182 
 4 158 197 198 199 
 4 159 197 199 200 
 4 161 197 202 203 
 3 176 197 221 
 4 158 245 246 247 
 4 159 245 247 248 
 4 161 245 250 251 
 3 176 245 269 
 3 197 245 296 
 4 158 543 544 545 
 4 159 543 546 547 
 4 161 543 549 550 
 4 176 543 567 568 
 4 197 543 594 595 
 3 245 543 653 
 3 160 162 165 
 4 160 177 179 180 
 4 162 177 182 183 
 3 160 198 201 
 3 162 198 204 
 4 177 198 222 223 
 3 160 246 249 
 3 162 246 252 
 4 177 246 270 271 
 3 198 246 297 
 4 160 544 547 548 
 4 162 544 550 551 
 3 177 544 569 
 4 198 544 595 596 
 4 246 544 654 655 
 4 160 164 165 166 
 4 160 178 179 180 
 4 164 178 184 185 
 4 160 199 201 202 
 4 164 199 205 206 
 3 178 199 224 
 4 160 247 249 250 
 4 164 247 253 254 
 3 178 247 272 
 3 199 247 299 
 4 160 546 547 548 
 4 164 546 552 553 
 4 178 546 570 571 
 4 199 546 597 598 
 3 247 546 656 
 3 165 179 186 
 4 165 201 207 208 
 3 179 201 226 
 4 165 249 255 256 
 3 179 249 274 
 4 201 249 300 301 
 4 165 547 553 554 
 4 179 547 572 573 
 3 201 547 599 
 4 249 547 657 658 
 4 163 164 165 166 
 4 163 181 182 183 
 4 164 181 184 185 
 4 163 202 204 205 
 4 164 202 205 206 
 3 181 202 228 
 4 163 250 252 253 
 4 164 250 253 254 
 3 181 250 276 
 4 202 250 302 303 
 4 163 549 550 551 
 4 164 549 552 553 
 4 181 549 574 575 
 3 202 549 601 
 4 250 549 659 660 
 4 165 182 186 187 
 4 165 204 207 208 
 4 182 204 229 230 
 4 165 252 255 256 
 4 182 252 277 278 
 3 204 252 304 
 4 165 550 553 555 
 3 182 550 576 
 4 204 550 602 603 
 4 252 550 661 662 
 4 166 184 186 187 
 4 166 205 207 208 
 4 184 205 231 232 
 4 166 253 255 256 
 4 184 253 279 280 
 3 205 253 306 
 4 166 552 553 555 
 3 184 552 578 
 4 205 552 604 605 
 4 253 552 663 664 
 4 186 207 233 234 
 4 186 255 281 282 
 3 207 255 308 
 3 186 553 580 
 4 207 553 606 607 
 4 255 553 665 666 
 4 167 168 169 170 
 3 167 171 172 
 3 168 171 173 
 3 167 176 177 
 4 168 176 178 179 
 4 171 176 181 182 
 4 167 209 210 211 
 4 168 209 211 212 
 4 171 209 214 215 
 4 176 209 221 222 
 4 167 257 258 259 
 4 168 257 259 260 
 4 171 257 262 263 
 4 176 257 269 270 
 4 209 257 310 311 
 4 167 555 556 557 
 4 168 555 558 559 
 4 171 555 561 562 
 4 176 555 567 568 
 3 209 555 609 
 4 257 555 667 668 
 4 169 172 174 175 
 3 169 177 180 
 3 172 177 183 
 3 169 210 213 
 3 172 210 216 
 4 177 210 222 223 
 3 169 258 261 
 3 172 258 264 
 4 177 258 270 271 
 3 210 258 312 
 4 169 556 559 560 
 4 172 556 562 563 
 4 177 556 569 570 
 4 210 556 610 611 
 3 258 556 669 
 4 170 173 174 175 
 3 170 178 180 
 4 173 178 184 185 
 4 170 211 213 214 
 4 173 211 217 218 
 4 178 211 224 225 
 4 170 259 261 262 
 4 173 259 265 266 
 4 178 259 272 273 
 4 211 259 313 314 
 4 170 558 559 560 
 4 173 558 564 565 
 4 178 558 570 571 
 3 211 558 612 
 4 259 558 670 671 
 3 174 180 186 
 4 174 213 219 220 
 3 180 213 226 
 4 174 261 267 268 
 3 180 261 274 
 3 213 261 315 
 4 174 559 565 566 
 4 180 559 572 573 
 4 213 559 613 614 
 4 261 559 672 673 
 3 172 173 175 
 3 172 181 183 
 4 173 181 184 185 
 4 172 214 216 217 
 4 173 214 217 218 
 3 181 214 228 
 4 172 262 264 265 
 4 173 262 265 266 
 3 181 262 276 
 3 214 262 317 
 4 172 561 562 563 
 4 173 561 564 565 
 4 181 561 574 575 
 4 214 561 615 616 
 4 262 561 674 675 
 4 175 183 186 187 
 4 175 216 219 220 
 4 183 216 229 230 
 4 175 264 267 268 
 4 183 264 277 278 
 3 216 264 319 
 4 175 562 565 567 
 4 183 562 576 577 
 4 216 562 617 618 
 3 264 562 676 
 4 175 184 186 187 
 4 175 217 219 220 
 4 184 217 231 232 
 4 175 265 267 268 
 4 184 265 279 280 
 3 217 265 321 
 4 175 564 565 567 
 4 184 564 578 579 
 4 217 564 619 620 
 3 265 564 678 
 4 186 219 233 234 
 4 186 267 281 282 
 3 219 267 323 
 4 186 565 580 581 
 4 219 565 621 622 
 3 267 565 680 
 3 177 179 180 
 3 177 182 183 
 3 179 182 185 
 4 177 221 222 223 
 4 179 221 224 225 
 4 182 221 228 229 
 4 177 269 270 271 
 4 179 269 272 273 
 4 182 269 276 277 
 3 221 269 325 
 4 177 567 569 570 
 4 179 567 570 572 
 4 182 567 574 575 
 4 221 567 623 624 
 4 269 567 682 683 
 4 180 183 186 187 
 4 180 222 226 227 
 4 183 222 229 230 
 4 180 270 274 275 
 4 183 270 277 278 
 3 222 270 327 
 4 180 569 572 573 
 4 183 569 576 577 
 4 222 569 625 626 
 3 270 569 684 
 4 180 185 186 187 
 4 180 224 226 227 
 4 185 224 231 232 
 4 180 272 274 275 
 4 185 272 279 280 
 3 224 272 329 
 4 180 570 572 574 
 4 185 570 578 579 
 4 224 570 627 628 
 3 272 570 686 
 4 186 226 233 234 
 4 186 274 281 282 
 3 226 274 331 
 4 186 572 580 581 
 4 226 572 629 630 
 3 274 572 688 
 3 183 185 187 
 4 183 228 229 231 
 4 185 228 231 233 
 4 183 276 277 279 
 4 185 276 279 281 
 3 228 276 333 
 4 183 574 576 577 
 4 185 574 578 579 
 4 228 574 631 632 
 4 276 574 690 691 
 4 187 229 233 235 
 4 187 277 281 283 
 3 229 277 335 
 4 187 576 580 581 
 4 229 576 633 634 
 4 277 576 692 693 
 4 187 231 233 235 
 4 187 279 281 283 
 4 231 279 337 338 
 4 187 578 580 582 
 3 231 578 636 
 4 279 578 694 695 
 3 233 281 340 
 4 233 580 638 639 
 3 281 580 697 
 3 189 190 191 
 3 189 192 193 
 4 190 192 194 195 
 4 189 197 198 199 
 3 190 197 200 
 3 192 197 203 
 4 189 209 210 211 
 3 190 209 212 
 3 192 209 215 
 4 197 209 221 222 
 3 189 284 285 
 4 190 284 286 287 
 4 192 284 289 290 
 3 197 284 296 
 4 209 284 310 311 
 4 189 582 583 584 
 4 190 582 584 585 
 4 192 582 587 588 
 4 197 582 594 595 
 4 209 582 609 610 
 4 284 582 699 700 
 3 191 193 196 
 3 191 198 201 
 3 193 198 204 
 3 191 210 213 
 3 193 210 216 
 3 198 210 223 
 4 191 285 287 288 
 4 193 285 290 291 
 4 198 285 297 298 
 3 210 285 312 
 4 191 583 586 587 
 4 193 583 589 590 
 4 198 583 595 596 
 4 210 583 610 611 
 3 285 583 701 
 3 191 194 196 
 4 191 200 201 202 
 3 194 200 206 
 4 191 212 213 214 
 3 194 212 218 
 4 200 212 224 225 
 4 191 286 287 288 
 4 194 286 292 293 
 3 200 286 299 
 4 212 286 313 314 
 4 191 584 586 587 
 4 194 584 590 591 
 4 200 584 597 598 
 4 212 584 612 613 
 4 286 584 702 703 
 4 196 201 207 208 
 4 196 213 219 220 
 3 201 213 226 
 3 196 287 294 
 4 201 287 300 301 
 4 213 287 315 316 
 4 196 586 592 593 
 4 201 586 599 600 
 4 213 586 613 614 
 4 287 586 704 705 
 3 193 195 196 
 4 193 203 204 205 
 3 195 203 206 
 4 193 215 216 217 
 3 195 215 218 
 3 203 215 228 
 4 193 289 290 291 
 4 195 289 292 293 
 4 203 289 302 303 
 4 215 289 317 318 
 4 193 587 589 590 
 4 195 587 590 592 
 4 203 587 601 602 
 4 215 587 615 616 
 4 289 587 706 707 
 4 196 204 207 208 
 4 196 216 219 220 
 3 204 216 230 
 4 196 290 294 295 
 4 204 290 304 305 
 3 216 290 319 
 4 196 589 592 593 
 4 204 589 602 603 
 4 216 589 617 618 
 3 290 589 708 
 4 196 206 207 208 
 4 196 218 219 220 
 3 206 218 232 
 4 196 292 294 295 
 4 206 292 306 307 
 3 218 292 321 
 4 196 590 592 594 
 4 206 590 604 605 
 4 218 590 619 620 
 3 292 590 710 
 3 207 219 234 
 4 207 294 308 309 
 3 219 294 323 
 4 207 592 606 607 
 4 219 592 621 622 
 3 294 592 712 
 4 199 200 201 202 
 4 199 203 204 205 
 3 200 203 206 
 3 199 221 223 
 4 200 221 224 225 
 4 203 221 228 229 
 4 199 296 297 298 
 4 200 296 299 300 
 4 203 296 302 303 
 4 221 296 325 326 
 4 199 594 595 597 
 4 200 594 597 598 
 4 203 594 601 602 
 4 221 594 623 624 
 4 296 594 714 715 
 3 201 204 208 
 4 201 223 226 227 
 3 204 223 230 
 4 201 297 300 301 
 4 204 297 304 305 
 3 223 297 327 
 4 201 595 599 600 
 4 204 595 602 604 
 4 223 595 625 626 
 3 297 595 716 
 3 202 206 208 
 4 202 224 226 227 
 3 206 224 232 
 4 202 299 300 302 
 4 206 299 306 307 
 3 224 299 329 
 4 202 597 599 600 
 4 206 597 604 606 
 4 224 597 627 628 
 3 299 597 718 
 3 208 226 234 
 4 208 300 308 309 
 3 226 300 331 
 4 208 599 606 608 
 4 226 599 629 630 
 3 300 599 720 
 3 205 206 208 
 4 205 228 230 231 
 4 206 228 232 233 
 4 205 302 304 305 
 4 206 302 306 307 
 4 228 302 333 334 
 4 205 601 602 604 
 4 206 601 604 606 
 4 228 601 631 632 
 4 302 601 722 723 
 4 208 230 234 235 
 4 208 304 308 309 
 4 230 304 335 336 
 4 208 602 606 608 
 4 230 602 633 634 
 4 304 602 724 725 
 4 208 232 234 235 
 4 208 306 308 310 
 4 232 306 337 338 
 4 208 604 606 608 
 4 232 604 636 637 
 4 306 604 726 727 
 3 234 308 340 
 4 234 606 638 639 
 3 308 606 729 
 4 211 212 213 214 
 4 211 215 216 217 
 3 212 215 218 
 3 211 222 223 
 3 212 222 225 
 4 215 222 228 229 
 4 211 310 312 313 
 4 212 310 313 314 
 4 215 310 317 318 
 4 222 310 325 326 
 4 211 609 610 611 
 4 212 609 612 613 
 4 215 609 615 617 
 4 222 609 623 625 
 4 310 609 731 732 
 3 213 216 220 
 4 213 223 226 227 
 3 216 223 230 
 4 213 312 315 316 
 4 216 312 319 320 
 4 223 312 327 328 
 4 213 610 613 615 
 4 216 610 617 618 
 4 223 610 625 626 
 4 312 610 733 734 
 3 214 218 220 
 4 214 225 226 227 
 3 218 225 232 
 4 214 313 315 316 
 4 218 313 321 322 
 4 225 313 329 330 
 4 214 612 613 615 
 4 218 612 619 620 
 4 225 612 627 628 
 4 313 612 735 736 
 3 220 226 234 
 4 220 315 323 324 
 4 226 315 331 332 
 4 220 613 621 622 
 4 226 613 629 630 
 4 315 613 737 738 
 3 217 218 220 
 4 217 228 230 231 
 4 218 228 232 233 
 4 217 317 319 320 
 4 218 317 321 322 
 4 228 317 333 334 
 4 217 615 617 619 
 4 218 615 619 621 
 4 228 615 631 633 
 4 317 615 739 740 
 4 220 230 234 235 
 4 220 319 323 324 
 4 230 319 335 336 
 4 220 617 621 623 
 4 230 617 633 635 
 4 319 617 741 742 
 4 220 232 234 235 
 4 220 321 323 324 
 4 232 321 337 338 
 4 220 619 621 623 
 4 232 619 636 637 
 3 321 619 744 
 4 234 323 340 341 
 4 234 621 638 639 
 4 323 621 746 747 
 3 223 225 227 
 4 223 229 230 231 
 4 225 229 232 233 
 4 223 325 327 328 
 4 225 325 329 330 
 4 229 325 333 334 
 4 223 623 625 627 
 4 225 623 627 629 
 4 229 623 631 633 
 3 325 623 749 
 4 227 230 234 235 
 4 227 327 331 332 
 4 230 327 335 336 
 4 227 625 629 631 
 4 230 625 633 635 
 3 327 625 751 
 4 227 232 234 235 
 4 227 329 331 332 
 4 232 329 337 339 
 4 227 627 629 631 
 4 232 627 636 637 
 4 329 627 753 754 
 4 234 331 340 341 
 4 234 629 638 640 
 4 331 629 755 756 
 3 231 233 235 
 4 231 333 335 337 
 4 233 333 337 339 
 4 231 631 633 635 
 4 233 631 636 638 
 4 333 631 758 759 
 4 235 335 340 341 
 4 235 633 638 640 
 4 335 633 760 761 
 4 235 337 340 342 
 4 235 636 638 640 
 4 337 636 763 764 
 3 340 638 766 
 3 237 238 239 
 3 237 240 241 
 4 238 240 242 243 
 4 237 245 246 247 
 3 238 245 248 
 3 240 245 251 
 4 237 257 258 259 
 3 238 257 260 
 3 240 257 263 
 4 245 257 269 270 
 3 237 284 285 
 4 238 284 286 287 
 4 240 284 289 290 
 3 245 284 296 
 3 257 284 311 
 4 237 641 642 643 
 4 238 641 643 644 
 4 240 641 646 647 
 4 245 641 653 654 
 4 257 641 667 668 
 4 284 641 699 700 
 3 239 241 244 
 3 239 246 249 
 3 241 246 252 
 3 239 258 261 
 3 241 258 264 
 3 246 258 271 
 3 239 285 288 
 3 241 285 291 
 4 246 285 297 298 
 3 258 285 312 
 4 239 642 644 645 
 4 241 642 647 648 
 4 246 642 654 655 
 4 258 642 669 670 
 4 285 642 701 702 
 3 239 242 244 
 4 239 248 249 250 
 3 242 248 254 
 4 239 260 261 262 
 3 242 260 266 
 4 248 260 272 273 
 3 239 286 288 
 4 242 286 292 293 
 3 248 286 299 
 3 260 286 314 
 4 239 643 644 646 
 4 242 643 649 650 
 4 248 643 656 657 
 4 260 643 670 671 
 4 286 643 702 703 
 4 244 249 255 256 
 4 244 261 267 268 
 3 249 261 274 
 3 244 288 294 
 3 249 288 301 
 4 261 288 315 316 
 4 244 644 651 652 
 4 249 644 657 658 
 4 261 644 672 673 
 4 288 644 704 705 
 3 241 243 244 
 4 241 251 252 253 
 3 243 251 254 
 4 241 263 264 265 
 3 243 263 266 
 3 251 263 276 
 3 241 289 291 
 4 243 289 292 293 
 3 251 289 303 
 4 263 289 317 318 
 4 241 646 647 649 
 4 243 646 649 650 
 4 251 646 659 660 
 4 263 646 674 675 
 4 289 646 706 707 
 4 244 252 255 256 
 4 244 264 267 268 
 3 252 264 278 
 4 244 291 294 295 
 4 252 291 304 305 
 3 264 291 319 
 4 244 647 651 652 
 4 252 647 661 662 
 4 264 647 676 677 
 4 291 647 708 709 
 4 244 254 255 256 
 4 244 266 267 268 
 3 254 266 280 
 4 244 292 294 295 
 4 254 292 306 307 
 3 266 292 321 
 4 244 649 651 652 
 4 254 649 663 664 
 4 266 649 678 679 
 4 292 649 710 711 
 3 255 267 282 
 4 255 294 308 309 
 3 267 294 323 
 4 255 651 665 666 
 4 267 651 680 681 
 4 294 651 712 713 
 4 247 248 249 250 
 4 247 251 252 253 
 3 248 251 254 
 3 247 269 271 
 4 248 269 272 273 
 4 251 269 276 277 
 4 247 296 297 298 
 4 248 296 299 300 
 3 251 296 303 
 4 269 296 325 326 
 4 247 653 654 655 
 4 248 653 656 657 
 4 251 653 659 661 
 4 269 653 682 683 
 4 296 653 714 715 
 3 249 252 256 
 4 249 271 274 275 
 3 252 271 278 
 3 249 297 301 
 4 252 297 304 305 
 3 271 297 327 
 4 249 654 657 659 
 4 252 654 661 662 
 4 271 654 684 685 
 4 297 654 716 717 
 3 250 254 256 
 4 250 272 274 275 
 3 254 272 280 
 4 250 299 301 302 
 4 254 299 306 307 
 3 272 299 329 
 4 250 656 657 659 
 4 254 656 663 664 
 4 272 656 686 687 
 4 299 656 718 719 
 3 256 274 282 
 4 256 301 308 309 
 3 274 301 331 
 4 256 657 665 666 
 4 274 657 688 689 
 4 301 657 720 721 
 3 253 254 256 
 4 253 276 278 279 
 4 254 276 280 281 
 4 253 303 304 305 
 4 254 303 306 307 
 4 276 303 333 334 
 4 253 659 661 663 
 4 254 659 663 665 
 4 276 659 690 691 
 4 303 659 722 723 
 4 256 278 282 283 
 4 256 304 308 309 
 4 278 304 335 336 
 4 256 661 665 667 
 4 278 661 692 693 
 4 304 661 724 725 
 4 256 280 282 283 
 4 256 306 308 310 
 3 280 306 338 
 4 256 663 665 667 
 4 280 663 694 695 
 4 306 663 726 727 
 3 282 308 340 
 4 282 665 697 698 
 4 308 665 729 730 
 4 259 260 261 262 
 4 259 263 264 265 
 3 260 263 266 
 3 259 270 271 
 3 260 270 273 
 4 263 270 276 277 
 4 259 311 312 313 
 3 260 311 314 
 4 263 311 317 318 
 4 270 311 325 326 
 4 259 667 669 670 
 4 260 667 670 672 
 4 263 667 674 675 
 4 270 667 682 683 
 4 311 667 731 732 
 3 261 264 268 
 4 261 271 274 275 
 3 264 271 278 
 4 261 312 315 316 
 4 264 312 319 320 
 4 271 312 327 328 
 4 261 669 672 673 
 4 264 669 676 677 
 4 271 669 684 685 
 4 312 669 733 734 
 3 262 266 268 
 4 262 273 274 275 
 3 266 273 280 
 4 262 314 315 316 
 4 266 314 321 322 
 4 273 314 329 330 
 4 262 670 672 674 
 4 266 670 678 679 
 4 273 670 686 687 
 4 314 670 735 736 
 3 268 274 282 
 4 268 315 323 324 
 4 274 315 331 332 
 4 268 672 680 681 
 4 274 672 688 689 
 4 315 672 737 738 
 3 265 266 268 
 4 265 276 278 279 
 4 266 276 280 281 
 4 265 317 319 320 
 4 266 317 321 322 
 4 276 317 333 334 
 4 265 674 676 677 
 4 266 674 678 679 
 4 276 674 690 691 
 4 317 674 739 740 
 4 268 278 282 283 
 4 268 319 323 324 
 4 278 319 335 336 
 4 268 676 680 681 
 4 278 676 692 693 
 4 319 676 741 742 
 4 268 280 282 283 
 4 268 321 323 324 
 3 280 321 338 
 4 268 678 680 682 
 4 280 678 694 696 
 4 321 678 744 745 
 4 282 323 340 341 
 4 282 680 697 698 
 4 323 680 746 747 
 3 271 273 275 
 4 271 277 278 279 
 4 273 277 280 281 
 4 271 325 327 328 
 4 273 325 329 330 
 4 277 325 333 334 
 4 271 682 684 685 
 4 273 682 686 687 
 4 277 682 690 692 
 4 325 682 749 750 
 4 275 278 282 283 
 4 275 327 331 332 
 4 278 327 335 336 
 4 275 684 688 689 
 4 278 684 692 694 
 4 327 684 751 752 
 4 275 280 282 283 
 4 275 329 331 332 
 4 280 329 338 339 
 4 275 686 688 690 
 4 280 686 694 696 
 4 329 686 753 754 
 4 282 331 340 341 
 4 282 688 697 698 
 4 331 688 755 756 
 3 279 281 283 
 4 279 333 335 337 
 4 281 333 338 339 
 4 279 690 692 694 
 4 281 690 694 696 
 4 333 690 758 759 
 4 283 335 340 341 
 4 283 692 697 699 
 4 335 692 760 761 
 4 283 338 340 342 
 4 283 694 697 699 
 4 338 694 763 764 
 4 340 697 766 767 
 3 285 287 288 
 3 285 290 291 
 3 287 290 293 
 3 285 296 298 
 4 287 296 299 300 
 3 290 296 303 
 4 285 311 312 313 
 3 287 311 314 
 3 290 311 318 
 3 296 311 326 
 4 285 699 701 702 
 4 287 699 702 704 
 4 290 699 706 707 
 4 296 699 714 715 
 4 311 699 731 733 
 4 288 291 294 295 
 3 288 298 301 
 3 291 298 305 
 3 288 312 316 
 4 291 312 319 320 
 4 298 312 327 328 
 4 288 701 704 705 
 4 291 701 708 709 
 4 298 701 716 717 
 4 312 701 733 734 
 4 288 293 294 295 
 4 288 299 301 302 
 3 293 299 307 
 3 288 314 316 
 4 293 314 321 322 
 4 299 314 329 330 
 4 288 702 704 706 
 4 293 702 710 711 
 4 299 702 718 719 
 4 314 702 735 736 
 3 294 301 309 
 4 294 316 323 324 
 4 301 316 331 332 
 4 294 704 712 713 
 4 301 704 720 721 
 4 316 704 737 738 
 3 291 293 295 
 3 291 303 305 
 3 293 303 307 
 4 291 318 319 320 
 4 293 318 321 322 
 3 303 318 334 
 4 291 706 708 709 
 4 293 706 710 711 
 4 303 706 722 723 
 4 318 706 739 741 
 3 295 305 309 
 4 295 319 323 324 
 3 305 319 336 
 4 295 708 712 713 
 4 305 708 724 725 
 4 319 708 741 743 
 4 295 307 309 310 
 4 295 321 323 324 
 3 307 321 338 
 4 295 710 712 714 
 4 307 710 726 728 
 4 321 710 744 745 
 4 309 323 340 341 
 4 309 712 729 730 
 4 323 712 746 747 
 4 298 300 301 302 
 3 298 303 305 
 3 300 303 307 
 4 298 326 327 328 
 4 300 326 329 330 
 3 303 326 334 
 4 298 714 716 717 
 4 300 714 718 719 
 4 303 714 722 724 
 4 326 714 749 750 
 3 301 305 309 
 4 301 327 331 332 
 3 305 327 336 
 4 301 716 720 721 
 4 305 716 724 726 
 4 327 716 751 752 
 4 302 307 309 310 
 4 302 329 331 332 
 4 307 329 338 339 
 4 302 718 720 722 
 4 307 718 726 728 
 4 329 718 753 754 
 4 309 331 340 341 
 4 309 720 729 730 
 4 331 720 755 757 
 4 305 307 309 310 
 4 305 334 336 337 
 4 307 334 338 339 
 4 305 722 724 726 
 4 307 722 726 728 
 4 334 722 758 759 
 4 309 336 340 341 
 4 309 724 729 731 
 4 336 724 760 762 
 4 310 338 340 342 
 4 310 726 729 731 
 4 338 726 763 764 
 4 340 729 766 767 
 3 313 314 316 
 3 313 318 320 
 3 314 318 322 
 3 313 326 328 
 3 314 326 330 
 3 318 326 334 
 4 313 731 733 735 
 4 314 731 735 737 
 4 318 731 739 741 
 4 326 731 749 750 
 3 316 320 324 
 3 316 328 332 
 3 320 328 336 
 4 316 733 737 739 
 4 320 733 741 743 
 4 328 733 751 752 
 3 316 322 324 
 3 316 330 332 
 4 322 330 338 339 
 4 316 735 737 739 
 4 322 735 744 745 
 4 330 735 753 755 
 3 324 332 341 
 4 324 737 746 748 
 4 332 737 755 757 
 3 320 322 324 
 4 320 334 336 337 
 4 322 334 338 339 
 4 320 739 741 743 
 4 322 739 744 746 
 4 334 739 758 760 
 3 324 336 341 
 4 324 741 746 748 
 4 336 741 760 762 
 4 324 338 341 342 
 4 324 744 746 748 
 4 338 744 763 765 
 4 341 746 766 767 
 3 328 330 332 
 4 328 334 336 337 
 3 330 334 339 
 4 328 749 751 753 
 4 330 749 753 755 
 4 334 749 758 760 
 3 332 336 341 
 4 332 751 755 757 
 4 336 751 760 762 
 4 332 339 341 342 
 4 332 753 755 758 
 4 339 753 763 765 
 4 341 755 766 768 
 4 337 339 341 342 
 4 337 758 760 763 
 4 339 758 763 765 
 4 341 760 766 768 
 4 342 763 766 768 
 2 343 344 
 3 343 345 346 
 3 343 345 347 
 3 343 349 350 
 3 343 349 351 
 3 345 349 353 
 3 343 358 359 
 3 343 358 360 
 4 345 358 362 363 
 3 349 358 368 
 3 343 380 381 
 4 343 380 381 382 
 3 345 380 384 
 3 349 380 389 
 3 358 380 401 
 3 343 428 429 
 4 343 428 429 430 
 3 345 428 432 
 3 349 428 437 
 3 358 428 449 
 3 380 428 476 
 3 343 534 535 
 3 343 534 536 
 4 345 534 538 539 
 3 349 534 544 
 3 358 534 556 
 4 380 534 582 583 
 3 428 534 641 
 3 344 346 348 
 3 344 350 352 
 3 346 350 354 
 3 344 359 361 
 4 346 359 363 364 
 3 350 359 369 
 4 344 380 382 383 
 3 346 380 385 
 3 350 380 390 
 3 359 380 402 
 4 344 428 430 431 
 3 346 428 433 
 3 350 428 438 
 3 359 428 450 
 3 380 428 477 
 3 344 535 537 
 4 346 535 539 540 
 3 350 535 545 
 3 359 535 557 
 4 380 535 583 584 
 3 428 535 642 
 3 344 347 348 
 3 344 351 352 
 4 347 351 355 356 
 4 344 360 361 362 
 3 347 360 365 
 3 351 360 370 
 4 344 381 382 383 
 3 347 381 386 
 4 351 381 391 392 
 4 360 381 403 404 
 4 344 429 430 431 
 3 347 429 434 
 4 351 429 439 440 
 4 360 429 451 452 
 3 381 429 478 
 4 344 536 537 538 
 3 347 536 541 
 3 351 536 546 
 3 360 536 558 
 3 381 536 585 
 4 429 536 643 644 
 3 348 352 357 
 3 348 361 366 
 4 352 361 371 372 
 4 348 382 387 388 
 3 352 382 393 
 3 361 382 405 
 4 348 430 435 436 
 3 352 430 441 
 3 361 430 453 
 4 382 430 479 480 
 3 348 537 542 
 4 352 537 547 548 
 4 361 537 559 560 
 3 382 537 586 
 3 430 537 645 
 3 346 347 348 
 4 346 353 354 355 
 4 347 353 355 356 
 4 346 362 363 364 
 3 347 362 365 
 3 353 362 373 
 3 346 384 385 
 4 347 384 386 387 
 4 353 384 394 395 
 4 362 384 406 407 
 3 346 432 433 
 4 347 432 434 435 
 4 353 432 442 443 
 4 362 432 454 455 
 3 384 432 481 
 4 346 538 539 540 
 3 347 538 541 
 3 353 538 549 
 3 362 538 561 
 3 384 538 588 
 4 432 538 646 647 
 3 348 354 357 
 4 348 363 366 367 
 4 354 363 374 375 
 4 348 385 387 388 
 3 354 385 396 
 3 363 385 408 
 4 348 433 435 436 
 3 354 433 444 
 3 363 433 456 
 4 385 433 482 483 
 4 348 539 542 543 
 4 354 539 550 551 
 4 363 539 562 563 
 3 385 539 589 
 3 433 539 648 
 4 348 355 357 358 
 4 348 365 366 367 
 3 355 365 376 
 4 348 386 387 388 
 4 355 386 397 398 
 4 365 386 409 410 
 4 348 434 435 436 
 4 355 434 445 446 
 4 365 434 457 458 
 3 386 434 484 
 4 348 541 542 543 
 3 355 541 552 
 3 365 541 564 
 3 386 541 591 
 4 434 541 649 650 
 3 357 366 378 
 3 357 387 399 
 3 366 387 411 
 3 357 435 447 
 3 366 435 459 
 3 387 435 486 
 3 357 542 554 
 3 366 542 566 
 4 387 542 592 593 
 3 435 542 651 
 3 350 351 352 
 4 350 353 354 355 
 3 351 353 356 
 3 350 368 369 
 4 351 368 370 371 
 4 353 368 373 374 
 4 350 389 390 391 
 4 351 389 391 392 
 4 353 389 394 395 
 3 368 389 413 
 4 350 437 438 439 
 4 351 437 439 440 
 4 353 437 442 443 
 3 368 437 461 
 3 389 437 488 
 3 350 544 545 
 4 351 544 546 547 
 4 353 544 549 550 
 3 368 544 568 
 4 389 544 594 595 
 3 437 544 653 
 3 352 354 357 
 4 352 369 371 372 
 4 354 369 374 375 
 3 352 390 393 
 3 354 390 396 
 4 369 390 414 415 
 3 352 438 441 
 3 354 438 444 
 4 369 438 462 463 
 3 390 438 489 
 4 352 545 547 548 
 4 354 545 550 551 
 3 369 545 569 
 3 390 545 596 
 4 438 545 654 655 
 4 352 356 357 358 
 4 352 370 371 372 
 4 356 370 376 377 
 4 352 391 393 394 
 4 356 391 397 398 
 3 370 391 416 
 4 352 439 441 442 
 4 356 439 445 446 
 3 370 439 464 
 3 391 439 491 
 4 352 546 547 548 
 4 356 546 552 553 
 3 370 546 571 
 4 391 546 597 598 
 3 439 546 656 
 3 357 371 378 
 4 357 393 399 400 
 3 371 393 418 
 4 357 441 447 448 
 3 371 441 466 
 4 393 441 492 493 
 3 357 547 554 
 4 371 547 572 573 
 3 393 547 599 
 3 441 547 658 
 4 355 356 357 358 
 4 355 373 374 375 
 4 356 373 376 377 
 4 355 394 396 397 
 4 356 394 397 398 
 3 373 394 420 
 4 355 442 444 445 
 4 356 442 445 446 
 3 373 442 468 
 4 394 442 494 495 
 4 355 549 550 551 
 4 356 549 552 553 
 4 373 549 574 575 
 3 394 549 601 
 3 442 549 660 
 4 357 374 378 379 
 4 357 396 399 400 
 4 374 396 421 422 
 4 357 444 447 448 
 4 374 444 469 470 
 3 396 444 496 
 4 357 550 554 555 
 3 374 550 576 
 3 396 550 603 
 4 444 550 661 662 
 4 358 376 378 379 
 4 358 397 399 400 
 4 376 397 423 424 
 4 358 445 447 448 
 4 376 445 471 472 
 3 397 445 498 
 4 358 552 554 555 
 3 376 552 578 
 3 397 552 605 
 4 445 552 663 664 
 4 378 399 425 426 
 4 378 447 473 474 
 3 399 447 500 
 3 378 554 580 
 3 399 554 607 
 4 447 554 665 666 
 4 359 360 361 362 
 3 359 363 364 
 3 360 363 365 
 3 359 368 369 
 4 360 368 370 371 
 4 363 368 373 374 
 4 359 401 402 403 
 4 360 401 403 404 
 4 363 401 406 407 
 4 368 401 413 414 
 4 359 449 450 451 
 4 360 449 451 452 
 4 363 449 454 455 
 4 368 449 461 462 
 4 401 449 502 503 
 3 359 556 557 
 4 360 556 558 559 
 4 363 556 561 562 
 3 368 556 568 
 3 401 556 609 
 3 449 556 668 
 4 361 364 366 367 
 3 361 369 372 
 3 364 369 375 
 3 361 402 405 
 3 364 402 408 
 4 369 402 414 415 
 3 361 450 453 
 3 364 450 456 
 4 369 450 462 463 
 3 402 450 504 
 4 361 557 559 560 
 4 364 557 562 563 
 4 369 557 569 570 
 4 402 557 610 611 
 3 450 557 669 
 4 362 365 366 367 
 3 362 370 372 
 4 365 370 376 377 
 4 362 403 405 406 
 4 365 403 409 410 
 4 370 403 416 417 
 4 362 451 453 454 
 4 365 451 457 458 
 4 370 451 464 465 
 4 403 451 505 506 
 4 362 558 559 560 
 4 365 558 564 565 
 3 370 558 571 
 3 403 558 612 
 3 451 558 671 
 3 366 372 378 
 4 366 405 411 412 
 3 372 405 418 
 4 366 453 459 460 
 3 372 453 466 
 3 405 453 507 
 3 366 559 566 
 4 372 559 572 573 
 3 405 559 614 
 4 453 559 672 673 
 3 364 365 367 
 3 364 373 375 
 4 365 373 376 377 
 4 364 406 408 409 
 4 365 406 409 410 
 3 373 406 420 
 4 364 454 456 457 
 4 365 454 457 458 
 3 373 454 468 
 3 406 454 509 
 4 364 561 562 563 
 4 365 561 564 565 
 4 373 561 574 575 
 3 406 561 616 
 4 454 561 674 675 
 4 367 375 378 379 
 4 367 408 411 412 
 4 375 408 421 422 
 4 367 456 459 460 
 4 375 456 469 470 
 3 408 456 511 
 4 367 562 566 567 
 4 375 562 576 577 
 4 408 562 617 618 
 3 456 562 676 
 4 367 376 378 379 
 4 367 409 411 412 
 4 376 409 423 424 
 4 367 457 459 460 
 4 376 457 471 472 
 3 409 457 513 
 4 367 564 566 567 
 4 376 564 578 579 
 4 409 564 619 620 
 3 457 564 678 
 4 378 411 425 426 
 4 378 459 473 474 
 3 411 459 515 
 4 378 566 580 581 
 4 411 566 621 622 
 3 459 566 680 
 3 369 371 372 
 3 369 374 375 
 3 371 374 377 
 4 369 413 414 415 
 4 371 413 416 417 
 4 374 413 420 421 
 4 369 461 462 463 
 4 371 461 464 465 
 4 374 461 468 469 
 3 413 461 517 
 4 369 568 569 570 
 4 371 568 571 572 
 4 374 568 574 575 
 3 413 568 624 
 4 461 568 682 683 
 4 372 375 378 379 
 4 372 414 418 419 
 4 375 414 421 422 
 4 372 462 466 467 
 4 375 462 469 470 
 3 414 462 519 
 4 372 569 572 573 
 4 375 569 576 577 
 4 414 569 625 626 
 3 462 569 684 
 4 372 377 378 379 
 4 372 416 418 419 
 4 377 416 423 424 
 4 372 464 466 467 
 4 377 464 471 472 
 3 416 464 521 
 4 372 571 572 574 
 4 377 571 578 579 
 4 416 571 627 628 
 3 464 571 686 
 4 378 418 425 426 
 4 378 466 473 474 
 3 418 466 523 
 4 378 572 580 581 
 4 418 572 629 630 
 3 466 572 688 
 3 375 377 379 
 4 375 420 421 423 
 4 377 420 423 425 
 4 375 468 469 471 
 4 377 468 471 473 
 3 420 468 525 
 4 375 574 576 577 
 4 377 574 578 579 
 3 420 574 632 
 4 468 574 690 691 
 4 379 421 425 427 
 4 379 469 473 475 
 3 421 469 527 
 4 379 576 580 581 
 3 421 576 634 
 4 469 576 692 693 
 4 379 423 425 427 
 4 379 471 473 475 
 4 423 471 529 530 
 4 379 578 580 582 
 3 423 578 636 
 3 471 578 695 
 3 425 473 532 
 4 425 580 638 639 
 3 473 580 697 
 3 381 382 383 
 3 381 384 385 
 4 382 384 386 387 
 4 381 389 390 391 
 3 382 389 392 
 3 384 389 395 
 4 381 401 402 403 
 3 382 401 404 
 3 384 401 407 
 4 389 401 413 414 
 3 381 476 477 
 4 382 476 478 479 
 4 384 476 481 482 
 3 389 476 488 
 4 401 476 502 503 
 4 381 582 583 584 
 3 382 582 585 
 3 384 582 588 
 4 389 582 594 595 
 4 401 582 609 610 
 3 476 582 700 
 3 383 385 388 
 3 383 390 393 
 3 385 390 396 
 3 383 402 405 
 3 385 402 408 
 3 390 402 415 
 4 383 477 479 480 
 4 385 477 482 483 
 4 390 477 489 490 
 3 402 477 504 
 4 383 583 586 587 
 4 385 583 589 590 
 3 390 583 596 
 4 402 583 610 611 
 3 477 583 701 
 3 383 386 388 
 4 383 392 393 394 
 3 386 392 398 
 4 383 404 405 406 
 3 386 404 410 
 4 392 404 416 417 
 4 383 478 479 480 
 4 386 478 484 485 
 3 392 478 491 
 4 404 478 505 506 
 4 383 585 586 587 
 3 386 585 591 
 4 392 585 597 598 
 4 404 585 612 613 
 3 478 585 703 
 4 388 393 399 400 
 4 388 405 411 412 
 3 393 405 418 
 3 388 479 486 
 4 393 479 492 493 
 4 405 479 507 508 
 4 388 586 592 593 
 4 393 586 599 600 
 3 405 586 614 
 4 479 586 704 705 
 3 385 387 388 
 4 385 395 396 397 
 3 387 395 398 
 4 385 407 408 409 
 3 387 407 410 
 3 395 407 420 
 4 385 481 482 483 
 4 387 481 484 485 
 4 395 481 494 495 
 4 407 481 509 510 
 4 385 588 589 590 
 4 387 588 591 592 
 4 395 588 601 602 
 3 407 588 616 
 4 481 588 706 707 
 4 388 396 399 400 
 4 388 408 411 412 
 3 396 408 422 
 4 388 482 486 487 
 4 396 482 496 497 
 3 408 482 511 
 4 388 589 592 593 
 3 396 589 603 
 4 408 589 617 618 
 3 482 589 708 
 4 388 398 399 400 
 4 388 410 411 412 
 3 398 410 424 
 4 388 484 486 487 
 4 398 484 498 499 
 3 410 484 513 
 4 388 591 592 594 
 3 398 591 605 
 4 410 591 619 620 
 3 484 591 710 
 3 399 411 426 
 4 399 486 500 501 
 3 411 486 515 
 3 399 592 607 
 4 411 592 621 622 
 3 486 592 712 
 4 391 392 393 394 
 4 391 395 396 397 
 3 392 395 398 
 3 391 413 415 
 4 392 413 416 417 
 4 395 413 420 421 
 4 391 488 489 490 
 4 392 488 491 492 
 4 395 488 494 495 
 4 413 488 517 518 
 4 391 594 596 597 
 4 392 594 597 598 
 4 395 594 601 602 
 3 413 594 624 
 4 488 594 714 715 
 3 393 396 400 
 4 393 415 418 419 
 3 396 415 422 
 4 393 489 492 493 
 4 396 489 496 497 
 3 415 489 519 
 4 393 596 599 600 
 4 396 596 603 604 
 4 415 596 625 626 
 3 489 596 716 
 3 394 398 400 
 4 394 416 418 419 
 3 398 416 424 
 4 394 491 492 494 
 4 398 491 498 499 
 3 416 491 521 
 4 394 597 599 600 
 4 398 597 605 606 
 4 416 597 627 628 
 3 491 597 718 
 3 400 418 426 
 4 400 492 500 501 
 3 418 492 523 
 4 400 599 607 608 
 4 418 599 629 630 
 3 492 599 720 
 3 397 398 400 
 4 397 420 422 423 
 4 398 420 424 425 
 4 397 494 496 497 
 4 398 494 498 499 
 4 420 494 525 526 
 4 397 601 603 604 
 4 398 601 605 606 
 3 420 601 632 
 4 494 601 722 723 
 4 400 422 426 427 
 4 400 496 500 501 
 4 422 496 527 528 
 4 400 603 607 608 
 3 422 603 634 
 4 496 603 724 725 
 4 400 424 426 427 
 4 400 498 500 502 
 4 424 498 529 530 
 4 400 605 607 608 
 4 424 605 636 637 
 3 498 605 727 
 3 426 500 532 
 4 426 607 638 639 
 3 500 607 729 
 4 403 404 405 406 
 4 403 407 408 409 
 3 404 407 410 
 3 403 414 415 
 3 404 414 417 
 4 407 414 420 421 
 4 403 502 504 505 
 4 404 502 505 506 
 4 407 502 509 510 
 4 414 502 517 518 
 4 403 609 610 611 
 4 404 609 612 613 
 4 407 609 616 617 
 4 414 609 624 625 
 3 502 609 732 
 3 405 408 412 
 4 405 415 418 419 
 3 408 415 422 
 4 405 504 507 508 
 4 408 504 511 512 
 4 415 504 519 520 
 4 405 610 614 615 
 4 408 610 617 618 
 4 415 610 625 626 
 4 504 610 733 734 
 3 406 410 412 
 4 406 417 418 419 
 3 410 417 424 
 4 406 505 507 508 
 4 410 505 513 514 
 4 417 505 521 522 
 4 406 612 614 615 
 4 410 612 619 620 
 4 417 612 627 628 
 4 505 612 735 736 
 3 412 418 426 
 4 412 507 515 516 
 4 418 507 523 524 
 4 412 614 621 622 
 4 418 614 629 630 
 4 507 614 737 738 
 3 409 410 412 
 4 409 420 422 423 
 4 410 420 424 425 
 4 409 509 511 512 
 4 410 509 513 514 
 4 420 509 525 526 
 4 409 616 617 619 
 4 410 616 619 621 
 4 420 616 632 633 
 3 509 616 740 
 4 412 422 426 427 
 4 412 511 515 516 
 4 422 511 527 528 
 4 412 617 621 623 
 4 422 617 634 635 
 3 511 617 742 
 4 412 424 426 427 
 4 412 513 515 516 
 4 424 513 529 530 
 4 412 619 621 623 
 4 424 619 636 637 
 3 513 619 744 
 4 426 515 532 533 
 4 426 621 638 639 
 4 515 621 746 747 
 3 415 417 419 
 4 415 421 422 423 
 4 417 421 424 425 
 4 415 517 519 520 
 4 417 517 521 522 
 4 421 517 525 526 
 4 415 624 625 627 
 4 417 624 627 629 
 4 421 624 632 633 
 3 517 624 749 
 4 419 422 426 427 
 4 419 519 523 524 
 4 422 519 527 528 
 4 419 625 629 631 
 4 422 625 634 635 
 3 519 625 751 
 4 419 424 426 427 
 4 419 521 523 524 
 4 424 521 529 531 
 4 419 627 629 631 
 4 424 627 636 637 
 4 521 627 753 754 
 4 426 523 532 533 
 4 426 629 638 640 
 3 523 629 756 
 3 423 425 427 
 4 423 525 527 529 
 4 425 525 529 531 
 4 423 632 634 635 
 4 425 632 636 638 
 4 525 632 758 759 
 4 427 527 532 533 
 4 427 634 638 640 
 3 527 634 761 
 4 427 529 532 534 
 4 427 636 638 640 
 4 529 636 763 764 
 3 532 638 766 
 3 429 430 431 
 3 429 432 433 
 4 430 432 434 435 
 4 429 437 438 439 
 3 430 437 440 
 3 432 437 443 
 4 429 449 450 451 
 3 430 449 452 
 3 432 449 455 
 4 437 449 461 462 
 3 429 476 477 
 4 430 476 478 479 
 4 432 476 481 482 
 3 437 476 488 
 3 449 476 503 
 4 429 641 642 643 
 4 430 641 643 644 
 4 432 641 646 647 
 4 437 641 653 654 
 3 449 641 668 
 3 476 641 700 
 3 431 433 436 
 3 431 438 441 
 3 433 438 444 
 3 431 450 453 
 3 433 450 456 
 3 438 450 463 
 3 431 477 480 
 3 433 477 483 
 4 438 477 489 490 
 3 450 477 504 
 3 431 642 645 
 3 433 642 648 
 4 438 642 654 655 
 4 450 642 669 670 
 4 477 642 701 702 
 3 431 434 436 
 4 431 440 441 442 
 3 434 440 446 
 4 431 452 453 454 
 3 434 452 458 
 4 440 452 464 465 
 3 431 478 480 
 4 434 478 484 485 
 3 440 478 491 
 3 452 478 506 
 4 431 643 645 646 
 4 434 643 649 650 
 4 440 643 656 657 
 3 452 643 671 
 3 478 643 703 
 4 436 441 447 448 
 4 436 453 459 460 
 3 441 453 466 
 3 436 480 486 
 3 441 480 493 
 4 453 480 507 508 
 4 436 645 651 652 
 3 441 645 658 
 4 453 645 672 673 
 4 480 645 704 705 
 3 433 435 436 
 4 433 443 444 445 
 3 435 443 446 
 4 433 455 456 457 
 3 435 455 458 
 3 443 455 468 
 3 433 481 483 
 4 435 481 484 485 
 3 443 481 495 
 4 455 481 509 510 
 4 433 646 648 649 
 4 435 646 649 650 
 3 443 646 660 
 4 455 646 674 675 
 4 481 646 706 707 
 4 436 444 447 448 
 4 436 456 459 460 
 3 444 456 470 
 4 436 483 486 487 
 4 444 483 496 497 
 3 456 483 511 
 4 436 648 651 652 
 4 444 648 661 662 
 4 456 648 676 677 
 4 483 648 708 709 
 4 436 446 447 448 
 4 436 458 459 460 
 3 446 458 472 
 4 436 484 486 487 
 4 446 484 498 499 
 3 458 484 513 
 4 436 649 651 652 
 4 446 649 663 664 
 4 458 649 678 679 
 4 484 649 710 711 
 3 447 459 474 
 4 447 486 500 501 
 3 459 486 515 
 4 447 651 665 666 
 4 459 651 680 681 
 4 486 651 712 713 
 4 439 440 441 442 
 4 439 443 444 445 
 3 440 443 446 
 3 439 461 463 
 4 440 461 464 465 
 4 443 461 468 469 
 4 439 488 489 490 
 4 440 488 491 492 
 3 443 488 495 
 4 461 488 517 518 
 4 439 653 654 655 
 4 440 653 656 657 
 4 443 653 660 661 
 4 461 653 682 683 
 4 488 653 714 715 
 3 441 444 448 
 4 441 463 466 467 
 3 444 463 470 
 3 441 489 493 
 4 444 489 496 497 
 3 463 489 519 
 4 441 654 658 659 
 4 444 654 661 662 
 4 463 654 684 685 
 4 489 654 716 717 
 3 442 446 448 
 4 442 464 466 467 
 3 446 464 472 
 4 442 491 493 494 
 4 446 491 498 499 
 3 464 491 521 
 4 442 656 658 659 
 4 446 656 663 664 
 4 464 656 686 687 
 4 491 656 718 719 
 3 448 466 474 
 4 448 493 500 501 
 3 466 493 523 
 4 448 658 665 666 
 4 466 658 688 689 
 4 493 658 720 721 
 3 445 446 448 
 4 445 468 470 471 
 4 446 468 472 473 
 4 445 495 496 497 
 4 446 495 498 499 
 4 468 495 525 526 
 4 445 660 661 663 
 4 446 660 663 665 
 4 468 660 690 691 
 4 495 660 722 723 
 4 448 470 474 475 
 4 448 496 500 501 
 4 470 496 527 528 
 4 448 661 665 667 
 4 470 661 692 693 
 4 496 661 724 725 
 4 448 472 474 475 
 4 448 498 500 502 
 3 472 498 530 
 4 448 663 665 667 
 3 472 663 695 
 3 498 663 727 
 3 474 500 532 
 4 474 665 697 698 
 4 500 665 729 730 
 4 451 452 453 454 
 4 451 455 456 457 
 3 452 455 458 
 3 451 462 463 
 3 452 462 465 
 4 455 462 468 469 
 4 451 503 504 505 
 3 452 503 506 
 4 455 503 509 510 
 4 462 503 517 518 
 4 451 668 669 670 
 4 452 668 671 672 
 4 455 668 674 675 
 4 462 668 682 683 
 3 503 668 732 
 3 453 456 460 
 4 453 463 466 467 
 3 456 463 470 
 4 453 504 507 508 
 4 456 504 511 512 
 4 463 504 519 520 
 4 453 669 672 673 
 4 456 669 676 677 
 4 463 669 684 685 
 4 504 669 733 734 
 3 454 458 460 
 4 454 465 466 467 
 3 458 465 472 
 4 454 506 507 508 
 4 458 506 513 514 
 4 465 506 521 522 
 4 454 671 672 674 
 4 458 671 678 679 
 4 465 671 686 687 
 4 506 671 735 736 
 3 460 466 474 
 4 460 507 515 516 
 4 466 507 523 524 
 4 460 672 680 681 
 4 466 672 688 689 
 4 507 672 737 738 
 3 457 458 460 
 4 457 468 470 471 
 4 458 468 472 473 
 4 457 509 511 512 
 4 458 509 513 514 
 4 468 509 525 526 
 4 457 674 676 677 
 4 458 674 678 679 
 4 468 674 690 691 
 3 509 674 740 
 4 460 470 474 475 
 4 460 511 515 516 
 4 470 511 527 528 
 4 460 676 680 681 
 4 470 676 692 693 
 3 511 676 742 
 4 460 472 474 475 
 4 460 513 515 516 
 3 472 513 530 
 4 460 678 680 682 
 4 472 678 695 696 
 4 513 678 744 745 
 4 474 515 532 533 
 4 474 680 697 698 
 4 515 680 746 747 
 3 463 465 467 
 4 463 469 470 471 
 4 465 469 472 473 
 4 463 517 519 520 
 4 465 517 521 522 
 4 469 517 525 526 
 4 463 682 684 685 
 4 465 682 686 687 
 4 469 682 690 692 
 4 517 682 749 750 
 4 467 470 474 475 
 4 467 519 523 524 
 4 470 519 527 528 
 4 467 684 688 689 
 4 470 684 692 694 
 4 519 684 751 752 
 4 467 472 474 475 
 4 467 521 523 524 
 4 472 521 530 531 
 4 467 686 688 690 
 4 472 686 695 696 
 4 521 686 753 754 
 4 474 523 532 533 
 4 474 688 697 698 
 3 523 688 756 
 3 471 473 475 
 4 471 525 527 529 
 4 473 525 530 531 
 4 471 690 692 694 
 4 473 690 695 696 
 4 525 690 758 759 
 4 475 527 532 533 
 4 475 692 697 699 
 3 527 692 761 
 4 475 530 532 534 
 4 475 695 697 699 
 4 530 695 763 764 
 4 532 697 766 767 
 3 477 479 480 
 3 477 482 483 
 3 479 482 485 
 3 477 488 490 
 4 479 488 491 492 
 3 482 488 495 
 4 477 503 504 505 
 3 479 503 506 
 3 482 503 510 
 3 488 503 518 
 4 477 700 701 702 
 4 479 700 703 704 
 4 482 700 706 707 
 4 488 700 714 715 
 4 503 700 732 733 
 4 480 483 486 487 
 3 480 490 493 
 3 483 490 497 
 3 480 504 508 
 4 483 504 511 512 
 4 490 504 519 520 
 4 480 701 704 705 
 4 483 701 708 709 
 4 490 701 716 717 
 4 504 701 733 734 
 4 480 485 486 487 
 4 480 491 493 494 
 3 485 491 499 
 3 480 506 508 
 4 485 506 513 514 
 4 491 506 521 522 
 4 480 703 704 706 
 4 485 703 710 711 
 4 491 703 718 719 
 4 506 703 735 736 
 3 486 493 501 
 4 486 508 515 516 
 4 493 508 523 524 
 4 486 704 712 713 
 4 493 704 720 721 
 4 508 704 737 738 
 3 483 485 487 
 3 483 495 497 
 3 485 495 499 
 4 483 510 511 512 
 4 485 510 513 514 
 3 495 510 526 
 4 483 706 708 709 
 4 485 706 710 711 
 4 495 706 722 723 
 4 510 706 740 741 
 3 487 497 501 
 4 487 511 515 516 
 3 497 511 528 
 4 487 708 712 713 
 4 497 708 724 725 
 4 511 708 742 743 
 4 487 499 501 502 
 4 487 513 515 516 
 3 499 513 530 
 4 487 710 712 714 
 4 499 710 727 728 
 4 513 710 744 745 
 4 501 515 532 533 
 4 501 712 729 730 
 4 515 712 746 747 
 4 490 492 493 494 
 3 490 495 497 
 3 492 495 499 
 4 490 518 519 520 
 4 492 518 521 522 
 3 495 518 526 
 4 490 714 716 717 
 4 492 714 718 719 
 4 495 714 722 724 
 4 518 714 749 750 
 3 493 497 501 
 4 493 519 523 524 
 3 497 519 528 
 4 493 716 720 721 
 4 497 716 724 726 
 4 519 716 751 752 
 4 494 499 501 502 
 4 494 521 523 524 
 4 499 521 530 531 
 4 494 718 720 722 
 4 499 718 727 728 
 4 521 718 753 754 
 4 501 523 532 533 
 4 501 720 729 730 
 4 523 720 756 757 
 4 497 499 501 502 
 4 497 526 528 529 
 4 499 526 530 531 
 4 497 722 724 726 
 4 499 722 727 728 
 4 526 722 758 759 
 4 501 528 532 533 
 4 501 724 729 731 
 4 528 724 761 762 
 4 502 530 532 534 
 4 502 727 729 731 
 4 530 727 763 764 
 4 532 729 766 767 
 3 505 506 508 
 3 505 510 512 
 3 506 510 514 
 3 505 518 520 
 3 506 518 522 
 3 510 518 526 
 4 505 732 733 735 
 4 506 732 735 737 
 4 510 732 740 741 
 4 518 732 749 750 
 3 508 512 516 
 3 508 520 524 
 3 512 520 528 
 4 508 733 737 739 
 4 512 733 742 743 
 4 520 733 751 752 
 3 508 514 516 
 3 508 522 524 
 4 514 522 530 531 
 4 508 735 737 739 
 4 514 735 744 745 
 4 522 735 753 755 
 3 516 524 533 
 4 516 737 746 748 
 4 524 737 756 757 
 3 512 514 516 
 4 512 526 528 529 
 4 514 526 530 531 
 4 512 740 742 743 
 4 514 740 744 746 
 4 526 740 758 760 
 3 516 528 533 
 4 516 742 746 748 
 4 528 742 761 762 
 4 516 530 533 534 
 4 516 744 746 748 
 4 530 744 763 765 
 4 533 746 766 767 
 3 520 522 524 
 4 520 526 528 529 
 3 522 526 531 
 4 520 749 751 753 
 4 522 749 753 755 
 4 526 749 758 760 
 3 524 528 533 
 4 524 751 756 757 
 4 528 751 761 762 
 4 524 531 533 534 
 4 524 753 756 758 
 4 531 753 763 765 
 4 533 756 766 768 
 4 529 531 533 534 
 4 529 758 761 763 
 4 531 758 763 765 
 4 533 761 766 768 
 4 534 763 766 768 
 4 535 536 537 538 
 3 535 539 540 
 3 536 539 541 
 3 535 544 545 
 4 536 544 546 547 
 4 539 544 549 550 
 3 535 556 557 
 4 536 556 558 559 
 4 539 556 561 562 
 3 544 556 568 
 3 535 583 584 
 3 536 583 585 
 3 539 583 588 
 3 544 583 595 
 4 556 583 609 610 
 4 535 641 642 643 
 3 536 641 644 
 3 539 641 647 
 4 544 641 653 654 
 3 556 641 668 
 3 583 641 700 
 4 537 540 542 543 
 3 537 545 548 
 3 540 545 551 
 3 537 557 560 
 3 540 557 563 
 4 545 557 569 570 
 4 537 584 586 587 
 4 540 584 589 590 
 3 545 584 596 
 3 557 584 611 
 3 537 642 645 
 3 540 642 648 
 3 545 642 655 
 4 557 642 669 670 
 4 584 642 701 702 
 4 538 541 542 543 
 3 538 546 548 
 4 541 546 552 553 
 3 538 558 560 
 4 541 558 564 565 
 3 546 558 571 
 4 538 585 586 587 
 3 541 585 591 
 3 546 585 598 
 4 558 585 612 613 
 4 538 644 645 646 
 3 541 644 650 
 4 546 644 656 657 
 3 558 644 671 
 3 585 644 703 
 3 542 548 554 
 3 542 560 566 
 3 548 560 573 
 3 542 586 593 
 4 548 586 599 600 
 3 560 586 614 
 4 542 645 651 652 
 3 548 645 658 
 3 560 645 673 
 3 586 645 705 
 3 540 541 543 
 3 540 549 551 
 4 541 549 552 553 
 3 540 561 563 
 4 541 561 564 565 
 3 549 561 575 
 4 540 588 589 590 
 4 541 588 591 592 
 4 549 588 601 602 
 3 561 588 616 
 4 540 647 648 649 
 3 541 647 650 
 3 549 647 660 
 3 561 647 675 
 3 588 647 707 
 4 543 551 554 555 
 4 543 563 566 567 
 4 551 563 576 577 
 3 543 589 593 
 3 551 589 603 
 3 563 589 618 
 4 543 648 651 652 
 3 551 648 662 
 4 563 648 676 677 
 4 589 648 708 709 
 4 543 552 554 555 
 4 543 564 566 567 
 4 552 564 578 579 
 4 543 591 593 594 
 3 552 591 605 
 3 564 591 620 
 4 543 650 651 652 
 3 552 650 664 
 4 564 650 678 679 
 4 591 650 710 711 
 4 554 566 580 581 
 3 554 593 607 
 3 566 593 622 
 3 554 651 666 
 4 566 651 680 681 
 4 593 651 712 713 
 3 545 547 548 
 3 545 550 551 
 3 547 550 553 
 4 545 568 569 570 
 4 547 568 571 572 
 3 550 568 575 
 4 545 595 596 597 
 3 547 595 598 
 4 550 595 601 602 
 3 568 595 624 
 3 545 653 655 
 4 547 653 656 657 
 4 550 653 660 661 
 3 568 653 683 
 3 595 653 715 
 4 548 551 554 555 
 3 548 569 573 
 4 551 569 576 577 
 4 548 596 599 600 
 4 551 596 603 604 
 3 569 596 626 
 4 548 655 658 659 
 3 551 655 662 
 4 569 655 684 685 
 4 596 655 716 717 
 4 548 553 554 555 
 4 548 571 573 574 
 4 553 571 578 579 
 4 548 598 599 600 
 4 553 598 605 606 
 3 571 598 628 
 4 548 656 658 659 
 3 553 656 664 
 4 571 656 686 687 
 4 598 656 718 719 
 4 554 573 580 581 
 4 554 599 607 608 
 3 573 599 630 
 3 554 658 666 
 4 573 658 688 689 
 4 599 658 720 721 
 3 551 553 555 
 4 551 575 576 577 
 4 553 575 578 579 
 4 551 601 603 604 
 4 553 601 605 606 
 3 575 601 632 
 4 551 660 662 663 
 4 553 660 664 665 
 3 575 660 691 
 3 601 660 723 
 4 555 576 580 581 
 4 555 603 607 608 
 3 576 603 634 
 4 555 662 666 667 
 3 576 662 693 
 3 603 662 725 
 4 555 578 580 582 
 4 555 605 607 608 
 4 578 605 636 637 
 4 555 664 666 667 
 3 578 664 695 
 3 605 664 727 
 3 580 607 639 
 4 580 666 697 698 
 4 607 666 729 730 
 3 557 559 560 
 3 557 562 563 
 3 559 562 565 
 3 557 568 570 
 4 559 568 571 572 
 3 562 568 575 
 3 557 609 611 
 4 559 609 612 613 
 4 562 609 616 617 
 4 568 609 624 625 
 4 557 668 669 670 
 4 559 668 671 672 
 3 562 668 675 
 3 568 668 683 
 3 609 668 732 
 4 560 563 566 567 
 3 560 570 573 
 3 563 570 577 
 4 560 611 614 615 
 3 563 611 618 
 3 570 611 626 
 3 560 669 673 
 4 563 669 676 677 
 4 570 669 684 685 
 3 611 669 734 
 4 560 565 566 567 
 4 560 571 573 574 
 3 565 571 579 
 4 560 612 614 615 
 3 565 612 620 
 3 571 612 628 
 4 560 671 673 674 
 4 565 671 678 679 
 4 571 671 686 687 
 3 612 671 736 
 3 566 573 581 
 3 566 614 622 
 3 573 614 630 
 4 566 673 680 681 
 4 573 673 688 689 
 3 614 673 738 
 3 563 565 567 
 3 563 575 577 
 3 565 575 579 
 4 563 616 618 619 
 4 565 616 620 621 
 4 575 616 632 633 
 4 563 675 676 677 
 4 565 675 678 679 
 3 575 675 691 
 3 616 675 740 
 3 567 577 581 
 4 567 618 622 623 
 4 577 618 634 635 
 4 567 676 680 681 
 3 577 676 693 
 3 618 676 742 
 4 567 579 581 582 
 4 567 620 622 623 
 4 579 620 636 637 
 4 567 678 680 682 
 4 579 678 695 696 
 4 620 678 744 745 
 3 581 622 639 
 4 581 680 697 698 
 3 622 680 747 
 4 570 572 573 574 
 3 570 575 577 
 3 572 575 579 
 4 570 624 626 627 
 4 572 624 628 629 
 4 575 624 632 633 
 4 570 683 684 685 
 4 572 683 686 687 
 4 575 683 691 692 
 4 624 683 749 750 
 3 573 577 581 
 4 573 626 630 631 
 4 577 626 634 635 
 4 573 684 688 689 
 4 577 684 693 694 
 4 626 684 751 752 
 4 574 579 581 582 
 4 574 628 630 631 
 4 579 628 636 637 
 4 574 686 688 690 
 4 579 686 695 696 
 3 628 686 754 
 4 581 630 639 640 
 4 581 688 697 698 
 3 630 688 756 
 4 577 579 581 582 
 4 577 632 634 635 
 4 579 632 636 638 
 4 577 691 693 694 
 4 579 691 695 696 
 3 632 691 759 
 4 581 634 639 640 
 4 581 693 697 699 
 3 634 693 761 
 4 582 636 639 640 
 4 582 695 697 699 
 3 636 695 764 
 4 639 697 766 767 
 3 584 585 587 
 3 584 588 590 
 4 585 588 591 592 
 4 584 595 596 597 
 3 585 595 598 
 3 588 595 602 
 3 584 610 611 
 3 585 610 613 
 4 588 610 616 617 
 4 595 610 624 625 
 4 584 700 701 702 
 4 585 700 703 704 
 3 588 700 707 
 3 595 700 715 
 4 610 700 732 733 
 3 587 590 593 
 3 587 596 600 
 4 590 596 603 604 
 4 587 611 614 615 
 3 590 611 618 
 3 596 611 626 
 3 587 701 705 
 4 590 701 708 709 
 4 596 701 716 717 
 3 611 701 734 
 4 587 591 593 594 
 3 587 598 600 
 4 591 598 605 606 
 4 587 613 614 615 
 3 591 613 620 
 3 598 613 628 
 4 587 703 705 706 
 4 591 703 710 711 
 4 598 703 718 719 
 3 613 703 736 
 4 593 600 607 608 
 3 593 614 622 
 3 600 614 630 
 4 593 705 712 713 
 4 600 705 720 721 
 3 614 705 738 
 4 590 592 593 594 
 4 590 602 603 604 
 4 592 602 605 606 
 4 590 616 618 619 
 4 592 616 620 621 
 4 602 616 632 633 
 4 590 707 708 709 
 4 592 707 710 711 
 3 602 707 723 
 4 616 707 740 741 
 4 593 603 607 608 
 4 593 618 622 623 
 4 603 618 634 635 
 4 593 708 712 713 
 3 603 708 725 
 4 618 708 742 743 
 4 594 605 607 608 
 4 594 620 622 623 
 3 605 620 637 
 4 594 710 712 714 
 4 605 710 727 728 
 4 620 710 744 745 
 3 607 622 639 
 4 607 712 729 730 
 3 622 712 747 
 3 597 598 600 
 3 597 602 604 
 3 598 602 606 
 4 597 624 626 627 
 4 598 624 628 629 
 4 602 624 632 633 
 4 597 715 716 717 
 4 598 715 718 719 
 4 602 715 723 724 
 4 624 715 749 750 
 3 600 604 608 
 4 600 626 630 631 
 4 604 626 634 635 
 4 600 716 720 721 
 4 604 716 725 726 
 4 626 716 751 752 
 3 600 606 608 
 4 600 628 630 631 
 3 606 628 637 
 4 600 718 720 722 
 4 606 718 727 728 
 3 628 718 754 
 4 608 630 639 640 
 4 608 720 729 730 
 4 630 720 756 757 
 3 604 606 608 
 4 604 632 634 635 
 4 606 632 637 638 
 4 604 723 725 726 
 4 606 723 727 728 
 3 632 723 759 
 4 608 634 639 640 
 4 608 725 729 731 
 4 634 725 761 762 
 4 608 637 639 640 
 4 608 727 729 731 
 3 637 727 764 
 4 639 729 766 767 
 3 611 613 615 
 4 611 617 618 619 
 4 613 617 620 621 
 4 611 625 626 627 
 4 613 625 628 629 
 3 617 625 633 
 4 611 732 734 735 
 4 613 732 736 737 
 4 617 732 740 741 
 4 625 732 749 750 
 4 615 618 622 623 
 4 615 626 630 631 
 3 618 626 635 
 4 615 734 738 739 
 4 618 734 742 743 
 4 626 734 751 752 
 4 615 620 622 623 
 4 615 628 630 631 
 3 620 628 637 
 4 615 736 738 739 
 4 620 736 744 745 
 4 628 736 754 755 
 4 622 630 639 640 
 4 622 738 747 748 
 4 630 738 756 757 
 3 619 621 623 
 3 619 633 635 
 4 621 633 637 638 
 4 619 740 742 743 
 4 621 740 744 746 
 4 633 740 759 760 
 4 623 635 639 640 
 4 623 742 747 748 
 4 635 742 761 762 
 4 623 637 639 640 
 4 623 744 747 748 
 4 637 744 764 765 
 4 639 747 766 767 
 3 627 629 631 
 3 627 633 635 
 4 629 633 637 638 
 4 627 749 751 753 
 4 629 749 754 755 
 4 633 749 759 760 
 3 631 635 640 
 4 631 751 756 757 
 4 635 751 761 762 
 3 631 637 640 
 4 631 754 756 758 
 4 637 754 764 765 
 4 640 756 766 768 
 3 635 638 640 
 4 635 759 761 763 
 4 638 759 764 765 
 4 640 761 766 768 
 4 640 764 766 768 
 4 643 644 645 646 
 4 643 647 648 649 
 3 644 647 650 
 3 643 654 655 
 3 644 654 657 
 4 647 654 660 661 
 3 643 668 670 
 4 644 668 671 672 
 3 647 668 675 
 3 654 668 683 
 3 643 700 702 
 4 644 700 703 704 
 3 647 700 707 
 3 654 700 715 
 4 668 700 732 733 
 3 645 648 652 
 4 645 655 658 659 
 3 648 655 662 
 3 645 670 673 
 3 648 670 677 
 3 655 670 685 
 3 645 702 705 
 3 648 702 709 
 3 655 702 717 
 3 670 702 734 
 3 646 650 652 
 4 646 657 658 659 
 3 650 657 664 
 4 646 671 673 674 
 3 650 671 679 
 3 657 671 687 
 4 646 703 705 706 
 3 650 703 711 
 3 657 703 719 
 3 671 703 736 
 3 652 658 666 
 3 652 673 681 
 3 658 673 689 
 3 652 705 713 
 3 658 705 721 
 3 673 705 738 
 3 649 650 652 
 4 649 660 662 663 
 4 650 660 664 665 
 3 649 675 677 
 3 650 675 679 
 3 660 675 691 
 3 649 707 709 
 3 650 707 711 
 3 660 707 723 
 4 675 707 740 741 
 4 652 662 666 667 
 3 652 677 681 
 3 662 677 693 
 3 652 709 713 
 3 662 709 725 
 4 677 709 742 743 
 4 652 664 666 667 
 4 652 679 681 682 
 4 664 679 695 696 
 4 652 711 713 714 
 4 664 711 727 728 
 3 679 711 745 
 3 666 681 698 
 3 666 713 730 
 3 681 713 747 
 3 655 657 659 
 4 655 661 662 663 
 4 657 661 664 665 
 3 655 683 685 
 3 657 683 687 
 4 661 683 691 692 
 3 655 715 717 
 3 657 715 719 
 4 661 715 723 724 
 3 683 715 750 
 4 659 662 666 667 
 3 659 685 689 
 4 662 685 693 694 
 3 659 717 721 
 4 662 717 725 726 
 3 685 717 752 
 4 659 664 666 667 
 4 659 687 689 690 
 4 664 687 695 696 
 4 659 719 721 722 
 4 664 719 727 728 
 3 687 719 754 
 3 666 689 698 
 3 666 721 730 
 4 689 721 756 757 
 3 663 665 667 
 4 663 691 693 694 
 4 665 691 695 696 
 4 663 723 725 726 
 4 665 723 727 728 
 3 691 723 759 
 4 667 693 698 699 
 4 667 725 730 731 
 4 693 725 761 762 
 4 667 695 698 699 
 4 667 727 730 731 
 3 695 727 764 
 3 698 730 767 
 4 670 672 673 674 
 3 670 675 677 
 3 672 675 679 
 3 670 683 685 
 3 672 683 687 
 4 675 683 691 692 
 4 670 732 734 735 
 4 672 732 736 737 
 4 675 732 740 741 
 3 683 732 750 
 3 673 677 681 
 3 673 685 689 
 4 677 685 693 694 
 4 673 734 738 739 
 4 677 734 742 743 
 3 685 734 752 
 4 674 679 681 682 
 4 674 687 689 690 
 3 679 687 696 
 4 674 736 738 739 
 3 679 736 745 
 4 687 736 754 755 
 3 681 689 698 
 4 681 738 747 748 
 4 689 738 756 757 
 4 677 679 681 682 
 4 677 691 693 694 
 3 679 691 696 
 4 677 740 742 743 
 4 679 740 745 746 
 4 691 740 759 760 
 4 681 693 698 699 
 4 681 742 747 748 
 4 693 742 761 762 
 4 682 696 698 699 
 4 682 745 747 748 
 4 696 745 764 765 
 3 698 747 767 
 4 685 687 689 690 
 3 685 692 694 
 3 687 692 696 
 4 685 750 752 753 
 4 687 750 754 755 
 4 692 750 759 760 
 4 689 694 698 699 
 4 689 752 756 757 
 4 694 752 761 762 
 4 690 696 698 699 
 4 690 754 756 758 
 4 696 754 764 765 
 4 698 756 767 768 
 3 694 696 699 
 4 694 759 761 763 
 4 696 759 764 765 
 4 699 761 767 768 
 4 699 764 767 768 
 4 702 704 705 706 
 3 702 707 709 
 3 704 707 711 
 3 702 715 717 
 3 704 715 719 
 4 707 715 723 724 
 4 702 733 734 735 
 4 704 733 736 737 
 3 707 733 741 
 3 715 733 750 
 3 705 709 713 
 3 705 717 721 
 4 709 717 725 726 
 4 705 734 738 739 
 3 709 734 743 
 3 717 734 752 
 4 706 711 713 714 
 4 706 719 721 722 
 3 711 719 728 
 4 706 736 738 739 
 3 711 736 745 
 4 719 736 754 755 
 3 713 721 730 
 4 713 738 747 748 
 3 721 738 757 
 4 709 711 713 714 
 4 709 723 725 726 
 3 711 723 728 
 3 709 741 743 
 4 711 741 745 746 
 4 723 741 759 760 
 4 713 725 730 731 
 4 713 743 747 748 
 3 725 743 762 
 4 714 728 730 731 
 4 714 745 747 748 
 4 728 745 764 765 
 3 730 747 767 
 4 717 719 721 722 
 3 717 724 726 
 3 719 724 728 
 4 717 750 752 753 
 4 719 750 754 755 
 4 724 750 759 760 
 4 721 726 730 731 
 3 721 752 757 
 3 726 752 762 
 4 722 728 730 731 
 4 722 754 757 758 
 4 728 754 764 765 
 4 730 757 767 768 
 3 726 728 731 
 4 726 759 762 763 
 4 728 759 764 765 
 4 731 762 767 768 
 4 731 764 767 768 
 3 735 737 739 
 3 735 741 743 
 4 737 741 745 746 
 4 735 750 752 753 
 3 737 750 755 
 3 741 750 760 
 3 739 743 748 
 3 739 752 757 
 3 743 752 762 
 3 739 745 748 
 4 739 755 757 758 
 3 745 755 765 
 4 748 757 767 768 
 3 743 746 748 
 4 743 760 762 763 
 3 746 760 765 
 4 748 762 767 768 
 4 748 765 767 768 
 4 753 755 757 758 
 4 753 760 762 763 
 3 755 760 765 
 3 757 762 768 
 3 758 765 768 
 3 763 765 768 
