 672 150
 3 3 3 3 3 3 3 3 3 3 3 3 3 3 3 3 3 3 3 3 3 3 3 3 3 3 3 3 3 3 3 3 3 3 3 3 3 3 3 3 3 3 3 3 3 3 3 3 3 3 3 3 3 3 3 3 3 3 3 3 3 3 3 3 3 3 3 3 3 3 3 3 3 3 3 3 3 3 3 3 3 3 3 3 3 3 3 3 3 3 3 3 3 3 3 3 3 3 3 3 3 3 3 3 3 3 3 3 3 3 3 3 3 3 3 3 3 3 3 3 3 3 3 3 3 3 3 3 3 3 3 3 3 3 3 3 3 3 3 3 3 3 3 3 3 3 3 3 3 1 
 2 1 2 
 3 1 2 3 
 3 1 2 3 
 2 1 5 
 3 1 5 6 
 4 2 5 7 8 
 3 1 11 12 
 4 1 11 12 13 
 3 2 11 14 
 3 5 11 18 
 3 1 27 28 
 4 1 27 28 29 
 3 2 27 30 
 3 5 27 34 
 4 11 27 43 44 
 2 1 65 
 3 1 65 66 
 4 2 65 67 68 
 4 5 65 71 72 
 3 11 65 81 
 3 27 65 102 
 3 1 2 4 
 4 1 5 6 7 
 3 2 5 8 
 3 1 12 13 
 3 2 12 15 
 3 5 12 19 
 3 1 28 29 
 3 2 28 31 
 3 5 28 35 
 3 12 28 44 
 4 1 65 66 67 
 3 2 65 68 
 3 5 65 72 
 4 12 65 81 82 
 3 28 65 103 
 3 2 3 4 
 3 2 6 7 
 3 3 6 9 
 4 2 12 13 14 
 3 3 12 16 
 3 6 12 20 
 4 2 28 29 30 
 3 3 28 32 
 3 6 28 36 
 3 12 28 45 
 3 2 66 67 
 3 3 66 69 
 3 6 66 73 
 4 12 66 82 83 
 3 28 66 104 
 3 4 6 10 
 3 4 13 17 
 3 6 13 21 
 3 4 29 33 
 3 6 29 37 
 3 13 29 46 
 3 4 66 70 
 3 6 66 74 
 4 13 66 83 84 
 3 29 66 105 
 2 3 4 
 4 3 7 8 9 
 4 3 7 9 10 
 3 3 14 15 
 3 3 14 16 
 3 7 14 22 
 3 3 30 31 
 3 3 30 32 
 3 7 30 38 
 4 14 30 47 48 
 4 3 67 68 69 
 4 3 67 69 70 
 4 7 67 75 76 
 3 14 67 85 
 3 30 67 106 
 4 4 8 10 11 
 3 4 15 17 
 3 8 15 23 
 3 4 31 33 
 3 8 31 39 
 4 15 31 48 49 
 4 4 68 70 71 
 4 8 68 76 77 
 3 15 68 86 
 3 31 68 107 
 4 4 9 10 11 
 4 4 16 17 18 
 4 9 16 24 25 
 4 4 32 33 34 
 4 9 32 40 41 
 3 16 32 50 
 4 4 69 70 71 
 3 9 69 78 
 3 16 69 87 
 4 32 69 108 109 
 3 10 17 26 
 3 10 33 42 
 3 17 33 51 
 3 10 70 79 
 4 17 70 88 89 
 3 33 70 110 
 3 5 6 7 
 3 5 8 9 
 4 6 8 9 10 
 3 5 18 19 
 3 6 18 20 
 4 8 18 22 23 
 3 5 34 35 
 3 6 34 36 
 4 8 34 38 39 
 3 18 34 53 
 4 5 71 72 73 
 4 6 71 73 74 
 4 8 71 75 76 
 3 18 71 90 
 4 34 71 111 112 
 4 7 8 10 11 
 3 7 19 21 
 4 8 19 23 24 
 3 7 35 37 
 4 8 35 39 40 
 3 19 35 54 
 4 7 72 74 75 
 4 8 72 76 77 
 3 19 72 91 
 4 35 72 112 113 
 4 7 9 10 11 
 4 7 20 21 22 
 4 9 20 24 25 
 4 7 36 37 38 
 4 9 36 40 41 
 3 20 36 55 
 4 7 73 74 75 
 3 9 73 78 
 4 20 73 92 93 
 3 36 73 114 
 3 10 21 26 
 3 10 37 42 
 4 21 37 56 57 
 4 10 74 79 80 
 3 21 74 94 
 3 37 74 115 
 3 9 10 11 
 4 9 22 23 24 
 4 10 22 24 25 
 4 9 38 39 40 
 4 10 38 40 41 
 3 22 38 58 
 4 9 75 76 77 
 4 10 75 78 79 
 4 22 75 95 96 
 3 38 75 117 
 4 11 23 26 27 
 4 11 39 42 43 
 4 23 39 59 60 
 4 11 76 79 80 
 3 23 76 97 
 3 39 76 118 
 4 11 24 26 27 
 4 11 40 42 43 
 3 24 40 61 
 4 11 78 79 80 
 4 24 78 98 99 
 3 40 78 120 
 3 26 42 63 
 3 26 79 100 
 4 42 79 121 122 
 3 12 13 14 
 3 12 14 15 
 3 13 14 16 
 3 12 18 19 
 3 13 18 20 
 4 14 18 22 23 
 4 12 43 44 45 
 4 13 43 45 46 
 4 14 43 47 48 
 3 18 43 53 
 3 12 81 82 
 4 13 81 82 83 
 3 14 81 85 
 4 18 81 90 91 
 4 43 81 123 124 
 3 13 15 17 
 3 13 19 21 
 4 15 19 23 24 
 4 13 44 46 47 
 4 15 44 48 49 
 3 19 44 54 
 4 13 81 83 84 
 3 15 81 86 
 4 19 81 91 92 
 4 44 81 124 125 
 4 14 16 17 18 
 4 14 20 21 22 
 3 16 20 25 
 4 14 45 46 47 
 3 16 45 50 
 4 20 45 55 56 
 4 14 82 83 84 
 4 16 82 87 88 
 4 20 82 92 93 
 3 45 82 126 
 3 17 21 26 
 4 17 46 51 52 
 4 21 46 56 57 
 4 17 83 88 89 
 3 21 83 94 
 3 46 83 127 
 4 15 16 17 18 
 4 15 22 23 24 
 3 16 22 25 
 4 15 47 48 49 
 4 16 47 50 51 
 4 22 47 58 59 
 4 15 85 86 87 
 4 16 85 87 88 
 4 22 85 95 96 
 3 47 85 129 
 4 17 23 26 27 
 4 17 48 51 52 
 4 23 48 59 60 
 4 17 86 88 89 
 3 23 86 97 
 3 48 86 130 
 4 18 25 26 27 
 4 18 50 51 52 
 4 25 50 61 62 
 4 18 87 88 90 
 4 25 87 98 99 
 3 50 87 132 
 3 26 51 63 
 4 26 88 100 101 
 4 51 88 133 134 
 4 19 20 21 22 
 3 19 23 24 
 3 20 23 25 
 4 19 53 54 55 
 4 20 53 55 56 
 4 23 53 58 59 
 4 19 90 91 92 
 4 20 90 92 93 
 4 23 90 95 96 
 4 53 90 135 136 
 4 21 24 26 27 
 4 21 54 56 57 
 4 24 54 59 60 
 4 21 91 94 95 
 4 24 91 97 98 
 3 54 91 137 
 4 22 25 26 27 
 4 22 55 56 58 
 4 25 55 61 62 
 4 22 92 94 95 
 4 25 92 98 99 
 4 55 92 138 139 
 4 26 56 63 64 
 4 26 94 100 101 
 3 56 94 140 
 3 24 25 27 
 4 24 58 59 61 
 4 25 58 61 62 
 4 24 95 97 98 
 4 25 95 98 100 
 3 58 95 142 
 4 27 59 63 64 
 4 27 97 100 101 
 3 59 97 144 
 4 27 61 63 64 
 4 27 98 100 102 
 3 61 98 146 
 3 63 100 148 
 3 28 29 30 
 3 28 30 31 
 3 29 30 32 
 3 28 34 35 
 3 29 34 36 
 4 30 34 38 39 
 3 28 44 45 
 4 29 44 45 46 
 3 30 44 48 
 3 34 44 53 
 3 28 102 103 
 3 29 102 104 
 4 30 102 106 107 
 4 34 102 111 112 
 4 44 102 123 124 
 3 29 31 33 
 3 29 35 37 
 4 31 35 39 40 
 4 29 44 46 47 
 3 31 44 49 
 3 35 44 54 
 3 29 103 105 
 4 31 103 107 108 
 4 35 103 112 113 
 4 44 103 124 125 
 4 30 32 33 34 
 4 30 36 37 38 
 3 32 36 41 
 4 30 45 46 47 
 3 32 45 50 
 4 36 45 55 56 
 4 30 104 105 106 
 4 32 104 108 109 
 3 36 104 114 
 3 45 104 126 
 3 33 37 42 
 4 33 46 51 52 
 3 37 46 57 
 3 33 105 110 
 4 37 105 115 116 
 4 46 105 127 128 
 4 31 32 33 34 
 4 31 38 39 40 
 3 32 38 41 
 3 31 48 49 
 4 32 48 50 51 
 4 38 48 58 59 
 4 31 106 107 108 
 4 32 106 108 109 
 3 38 106 117 
 3 48 106 129 
 4 33 39 42 43 
 4 33 49 51 52 
 3 39 49 60 
 4 33 107 110 111 
 4 39 107 118 119 
 4 49 107 130 131 
 4 34 41 42 43 
 4 34 50 51 52 
 4 41 50 61 62 
 4 34 108 110 111 
 3 41 108 120 
 3 50 108 132 
 3 42 51 63 
 4 42 110 121 122 
 4 51 110 133 134 
 4 35 36 37 38 
 3 35 39 40 
 3 36 39 41 
 4 35 53 54 55 
 4 36 53 55 56 
 4 39 53 58 59 
 4 35 111 112 113 
 4 36 111 114 115 
 4 39 111 117 118 
 4 53 111 135 136 
 4 37 40 42 43 
 3 37 54 57 
 3 40 54 60 
 4 37 112 115 116 
 4 40 112 118 119 
 3 54 112 137 
 4 38 41 42 43 
 4 38 55 57 58 
 4 41 55 61 62 
 4 38 114 115 116 
 4 41 114 120 121 
 4 55 114 138 139 
 4 42 57 63 64 
 4 42 115 121 122 
 4 57 115 140 141 
 3 40 41 43 
 4 40 58 60 61 
 4 41 58 61 62 
 4 40 117 118 119 
 4 41 117 120 121 
 4 58 117 142 143 
 4 43 60 63 64 
 4 43 118 121 123 
 3 60 118 144 
 4 43 61 63 64 
 4 43 120 121 123 
 3 61 120 146 
 3 63 121 148 
 3 45 46 47 
 3 45 48 49 
 4 46 48 50 51 
 4 45 53 54 55 
 3 46 53 56 
 3 48 53 59 
 4 45 123 124 125 
 4 46 123 126 127 
 4 48 123 129 130 
 4 53 123 135 136 
 3 47 49 52 
 3 47 54 57 
 3 49 54 60 
 4 47 124 127 128 
 4 49 124 130 131 
 4 54 124 137 138 
 3 47 50 52 
 4 47 56 57 58 
 3 50 56 62 
 4 47 126 127 128 
 4 50 126 132 133 
 4 56 126 138 139 
 4 52 57 63 64 
 4 52 127 133 134 
 4 57 127 140 141 
 3 49 51 52 
 4 49 59 60 61 
 3 51 59 62 
 4 49 129 130 131 
 4 51 129 132 133 
 4 59 129 142 143 
 4 52 60 63 64 
 4 52 130 133 135 
 4 60 130 144 145 
 4 52 62 63 64 
 4 52 132 133 135 
 4 62 132 146 147 
 4 63 133 148 149 
 4 55 56 57 58 
 4 55 59 60 61 
 3 56 59 62 
 4 55 135 137 138 
 4 56 135 138 140 
 4 59 135 142 143 
 3 57 60 64 
 4 57 137 140 141 
 4 60 137 144 145 
 3 58 62 64 
 4 58 138 140 142 
 4 62 138 146 147 
 4 64 140 148 149 
 3 61 62 64 
 4 61 142 144 145 
 4 62 142 146 147 
 4 64 144 148 149 
 4 64 146 148 150 
 3 65 66 67 
 3 65 68 69 
 4 66 68 69 70 
 3 65 72 73 
 4 66 72 73 74 
 3 68 72 76 
 3 65 81 82 
 3 66 81 83 
 3 68 81 85 
 4 72 81 90 91 
 3 65 102 103 
 3 66 102 104 
 4 68 102 106 107 
 3 72 102 112 
 3 81 102 124 
 4 67 68 70 71 
 4 67 72 74 75 
 3 68 72 77 
 3 67 82 84 
 3 68 82 86 
 4 72 82 91 92 
 3 67 103 105 
 4 68 103 107 108 
 3 72 103 113 
 3 82 103 125 
 4 67 69 70 71 
 4 67 73 74 75 
 3 69 73 78 
 3 67 83 84 
 4 69 83 87 88 
 3 73 83 93 
 4 67 104 105 106 
 3 69 104 109 
 3 73 104 114 
 3 83 104 126 
 4 70 74 79 80 
 3 70 84 89 
 3 74 84 94 
 3 70 105 110 
 4 74 105 115 116 
 4 84 105 127 128 
 3 69 70 71 
 3 69 76 77 
 4 70 76 78 79 
 4 69 85 86 87 
 4 70 85 87 88 
 3 76 85 96 
 4 69 106 107 108 
 3 70 106 109 
 3 76 106 117 
 3 85 106 129 
 4 71 77 79 80 
 3 71 86 89 
 3 77 86 97 
 4 71 107 110 111 
 4 77 107 118 119 
 4 86 107 130 131 
 4 71 78 79 80 
 4 71 87 89 90 
 3 78 87 99 
 4 71 109 110 111 
 3 78 109 120 
 3 87 109 132 
 4 79 89 100 101 
 3 79 110 122 
 3 89 110 134 
 3 73 74 75 
 3 73 76 77 
 4 74 76 78 79 
 4 73 90 91 92 
 3 74 90 93 
 3 76 90 96 
 3 73 112 113 
 4 74 112 114 115 
 4 76 112 117 118 
 3 90 112 136 
 3 75 77 80 
 4 75 91 94 95 
 4 77 91 97 98 
 4 75 113 115 116 
 4 77 113 118 119 
 3 91 113 137 
 3 75 78 80 
 4 75 93 94 95 
 3 78 93 99 
 4 75 114 115 116 
 4 78 114 120 121 
 3 93 114 139 
 4 80 94 100 101 
 3 80 115 122 
 4 94 115 140 141 
 3 77 79 80 
 4 77 96 97 98 
 4 79 96 99 100 
 4 77 117 118 119 
 4 79 117 120 121 
 4 96 117 142 143 
 4 80 97 100 101 
 4 80 118 122 123 
 3 97 118 144 
 4 80 99 100 102 
 4 80 120 122 123 
 3 99 120 146 
 3 100 122 148 
 3 82 83 84 
 4 82 85 86 87 
 3 83 85 88 
 3 82 91 92 
 3 83 91 93 
 3 85 91 96 
 3 82 124 125 
 4 83 124 126 127 
 4 85 124 129 130 
 3 91 124 136 
 3 84 86 89 
 4 84 92 94 95 
 4 86 92 97 98 
 4 84 125 127 128 
 4 86 125 130 131 
 4 92 125 137 138 
 4 84 88 89 90 
 4 84 93 94 95 
 3 88 93 99 
 4 84 126 127 128 
 4 88 126 132 133 
 3 93 126 139 
 3 89 94 101 
 3 89 127 134 
 4 94 127 140 141 
 4 87 88 89 90 
 4 87 96 97 98 
 4 88 96 99 100 
 4 87 129 130 131 
 4 88 129 132 133 
 4 96 129 142 143 
 3 89 97 101 
 4 89 130 134 135 
 4 97 130 144 145 
 4 90 99 101 102 
 4 90 132 134 135 
 4 99 132 146 147 
 4 101 134 148 149 
 3 92 93 95 
 3 92 96 98 
 4 93 96 99 100 
 4 92 136 137 138 
 4 93 136 139 140 
 4 96 136 142 143 
 3 95 98 101 
 4 95 137 140 141 
 4 98 137 144 145 
 4 95 99 101 102 
 4 95 139 140 142 
 4 99 139 146 147 
 4 101 140 148 149 
 4 98 100 101 102 
 4 98 142 144 145 
 4 100 142 146 147 
 4 101 144 148 149 
 4 102 146 148 150 
 4 103 104 105 106 
 3 103 107 108 
 3 104 107 109 
 3 103 112 113 
 4 104 112 114 115 
 4 107 112 117 118 
 3 103 124 125 
 4 104 124 126 127 
 4 107 124 129 130 
 3 112 124 136 
 4 105 108 110 111 
 3 105 113 116 
 3 108 113 119 
 3 105 125 128 
 3 108 125 131 
 4 113 125 137 138 
 4 106 109 110 111 
 3 106 114 116 
 4 109 114 120 121 
 3 106 126 128 
 4 109 126 132 133 
 3 114 126 139 
 3 110 116 122 
 3 110 128 134 
 3 116 128 141 
 3 108 109 111 
 3 108 117 119 
 4 109 117 120 121 
 3 108 129 131 
 4 109 129 132 133 
 3 117 129 143 
 4 111 119 122 123 
 4 111 131 134 135 
 4 119 131 144 145 
 4 111 120 122 123 
 4 111 132 134 135 
 4 120 132 146 147 
 4 122 134 148 149 
 3 113 115 116 
 3 113 118 119 
 3 115 118 121 
 4 113 136 137 138 
 4 115 136 139 140 
 3 118 136 143 
 4 116 119 122 123 
 3 116 137 141 
 4 119 137 144 145 
 4 116 121 122 123 
 4 116 139 141 142 
 4 121 139 146 147 
 4 122 141 148 149 
 3 119 121 123 
 4 119 143 144 145 
 4 121 143 146 147 
 4 123 144 148 149 
 4 123 146 148 150 
 3 125 127 128 
 3 125 130 131 
 3 127 130 133 
 3 125 136 138 
 4 127 136 139 140 
 3 130 136 143 
 4 128 131 134 135 
 3 128 138 141 
 3 131 138 145 
 4 128 133 134 135 
 4 128 139 141 142 
 3 133 139 147 
 3 134 141 149 
 3 131 133 135 
 3 131 143 145 
 3 133 143 147 
 3 135 145 149 
 4 135 147 149 150 
 4 138 140 141 142 
 3 138 143 145 
 3 140 143 147 
 3 141 145 149 
 4 142 147 149 150 
 4 145 147 149 150 
