 50 167
 3 3 3 3 3 3 3 3 3 3 3 3 3 3 3 3 3 3 3 3 3 3 3 3 3 3 3 3 3 3 3 3 3 3 3 3 3 3 3 3 3 3 3 3 3 3 3 3 3 3 3 3 3 3 3 3 3 3 3 3 3 3 3 3 3 3 3 3 3 3 3 3 3 3 3 3 3 3 3 3 3 3 3 3 3 3 3 3 3 3 3 3 3 3 3 3 3 3 3 3 3 3 3 3 3 3 3 3 3 3 3 3 3 3 3 3 3 3 3 3 3 3 3 3 3 3 3 3 3 3 3 3 3 3 3 3 3 3 3 3 3 3 3 3 3 3 3 3 3 3 3 3 3 3 3 3 3 3 3 3 3 3 3 3 3 3 2 
 81 1 2 3 4 6 7 9 11 12 13 14 15 16 18 19 20 22 24 25 27 28 29 34 35 37 40 41 42 43 44 45 48 49 50 51 52 53 55 60 62 63 65 66 67 68 71 73 75 76 77 79 86 87 88 89 90 96 97 100 104 105 107 113 114 115 118 120 126 130 131 133 141 144 146 147 148 149 151 152 159 166 
 82 1 2 3 4 5 6 7 8 9 10 11 12 13 14 16 17 18 19 20 21 23 26 27 28 30 33 37 38 39 42 43 44 46 47 49 51 55 57 59 61 63 66 67 68 70 73 74 75 76 81 82 88 90 91 96 98 99 101 103 104 106 108 112 114 120 124 126 127 129 130 132 133 136 137 140 142 144 149 150 152 158 164 
 77 3 5 6 7 9 10 11 12 13 14 15 16 17 18 19 23 24 25 26 27 34 35 40 42 43 44 48 49 50 52 55 57 58 59 60 61 64 66 67 68 70 75 76 77 78 79 80 82 89 91 93 96 99 100 101 104 105 107 108 109 110 115 118 119 121 125 134 138 140 145 146 151 153 154 157 162 165 
 80 1 4 5 6 8 9 10 11 14 15 16 17 18 19 21 22 27 29 32 37 39 41 42 43 45 46 47 48 49 50 51 54 55 56 57 60 62 66 67 68 70 71 73 75 77 79 80 83 85 86 87 88 89 99 100 101 102 103 104 106 107 108 109 110 112 116 118 122 124 126 128 132 138 140 142 144 147 151 152 162 
 75 1 2 3 6 7 9 10 14 15 17 19 20 21 23 25 26 27 31 32 33 34 35 36 37 39 40 41 46 48 50 51 53 55 56 60 61 66 71 72 78 79 80 82 83 84 88 90 91 94 96 97 101 104 105 107 108 109 112 113 117 118 125 127 128 130 132 135 139 140 145 148 159 160 164 167 
 82 1 4 6 7 9 10 11 13 14 18 19 20 21 22 23 26 27 29 34 36 37 39 40 41 42 44 45 46 47 50 52 54 56 57 59 60 62 63 64 69 70 72 74 75 78 82 83 84 86 87 88 89 90 94 95 97 101 103 104 106 107 108 110 111 112 114 118 122 125 127 128 129 130 132 134 136 139 141 142 147 151 154 
 70 1 2 3 4 6 7 8 11 12 13 16 19 21 24 26 29 32 33 34 35 37 38 39 40 42 43 45 47 49 50 53 54 58 64 66 71 72 73 76 80 81 83 85 89 90 91 92 93 94 95 100 103 109 111 115 117 118 119 120 126 129 130 140 143 147 154 155 156 157 160 
 81 2 3 4 5 6 7 9 11 14 18 22 23 24 26 28 30 31 32 33 34 36 37 39 40 41 43 44 46 50 51 57 58 59 66 67 68 70 71 72 73 74 75 78 79 81 84 85 86 88 90 92 98 101 103 104 105 108 109 111 115 120 124 125 126 127 129 134 135 136 140 141 142 145 146 148 150 151 155 156 159 166 
 76 1 2 3 6 8 9 10 11 14 16 20 24 28 30 36 37 38 39 40 43 44 45 46 47 48 49 50 53 56 57 58 60 62 64 65 67 68 70 76 78 80 81 83 88 89 91 92 95 96 97 98 100 103 104 109 112 116 117 119 123 128 130 133 134 135 139 142 143 145 146 154 157 161 163 164 165 
 82 1 3 6 7 8 9 10 13 14 17 19 20 22 23 26 27 28 29 30 31 32 34 35 36 37 38 42 45 46 48 50 51 52 54 56 57 58 59 60 61 62 63 64 68 70 75 76 77 78 81 82 84 85 90 93 97 98 101 103 105 106 111 113 119 120 121 126 128 129 131 133 135 141 142 143 145 147 148 152 158 159 163 
 87 1 2 4 6 7 8 10 11 12 13 14 16 17 18 19 21 22 23 24 25 26 28 29 30 31 32 33 35 38 40 41 43 44 45 48 50 51 54 55 56 58 59 60 63 64 69 70 71 74 75 78 80 81 85 87 88 90 91 92 95 96 97 101 102 106 107 108 112 114 115 117 120 121 122 127 132 134 135 136 137 138 140 147 150 152 155 159 
 79 1 2 4 5 7 10 11 12 13 14 15 16 17 18 20 22 23 26 27 28 29 31 34 36 38 40 45 46 50 52 53 54 56 59 60 63 66 67 68 70 76 77 79 80 81 86 88 90 91 92 94 95 96 97 98 99 102 104 105 107 110 112 114 117 121 123 124 129 136 138 139 141 145 149 154 156 157 159 161 
 73 1 3 4 5 6 8 10 12 13 19 20 22 23 25 27 28 29 37 38 39 44 45 47 49 55 59 60 61 62 66 67 68 69 70 71 74 75 76 77 80 82 84 87 88 90 91 94 95 97 107 111 112 113 114 116 118 119 120 123 124 125 127 132 133 134 135 139 140 142 143 149 157 163 
 78 1 2 4 5 6 8 12 13 14 17 22 23 25 29 30 31 32 33 38 39 41 43 45 47 51 52 53 55 57 59 61 63 65 66 67 74 77 78 83 85 86 87 89 91 93 94 95 96 98 99 100 102 106 107 108 109 110 111 113 114 116 117 119 122 124 126 127 129 130 133 141 142 147 148 149 159 160 163 
 84 1 2 5 6 7 8 9 10 12 13 14 15 16 18 19 20 22 23 24 26 27 28 29 32 33 37 38 39 41 42 43 47 48 49 52 53 54 55 57 59 60 62 64 65 67 69 72 73 74 76 77 78 79 80 81 85 86 92 93 94 96 97 100 102 104 109 112 113 118 119 120 121 123 124 127 131 135 139 146 149 153 155 161 165 
 81 2 3 4 6 7 11 12 14 16 22 23 24 27 29 30 31 32 33 35 36 37 38 39 40 42 43 44 50 53 54 57 59 60 62 65 67 68 69 75 77 78 80 82 83 84 85 88 89 90 92 93 96 99 101 102 107 109 111 113 114 115 117 119 124 128 130 131 132 134 136 137 138 141 145 148 152 153 157 160 162 165 
 76 2 3 5 7 8 9 11 12 13 16 17 20 23 28 30 31 32 35 37 39 41 43 45 46 47 48 53 54 58 59 60 61 62 63 67 70 71 76 77 79 80 83 84 87 88 90 91 93 95 96 98 99 100 103 104 107 110 112 113 116 119 120 123 124 125 129 130 131 136 137 138 152 153 154 158 162 
 78 1 3 4 5 7 9 10 11 13 15 16 17 18 19 22 24 25 28 29 31 33 34 35 36 38 39 40 41 42 45 46 47 48 51 52 54 55 57 58 59 61 62 64 65 68 69 70 74 75 79 83 84 85 87 90 91 94 95 96 99 102 105 111 121 122 123 125 127 130 134 138 140 143 145 148 151 153 156 
 80 1 2 5 6 7 9 11 12 13 15 18 19 20 21 24 25 29 30 33 35 37 38 41 44 45 48 49 52 53 54 57 59 61 62 66 67 69 70 71 72 75 77 78 80 82 84 85 88 90 92 97 98 103 105 108 110 113 114 115 116 118 119 120 121 124 128 132 135 136 138 139 140 141 143 145 149 151 160 161 167 
 80 1 2 3 4 5 9 10 12 14 15 16 17 18 20 21 22 24 25 26 27 29 33 34 36 41 42 44 45 46 47 50 52 53 54 55 56 57 60 65 66 67 72 74 76 78 81 83 84 85 86 87 88 92 93 94 95 97 101 102 103 105 106 108 110 115 117 121 127 131 134 135 139 141 144 146 154 156 157 159 163 
 89 2 3 4 5 7 8 9 11 12 13 15 16 17 18 19 21 23 24 26 27 28 29 30 31 32 33 35 37 40 41 44 45 48 49 51 53 54 58 59 60 61 62 63 66 68 69 70 72 73 75 77 78 79 80 81 82 85 87 90 91 92 93 94 97 99 100 103 105 106 108 112 113 116 118 120 122 123 126 127 128 130 132 133 138 142 145 152 160 167 
 82 1 2 3 4 5 6 8 9 10 12 13 14 15 16 17 18 19 20 24 27 28 29 31 32 33 34 35 37 38 39 40 41 43 44 45 46 48 49 50 56 59 61 64 65 67 70 71 72 74 76 79 81 82 83 86 89 90 91 92 94 96 98 103 110 112 114 117 118 122 126 127 128 129 134 135 144 146 148 151 155 161 162 
 71 2 3 4 5 7 9 10 11 13 16 18 19 20 21 22 23 25 28 29 30 31 33 34 35 39 41 42 43 46 47 51 53 54 56 57 61 62 67 68 69 70 71 72 73 74 75 84 86 89 90 92 93 98 104 107 110 120 121 123 127 133 134 137 140 141 143 146 156 161 162 166 
 81 1 2 3 4 5 6 10 11 12 13 15 16 17 18 20 22 24 25 26 28 33 35 36 38 40 42 43 44 45 49 50 52 54 59 61 63 65 66 67 68 70 74 75 77 80 82 84 85 86 88 89 93 96 98 99 100 101 102 104 109 110 113 116 119 120 121 128 129 131 134 136 137 138 141 142 145 147 148 150 154 156 
 88 1 2 3 4 5 9 11 12 15 18 19 20 21 23 25 26 27 28 29 32 33 35 36 38 39 40 41 42 43 44 45 46 48 49 51 52 55 56 57 60 61 62 63 64 65 68 69 73 74 75 76 78 86 87 88 91 93 96 98 99 100 101 102 104 106 107 109 110 111 115 118 121 122 125 126 135 136 137 139 142 144 145 149 150 153 155 156 157 
 75 2 3 8 9 10 11 12 21 24 26 27 28 29 31 32 33 36 38 39 40 41 44 45 46 48 52 55 56 59 63 67 68 69 70 71 72 73 75 76 79 80 81 83 84 95 96 100 103 104 106 109 110 116 117 118 119 121 123 124 129 130 131 132 133 134 136 139 140 143 144 149 150 155 158 163 
 81 1 3 4 6 7 8 9 10 11 15 16 18 20 21 24 25 26 29 33 34 36 38 40 43 44 46 47 48 49 51 53 54 55 59 61 64 65 71 76 77 78 79 80 81 82 85 86 92 98 99 100 103 105 107 109 113 114 118 122 124 125 126 127 129 130 131 132 135 137 147 149 151 153 154 157 158 160 162 164 165 166 
 88 1 2 3 4 6 7 8 10 14 15 16 17 19 21 23 25 26 27 30 33 34 35 36 38 39 42 43 44 47 49 50 51 53 56 57 58 59 60 61 62 65 66 68 69 71 73 75 78 79 83 84 86 87 89 91 93 97 98 101 102 104 107 108 114 116 119 122 123 126 127 130 131 132 135 137 138 139 142 143 144 145 147 154 155 158 159 160 164 
 77 1 6 7 8 9 11 12 15 16 17 20 21 22 27 28 29 30 31 32 33 34 35 36 37 38 41 43 44 47 50 51 52 53 55 56 58 62 64 65 66 67 68 69 70 71 73 74 79 80 82 83 85 87 90 93 96 98 100 102 105 106 110 111 114 118 120 122 132 133 135 137 144 149 152 154 161 162 
 69 2 4 5 6 7 8 9 10 11 13 15 19 21 22 23 26 28 29 34 35 36 40 41 42 46 47 48 51 52 56 57 59 60 61 63 64 66 68 69 71 75 77 78 80 81 82 86 89 90 92 95 99 100 102 106 108 111 115 122 123 124 130 137 138 140 144 155 165 166 
 76 1 2 4 7 8 9 12 13 15 16 17 18 19 20 22 23 24 26 27 28 29 34 35 36 37 39 40 41 42 43 44 48 52 53 55 57 58 65 68 72 73 76 77 79 81 83 84 88 97 99 100 103 104 106 107 111 112 118 119 121 125 128 129 139 144 145 146 149 150 151 154 155 160 162 163 164 
 92 1 2 3 4 5 8 9 10 11 12 13 14 15 16 18 19 21 22 24 25 26 27 28 31 32 33 34 35 36 37 38 39 40 42 44 49 53 54 56 57 60 62 64 65 68 72 74 75 76 80 84 85 86 88 89 90 91 93 94 95 96 98 99 101 107 109 113 115 116 117 121 122 126 128 129 132 139 143 145 146 149 151 153 154 155 156 157 158 159 161 166 167 
 70 2 4 5 6 8 10 12 13 20 21 22 23 24 25 28 30 31 34 42 43 45 46 47 48 51 53 55 56 58 63 64 66 71 72 73 74 77 78 79 83 85 92 93 94 97 101 104 105 106 108 110 111 112 114 116 122 123 124 125 128 137 138 139 142 143 145 146 148 156 160 
 83 1 2 4 5 6 7 11 13 14 15 16 17 20 21 22 23 24 26 30 31 36 38 40 41 43 47 51 52 54 58 59 60 62 63 65 66 69 70 71 73 79 80 81 82 83 85 86 87 88 89 90 91 92 94 95 101 102 105 108 109 112 113 114 115 116 120 125 127 128 130 131 132 133 139 142 143 144 148 151 153 160 161 163 
 80 1 3 5 6 7 8 9 12 13 14 15 16 17 18 19 20 21 23 24 25 26 27 29 30 31 32 33 34 35 36 37 39 40 43 45 49 53 55 56 58 60 61 65 68 71 72 73 74 76 80 85 86 87 89 93 95 96 97 99 104 105 106 110 117 122 124 129 131 132 133 137 138 146 149 151 152 153 156 158 165 
 83 1 2 3 4 6 8 9 13 14 15 17 19 20 21 22 27 29 30 34 36 37 39 42 43 45 46 49 54 57 58 59 60 62 64 65 66 67 69 72 73 77 78 80 81 82 83 89 91 93 94 99 100 102 104 106 107 109 111 112 113 114 117 118 119 120 123 124 125 126 136 142 143 144 146 150 152 153 155 159 161 163 164 165 
 78 2 4 5 6 8 10 12 13 16 17 18 19 21 22 23 26 30 32 33 34 35 36 37 38 40 41 44 46 47 48 49 52 54 55 63 64 69 70 79 81 82 83 84 86 87 89 91 92 94 95 97 98 99 102 104 106 109 112 113 115 120 125 128 130 131 133 134 137 140 141 144 145 148 151 152 159 163 164 
 75 1 4 5 6 7 8 9 10 12 15 16 17 19 20 21 22 23 24 25 26 28 30 39 41 42 43 48 51 52 53 59 60 62 63 65 67 68 69 71 73 74 76 79 80 81 82 84 85 90 92 93 98 99 100 103 106 107 109 114 115 118 123 126 129 130 132 133 139 144 147 148 150 152 154 158 
 79 2 3 4 5 6 8 9 10 12 14 15 16 18 19 20 21 22 23 24 25 26 27 28 29 33 35 36 39 41 45 46 47 48 50 53 54 56 57 59 60 63 65 66 67 68 69 75 82 83 84 91 93 97 98 101 102 105 106 108 111 115 116 119 121 122 124 126 127 131 133 134 136 141 145 147 152 153 154 164 
 74 2 3 5 6 7 8 9 11 14 17 20 22 23 24 28 30 31 32 34 37 38 39 41 44 45 50 51 52 53 54 57 58 60 62 63 64 65 70 71 73 74 75 77 78 79 80 82 86 88 91 92 93 99 105 106 107 111 112 113 117 119 120 121 127 128 130 133 141 142 143 155 158 162 164 
 81 2 5 6 8 9 10 11 13 15 16 18 19 20 22 26 27 28 29 31 32 36 37 39 40 41 44 45 48 50 51 52 53 56 57 61 64 65 66 67 69 71 72 73 76 77 78 79 82 83 94 95 97 100 101 102 104 108 110 112 113 116 117 119 120 123 124 125 127 131 134 135 136 139 141 143 145 146 152 153 155 160 
 89 1 2 3 5 9 10 11 12 15 16 18 20 21 23 26 28 30 31 32 36 37 38 40 42 45 46 47 49 51 54 55 57 60 61 63 64 66 67 68 71 72 73 76 77 78 79 82 83 84 85 87 91 95 96 99 100 101 105 107 111 112 114 115 116 117 119 123 124 125 127 129 131 132 133 134 136 137 140 144 146 147 149 150 154 155 157 161 163 167 
 78 1 2 3 4 5 7 10 12 13 14 15 17 18 20 21 24 25 27 29 30 32 35 36 37 40 41 42 44 45 46 47 50 54 55 58 59 61 62 65 66 71 73 77 81 83 84 85 86 87 88 89 91 93 97 100 101 103 104 105 109 112 115 120 123 124 130 131 134 135 137 139 141 142 143 150 156 157 161 
 79 1 4 14 15 16 17 18 19 20 24 25 28 29 30 31 32 35 36 39 40 43 44 45 48 49 52 55 56 58 59 61 62 63 64 65 66 68 70 71 72 73 76 77 78 80 81 86 87 89 90 91 94 95 96 98 101 115 116 117 118 119 121 125 126 131 132 134 135 137 140 141 144 146 147 153 155 160 162 166 
 88 1 3 5 6 7 9 10 13 14 15 17 18 19 20 23 25 26 27 28 29 30 31 32 33 34 35 40 44 45 48 50 52 55 57 58 61 63 64 65 66 67 69 70 71 72 73 74 75 76 77 80 82 84 85 89 92 95 96 98 99 103 108 109 110 111 115 117 118 122 123 124 125 133 136 138 142 144 147 148 150 151 156 157 158 160 161 163 166 
 84 1 3 4 6 10 12 13 14 15 16 18 19 20 21 23 25 26 27 28 29 30 31 34 38 39 42 43 44 47 48 49 50 51 54 55 56 57 59 60 61 62 66 67 71 72 75 76 78 81 83 84 85 86 87 91 93 94 98 103 105 107 109 110 111 114 115 127 128 131 133 135 136 138 141 144 145 147 151 153 156 158 159 164 165 
 85 1 2 3 4 5 6 7 8 9 10 12 14 15 16 17 18 21 22 23 25 31 32 34 35 36 37 38 43 44 46 49 51 52 53 54 55 56 59 62 63 65 66 69 71 72 73 74 75 80 83 84 87 88 89 90 92 93 94 95 97 99 103 104 106 107 108 110 113 115 116 119 121 127 128 129 130 131 133 136 144 148 158 159 160 161 
 73 1 2 7 8 9 10 13 14 15 16 18 19 21 24 27 29 30 31 33 34 39 40 41 45 46 47 49 51 53 56 57 58 60 61 63 64 65 69 70 75 77 78 80 85 87 88 90 93 94 95 99 102 105 107 111 113 114 116 118 119 121 122 123 126 128 129 131 137 138 146 150 155 159 
 73 2 3 6 10 11 12 13 14 15 17 19 21 22 24 25 27 28 30 33 35 38 43 46 47 50 51 53 55 56 58 60 61 65 67 68 70 73 74 75 76 79 81 85 86 87 88 89 95 97 102 103 104 108 112 113 114 116 117 121 125 126 129 134 137 138 144 146 149 153 156 161 165 167 
 81 1 2 3 4 6 7 10 11 12 13 16 17 18 21 24 25 27 28 29 31 33 35 36 38 39 40 41 42 43 45 46 47 48 51 52 55 56 57 58 64 65 66 67 68 70 72 78 81 83 88 91 92 96 99 101 102 106 108 109 110 111 112 115 116 120 122 124 125 131 132 133 138 140 142 147 149 150 154 162 164 165 
