 50 167
 3 3 3 3 3 3 3 3 3 3 3 3 3 3 3 3 3 3 3 3 3 3 3 3 3 3 3 3 3 3 3 3 3 3 3 3 3 3 3 3 3 3 3 3 3 3 3 3 3 3 3 3 3 3 3 3 3 3 3 3 3 3 3 3 3 3 3 3 3 3 3 3 3 3 3 3 3 3 3 3 3 3 3 3 3 3 3 3 3 3 3 3 3 3 3 3 3 3 3 3 3 3 3 3 3 3 3 3 3 3 3 3 3 3 3 3 3 3 3 3 3 3 3 3 3 3 3 3 3 3 3 3 3 3 3 3 3 3 3 3 3 3 3 3 3 3 3 3 3 3 3 3 3 3 3 3 3 3 3 3 3 3 3 3 3 3 2 
 85 1 3 4 5 6 7 8 10 11 12 13 14 16 17 20 21 23 25 26 29 35 36 37 40 42 43 44 45 46 48 50 56 59 60 61 62 65 66 68 69 70 71 73 78 79 80 81 82 83 84 85 87 88 89 90 92 93 95 102 105 106 108 110 111 113 115 116 118 119 120 121 125 126 132 133 137 139 142 148 150 154 156 157 160 165 
 76 1 3 4 5 7 8 12 15 16 17 18 23 24 25 28 30 32 33 35 36 37 38 39 40 42 46 47 48 51 54 57 60 63 65 66 68 69 70 71 72 73 75 76 79 80 81 84 86 87 92 94 95 98 99 105 115 118 119 120 121 129 130 132 135 136 140 141 142 145 146 151 152 155 157 163 166 
 85 1 4 6 7 8 9 10 12 13 14 17 18 19 20 21 22 23 24 25 26 27 30 32 34 35 36 37 39 40 41 42 44 45 47 48 50 52 55 56 59 61 63 64 66 67 68 74 77 78 79 80 82 84 88 91 100 101 105 106 108 109 111 116 117 119 120 122 123 126 127 128 129 131 134 137 138 139 141 143 146 153 154 155 158 161 
 84 2 3 4 5 6 8 9 10 11 12 14 15 16 18 19 20 23 25 27 28 29 31 33 36 38 39 41 42 43 44 46 48 49 50 51 52 54 55 56 58 60 64 65 69 71 74 75 76 77 79 81 83 85 87 89 90 96 97 98 99 100 101 103 105 106 112 113 115 118 123 124 131 132 134 135 138 147 149 150 151 152 155 156 159 
 95 1 2 3 4 5 6 8 9 10 11 12 14 15 16 17 18 19 22 24 25 26 28 29 30 32 34 35 36 39 41 43 44 47 50 53 54 55 56 58 61 62 63 64 65 66 67 71 72 73 76 77 78 80 81 83 84 85 86 88 91 95 97 98 101 103 104 107 108 109 110 111 112 113 118 122 124 126 128 131 136 140 141 142 143 145 148 149 150 151 153 156 157 160 161 162 
 75 1 2 4 5 7 9 10 11 12 16 19 25 26 29 31 34 38 39 40 43 44 45 46 52 55 56 58 59 61 62 65 66 67 68 69 70 72 73 77 78 79 81 88 90 91 93 94 96 98 100 102 103 107 109 110 111 116 119 120 121 124 129 130 131 132 133 135 136 138 140 144 145 156 158 159 
 92 1 3 4 5 6 7 9 10 11 12 15 17 18 20 23 25 27 28 30 31 32 34 35 36 37 38 41 42 43 44 45 46 47 51 53 54 57 58 62 63 64 65 66 69 72 73 74 77 80 82 83 84 85 86 87 88 90 91 93 94 95 97 99 100 101 106 111 112 113 114 115 116 120 121 125 131 133 134 139 141 142 143 144 146 148 153 154 155 158 160 162 163 
 87 3 6 7 8 10 11 12 13 14 15 16 18 19 20 21 22 24 25 26 28 31 33 34 38 39 41 42 44 45 46 47 48 50 51 52 53 54 55 59 61 68 69 70 72 74 75 78 80 85 88 89 90 92 93 94 95 96 97 98 99 101 102 103 106 108 111 112 115 116 117 120 121 131 132 133 134 135 138 139 140 144 149 150 152 155 160 162 
 75 2 3 5 6 8 10 11 12 13 15 23 29 30 32 34 41 42 43 45 46 52 53 55 59 60 61 63 64 66 67 69 70 71 72 73 75 78 83 85 89 92 93 94 96 98 100 101 103 107 108 109 110 111 112 113 114 115 118 119 125 128 130 135 136 142 143 147 148 149 151 153 154 156 159 167 
 93 1 2 3 5 8 10 11 12 13 14 15 17 18 19 21 22 23 25 26 27 28 29 30 32 34 36 37 40 42 43 45 47 48 49 51 54 56 59 60 61 62 63 64 67 68 71 72 78 79 81 82 83 84 85 87 89 92 93 94 95 96 97 99 102 103 104 106 107 109 111 112 114 116 117 119 122 124 127 129 130 131 132 133 135 136 137 142 143 148 150 153 160 165 
 74 1 3 4 6 7 8 10 13 14 19 22 23 24 25 26 30 32 33 34 37 39 40 41 42 43 44 45 47 49 52 54 57 58 60 62 67 70 72 80 83 84 85 90 95 104 105 106 107 108 109 111 112 113 114 123 124 126 127 128 129 130 131 133 135 137 140 146 149 151 153 154 159 162 167 
 79 1 2 4 9 10 11 13 14 15 17 19 22 23 24 25 26 27 28 32 33 35 36 39 40 42 43 44 47 48 50 51 52 54 57 58 59 60 62 63 65 66 67 69 71 75 77 78 79 81 82 85 86 87 88 90 92 96 97 99 102 104 105 109 112 114 117 118 120 122 130 134 137 139 145 147 148 157 159 161 
 84 3 4 5 7 8 9 10 11 12 14 16 18 19 20 21 22 24 27 28 29 30 33 34 36 37 40 43 45 46 49 50 51 55 56 59 60 65 66 67 70 73 74 78 79 83 85 86 88 90 91 96 99 102 103 108 110 111 112 113 115 116 117 118 119 120 122 123 124 125 132 133 134 136 137 139 146 149 152 154 157 160 161 164 167 
 77 1 2 4 5 6 10 13 17 19 20 21 22 23 24 25 26 32 33 35 36 37 38 41 42 43 44 45 48 49 53 57 58 64 65 66 67 68 69 70 75 86 87 93 95 96 100 101 102 104 105 108 109 111 112 113 114 115 117 121 122 123 127 129 130 131 134 137 142 144 146 148 149 152 158 161 164 166 
 75 3 4 5 6 7 8 9 10 11 13 14 15 16 20 24 25 26 30 32 34 35 37 38 39 41 44 46 48 49 50 51 52 53 55 57 58 60 63 64 66 68 69 71 73 74 75 76 81 84 88 89 91 92 93 94 95 98 101 103 104 105 106 107 111 116 120 123 126 132 137 141 149 158 164 165 
 78 1 3 5 6 7 9 10 12 13 15 16 17 20 21 24 26 27 30 31 33 34 35 38 39 40 41 42 43 45 46 49 50 51 53 57 61 62 63 64 66 68 70 75 78 79 82 84 86 89 90 91 96 100 105 112 113 115 117 119 120 123 124 126 131 134 136 137 138 142 143 145 147 150 154 155 156 157 166 
 78 1 2 3 4 7 10 13 16 19 22 24 27 29 30 31 32 33 36 38 40 41 44 45 46 49 50 51 52 54 55 56 58 61 62 66 67 68 71 74 78 80 81 82 83 84 88 89 91 92 100 101 103 104 105 106 108 110 111 113 118 124 127 130 131 133 136 138 139 141 143 148 149 153 156 158 160 162 165 
 80 3 4 5 7 9 10 11 12 14 15 16 17 18 19 20 23 24 26 29 31 34 37 40 41 43 49 50 51 53 55 58 60 65 66 67 68 71 72 73 74 77 78 79 80 82 83 84 85 86 90 91 92 97 98 104 105 106 108 109 110 111 113 114 116 118 119 120 124 125 126 128 129 131 133 134 137 149 155 158 162 
 76 1 3 5 7 8 9 10 11 13 14 17 21 23 24 26 27 28 29 30 31 34 35 36 37 38 40 42 44 46 47 49 54 58 60 61 62 64 66 68 70 71 73 74 75 79 80 82 83 85 86 87 89 93 96 99 106 107 108 111 113 114 116 125 126 127 129 130 133 134 135 139 141 147 160 162 166 
 79 1 2 3 4 5 6 9 12 13 14 17 18 20 21 22 25 27 29 30 31 32 33 37 38 39 41 42 43 44 47 48 49 50 52 53 59 60 61 62 64 66 67 72 73 74 75 76 77 79 80 83 85 93 95 96 99 100 102 106 110 112 114 115 118 119 123 124 127 128 130 134 135 141 145 147 149 150 157 158 
 83 1 2 3 4 5 6 9 10 12 14 17 18 20 21 22 23 24 27 28 30 32 33 34 36 38 42 45 46 50 52 54 56 57 58 59 60 61 62 63 64 67 69 70 73 75 76 78 79 82 86 87 90 91 96 97 98 102 103 105 106 107 113 115 117 120 123 126 129 131 132 134 136 138 143 147 149 152 158 159 160 161 164 166 
 70 1 2 3 4 6 8 10 11 12 13 14 15 16 19 20 22 23 24 26 27 29 30 31 34 36 37 42 45 46 47 51 54 64 66 72 74 75 77 79 81 82 83 86 89 92 96 100 101 103 107 109 114 120 121 124 128 129 133 135 136 138 141 145 147 148 152 155 157 160 164 
 72 1 2 4 5 6 7 8 9 10 12 14 15 16 17 18 19 21 23 25 26 30 31 35 38 39 41 42 43 45 48 50 51 52 57 59 60 64 67 73 77 79 81 82 84 89 91 93 94 96 101 105 106 108 117 118 119 122 124 125 128 130 136 138 139 140 144 150 152 154 155 164 165 
 91 2 5 6 7 8 9 11 14 15 16 18 19 20 21 23 24 26 27 28 29 30 31 32 33 34 36 37 38 39 42 44 45 46 47 48 50 52 55 56 58 62 63 65 66 67 70 71 73 74 75 76 78 81 83 88 90 91 93 95 96 97 99 101 102 103 104 108 109 110 111 117 118 122 123 126 127 132 134 135 136 138 143 144 145 149 150 151 152 157 160 164 
 71 1 2 3 4 5 6 7 8 9 11 12 13 14 15 16 19 20 23 25 27 28 29 31 33 34 35 36 38 43 47 51 53 55 56 61 66 70 71 74 75 76 77 83 84 85 87 93 94 97 100 102 106 110 115 117 118 119 122 123 127 132 137 138 139 141 146 147 149 151 159 161 
 79 1 2 5 6 7 8 10 11 13 14 17 18 19 20 21 23 24 26 31 32 34 37 45 47 48 49 51 52 53 54 55 56 58 59 60 61 62 65 69 71 73 76 81 82 86 91 92 94 96 97 98 99 101 102 106 107 108 111 112 113 118 122 128 135 136 138 139 140 142 143 146 149 150 152 157 158 159 160 163 
 81 1 2 3 4 5 7 8 9 10 12 13 14 15 17 21 23 25 27 28 32 33 35 36 37 40 45 47 49 50 52 54 57 58 61 62 63 67 68 69 71 72 73 74 75 77 80 82 85 86 89 92 93 94 95 98 99 100 103 106 110 111 113 116 122 125 126 127 133 135 142 145 147 148 149 150 152 155 156 157 159 163 
 80 1 2 3 4 5 6 9 14 15 16 21 22 23 24 26 27 31 33 34 35 36 38 41 43 45 46 47 50 51 52 53 55 59 62 65 67 68 72 73 74 75 79 81 82 84 85 88 93 94 95 100 102 103 106 109 112 114 118 119 120 121 122 124 127 128 130 132 133 134 135 138 139 141 142 143 144 151 153 154 159 
 74 2 3 4 5 6 9 10 12 19 20 21 22 24 26 27 28 29 31 32 34 35 37 38 40 41 42 44 47 49 51 52 55 58 60 61 62 63 64 65 69 70 73 74 76 77 82 90 94 95 99 100 101 103 104 106 107 108 111 113 115 116 120 121 124 127 138 140 142 143 148 153 155 163 164 
 73 1 2 3 4 6 7 8 9 10 12 16 17 18 19 20 22 25 27 28 31 32 33 34 35 38 40 41 45 46 48 50 51 53 54 55 56 57 63 67 69 71 76 77 84 88 89 92 97 98 99 101 102 103 109 111 114 115 118 119 120 121 122 127 128 131 134 140 142 148 150 151 155 164 
 80 1 2 3 5 8 9 10 11 12 13 14 16 17 18 19 20 24 28 29 31 35 36 40 41 43 45 46 47 48 50 52 53 54 56 57 58 60 62 63 66 67 68 69 70 73 74 77 80 83 84 86 87 88 89 92 93 94 96 98 100 107 112 118 121 127 128 129 131 133 135 140 143 146 151 153 154 159 161 162 165 
 74 1 2 3 4 6 7 10 12 13 14 16 21 22 23 26 27 29 31 35 36 39 43 44 45 51 53 56 57 58 60 61 63 67 68 71 72 74 75 76 78 81 86 89 92 95 97 99 101 104 105 107 108 115 116 117 119 122 128 129 132 133 135 139 141 143 147 151 152 154 155 156 161 162 164 
 81 1 2 3 4 5 6 8 11 12 13 17 19 20 21 26 27 31 32 33 34 35 36 37 40 42 44 52 53 54 55 56 57 59 60 61 65 69 70 73 76 78 80 82 83 84 86 87 90 91 92 93 94 95 96 97 99 100 102 105 106 107 108 110 112 115 116 119 122 123 129 131 141 144 148 152 153 156 157 160 162 165 
 76 1 2 4 6 7 8 9 11 12 13 14 16 17 18 24 25 27 28 29 32 35 36 37 39 40 43 44 46 47 49 50 54 55 56 57 58 64 65 66 67 68 69 75 81 86 88 91 92 94 95 96 98 105 108 111 113 114 117 119 121 122 124 125 126 129 130 136 137 139 140 152 153 158 159 163 165 
 79 2 3 4 5 6 7 9 10 11 13 15 16 17 18 20 22 25 27 28 29 30 32 37 38 39 42 43 47 48 50 51 52 54 56 57 58 59 60 62 69 70 72 75 80 81 82 83 84 86 87 88 92 93 94 95 96 97 101 105 110 117 120 123 125 127 129 130 134 140 141 144 145 146 147 151 152 158 160 163 
 82 1 3 5 6 7 8 11 14 15 16 17 18 19 21 22 23 24 25 27 28 32 33 37 39 40 42 45 46 47 48 49 52 54 55 57 58 59 60 61 63 66 78 80 81 83 84 85 86 89 90 93 97 98 104 107 108 109 110 112 114 115 116 117 121 122 127 128 130 132 134 135 137 138 140 141 147 152 155 156 157 159 163 
 85 1 2 3 4 7 8 9 10 11 13 14 15 17 19 20 21 22 25 27 29 31 32 33 34 35 38 39 40 41 42 43 44 45 46 48 49 52 53 55 57 61 62 64 65 68 69 71 74 76 77 79 81 82 87 90 91 95 99 100 101 102 104 106 107 109 110 111 113 114 120 124 125 129 133 134 135 142 145 146 150 151 152 156 158 166 
 85 1 2 3 4 5 6 7 8 10 12 14 15 16 17 18 19 20 21 24 25 26 29 30 31 33 34 36 37 38 40 41 42 46 51 53 55 57 58 61 63 65 67 68 70 71 72 74 76 81 83 84 86 87 88 92 93 95 97 98 103 107 111 113 114 116 117 121 123 125 129 131 133 140 141 143 144 145 146 149 151 153 154 158 164 165 
 79 1 2 7 8 9 11 12 13 14 17 18 19 21 22 26 27 28 30 31 38 39 40 42 43 44 45 49 50 51 52 53 54 59 60 64 66 68 69 71 75 78 79 84 85 86 87 88 89 90 91 92 93 95 101 102 104 105 107 115 118 119 121 125 127 128 130 131 132 135 140 145 149 150 151 154 156 157 163 166 
 82 1 2 3 4 6 8 10 11 14 15 16 18 21 22 23 24 25 27 28 30 31 32 33 38 39 43 44 45 46 48 51 52 56 59 60 62 66 68 71 72 74 76 78 80 81 83 84 85 86 87 89 91 92 94 95 98 99 105 107 114 117 118 120 121 123 126 129 131 133 135 136 137 138 142 143 146 151 152 154 161 162 163 
 80 1 2 3 5 7 8 9 10 13 14 15 16 19 20 26 31 32 34 36 37 38 39 42 44 45 48 49 50 53 54 55 56 57 58 59 60 62 63 66 71 72 73 74 76 80 82 84 85 87 88 89 90 91 92 94 97 103 104 105 106 108 109 111 112 113 115 118 122 124 125 126 128 129 137 138 141 142 150 161 162 
 79 1 2 3 4 5 7 9 10 11 12 13 16 17 21 22 24 25 27 30 31 33 35 38 39 40 41 44 48 49 51 52 53 54 56 57 59 62 63 64 65 67 68 69 70 75 76 78 79 80 81 83 86 88 90 97 98 99 101 103 104 109 110 111 112 114 116 117 121 125 126 128 130 132 147 148 160 163 164 165 
 80 1 2 4 5 6 7 8 10 11 12 14 15 18 19 20 21 22 23 24 25 26 28 30 32 39 42 43 47 48 49 50 52 53 54 56 57 59 61 64 65 70 71 73 75 76 77 79 80 81 83 85 87 89 91 94 100 102 104 106 108 116 117 120 121 122 123 124 125 126 128 130 133 134 136 137 144 145 148 158 164 
 82 1 3 5 6 7 8 12 14 15 16 17 19 20 21 22 23 24 25 26 27 28 29 32 33 34 35 37 39 40 43 45 46 47 48 49 51 53 55 57 59 63 64 65 67 71 73 75 77 79 80 82 88 90 91 94 97 100 105 108 109 114 115 118 119 121 125 128 129 133 136 137 140 141 142 144 145 147 157 158 160 162 166 
 75 1 2 6 9 11 13 15 16 19 20 23 25 27 30 32 34 36 37 38 40 42 43 44 45 47 48 49 50 56 58 60 62 64 65 66 71 76 77 78 81 82 85 86 88 89 90 91 94 95 98 104 105 107 108 113 114 115 119 120 122 123 124 125 128 132 133 141 145 146 147 150 154 156 165 166 
 85 3 4 5 6 7 9 11 13 15 16 18 20 22 24 25 26 28 29 30 33 36 37 38 39 40 41 44 47 48 49 50 51 54 59 61 62 63 66 67 70 73 76 77 79 80 82 83 84 86 87 88 89 93 96 97 99 101 102 103 105 107 109 110 113 116 117 118 119 125 134 135 136 137 138 143 144 145 148 152 153 155 156 157 159 163 
 84 1 2 3 5 8 10 11 12 14 16 18 19 20 21 22 24 26 28 29 30 32 33 34 36 38 42 43 44 45 47 48 49 50 51 55 56 58 59 60 64 66 68 69 70 71 72 74 77 80 82 83 84 85 86 87 89 90 92 96 98 100 101 104 105 106 109 110 117 119 121 125 127 128 129 130 137 139 144 146 150 158 159 162 166 
 82 1 2 3 4 5 6 7 9 10 11 12 13 18 20 27 28 30 32 33 35 37 38 39 40 43 44 45 46 48 49 54 55 56 57 60 61 62 65 66 70 72 74 77 78 81 82 84 85 89 91 92 94 95 96 99 102 103 109 114 115 118 122 124 125 128 130 131 132 134 135 136 139 140 141 145 146 147 148 152 153 154 161 
 92 1 2 3 5 9 10 11 13 15 16 18 21 22 24 28 29 30 31 35 36 37 39 41 45 47 48 49 50 51 52 55 56 57 58 59 61 63 64 65 67 68 69 70 72 74 75 77 78 82 83 84 87 93 94 95 96 99 100 102 103 104 105 108 110 111 112 114 116 118 120 121 123 124 125 126 127 129 130 131 137 139 142 143 144 147 149 153 156 161 162 163 164 
 81 1 2 3 4 7 9 11 12 13 14 15 18 19 20 22 23 25 26 27 28 31 37 38 40 41 42 43 44 45 46 47 48 51 55 57 62 65 66 67 68 69 70 71 72 75 78 79 82 83 85 87 88 89 91 94 95 97 99 102 106 110 112 113 114 116 117 118 121 123 126 130 132 135 139 140 143 146 150 151 153 159 
