 50 167
 3 3 3 3 3 3 3 3 3 3 3 3 3 3 3 3 3 3 3 3 3 3 3 3 3 3 3 3 3 3 3 3 3 3 3 3 3 3 3 3 3 3 3 3 3 3 3 3 3 3 3 3 3 3 3 3 3 3 3 3 3 3 3 3 3 3 3 3 3 3 3 3 3 3 3 3 3 3 3 3 3 3 3 3 3 3 3 3 3 3 3 3 3 3 3 3 3 3 3 3 3 3 3 3 3 3 3 3 3 3 3 3 3 3 3 3 3 3 3 3 3 3 3 3 3 3 3 3 3 3 3 3 3 3 3 3 3 3 3 3 3 3 3 3 3 3 3 3 3 3 3 3 3 3 3 3 3 3 3 3 3 3 3 3 3 3 2 
 90 2 3 4 5 6 8 9 10 12 13 15 18 19 20 23 25 27 29 31 33 34 36 38 40 41 42 45 46 48 51 52 53 56 57 59 61 64 65 67 68 69 71 74 75 77 84 85 87 88 89 91 93 94 98 102 104 105 106 107 108 109 110 112 115 116 117 118 119 120 123 125 126 127 129 132 137 139 142 144 149 150 152 153 156 157 158 159 160 161 166 
 77 1 2 5 7 10 12 15 17 18 19 20 21 23 24 25 26 28 31 32 33 34 36 40 44 45 47 49 50 51 52 53 57 58 59 60 62 64 65 66 69 70 76 77 78 79 80 85 86 88 94 96 97 98 99 100 104 106 110 111 114 115 116 120 123 124 125 128 134 135 137 138 142 151 158 161 162 166 
 87 1 2 3 5 7 8 9 10 11 13 15 16 17 19 20 24 27 28 35 36 37 38 39 40 41 42 43 44 45 46 47 48 49 50 52 56 59 60 62 63 65 69 71 72 73 74 77 81 82 84 86 88 89 92 93 94 102 103 104 106 107 108 115 116 118 119 120 122 124 125 126 129 130 131 132 133 134 136 138 139 143 144 147 150 156 161 164 
 91 1 3 6 8 9 10 11 12 13 14 15 17 18 20 22 23 24 25 27 28 29 30 31 32 33 35 36 37 39 40 41 42 44 45 46 47 48 50 51 53 54 56 57 58 61 63 65 66 67 68 72 73 76 77 79 80 82 84 85 86 88 92 93 97 99 101 102 103 110 113 114 118 122 129 131 132 133 137 140 141 142 143 147 149 151 154 155 156 159 160 161 
 92 1 2 3 4 5 6 7 9 10 11 12 15 16 19 20 22 23 27 28 29 33 34 35 38 42 43 45 46 48 52 54 56 60 62 63 64 65 66 67 69 70 71 72 75 78 79 81 82 83 85 89 90 91 92 93 95 96 98 99 102 105 106 107 108 109 114 116 117 119 120 121 125 126 127 130 131 133 135 140 141 142 143 145 150 153 156 157 159 160 164 165 167 
 69 1 2 3 4 5 6 7 11 13 14 15 16 17 18 19 21 23 26 27 33 34 36 37 38 42 43 50 55 56 57 58 61 64 65 73 77 81 83 84 88 89 91 92 93 94 96 97 101 103 104 105 108 113 116 118 121 123 124 128 129 132 133 139 140 142 145 152 160 164 
 82 3 5 6 7 9 12 14 15 16 17 18 19 20 22 23 24 29 30 32 33 38 39 40 41 43 44 47 48 49 50 51 53 55 56 57 58 61 62 63 64 65 67 72 74 76 77 78 79 80 81 83 84 85 86 87 89 90 91 94 97 99 100 101 107 108 112 120 123 127 129 130 134 136 143 144 145 156 157 158 159 161 166 
 81 1 3 6 7 8 10 11 12 13 14 15 17 19 22 23 26 28 32 33 35 39 41 43 47 48 50 51 52 54 55 56 58 60 61 63 67 70 71 72 73 75 78 79 80 81 83 84 85 86 88 89 90 91 93 94 95 102 104 105 107 111 115 117 118 126 128 129 137 138 139 140 141 142 146 147 150 152 155 156 160 162 
 82 1 2 3 4 5 7 8 9 11 12 13 14 16 19 20 21 22 24 25 28 29 33 35 36 37 38 44 45 49 50 51 56 57 58 59 61 62 64 65 66 69 71 73 74 75 77 81 84 87 89 94 95 96 97 99 101 102 104 106 107 109 110 113 114 115 116 119 128 132 135 136 138 140 142 143 145 147 150 153 159 162 166 
 92 1 2 3 4 5 6 8 9 10 11 12 15 17 18 19 20 21 22 23 24 25 26 27 28 29 31 32 33 34 35 37 38 39 40 44 47 48 53 54 55 56 57 58 61 62 63 65 66 67 68 70 71 73 74 75 82 84 87 89 91 92 93 95 103 106 108 109 119 121 122 123 127 128 132 136 138 139 140 142 144 146 149 151 153 154 156 161 162 163 164 165 166 
 81 2 3 4 5 7 8 10 11 12 13 14 16 17 18 19 22 23 25 26 27 28 30 32 35 40 41 42 43 44 45 46 47 48 52 53 54 55 59 60 62 63 66 67 69 71 72 80 81 82 83 84 86 88 90 94 99 100 101 108 110 113 114 116 121 127 128 134 138 139 140 141 142 143 148 149 151 153 159 163 164 167 
 83 1 2 4 5 6 7 12 13 14 15 16 17 18 19 20 24 25 26 28 30 31 32 35 36 37 39 40 41 42 43 44 46 50 53 54 55 56 57 59 62 63 65 74 75 76 77 78 80 83 87 88 89 91 92 93 94 98 99 100 101 102 105 108 109 112 113 114 117 118 123 126 128 130 133 134 135 137 139 142 144 149 160 166 
 81 2 4 5 6 7 8 9 10 12 13 14 15 17 18 20 21 23 24 26 27 28 29 31 32 34 37 38 39 40 41 42 43 46 50 52 53 54 55 57 59 62 63 64 66 67 73 79 80 86 87 90 91 94 97 98 100 102 104 106 107 112 114 118 119 121 123 124 128 130 133 134 141 147 148 150 155 157 159 160 164 166 
 84 1 3 4 5 8 10 12 15 16 17 18 19 20 21 23 26 27 29 32 33 35 37 39 43 44 45 47 48 50 54 55 57 58 61 62 64 66 67 68 70 74 75 77 82 83 85 87 90 91 94 99 101 102 105 106 108 109 110 112 114 116 117 118 119 122 123 125 127 128 129 130 133 134 137 141 148 150 151 154 155 159 160 161 163 
 74 1 2 3 4 5 6 7 8 9 10 13 15 19 20 21 22 24 25 28 29 32 33 34 35 36 40 42 43 49 50 52 57 58 64 68 69 71 72 73 76 80 81 82 83 87 88 89 91 92 95 97 98 100 101 103 107 108 110 115 121 123 126 129 133 134 138 139 140 142 145 149 152 155 159 
 89 1 2 4 6 7 8 10 11 12 13 14 16 17 19 20 21 22 24 25 26 27 28 29 30 32 34 35 36 37 39 41 43 44 45 49 50 51 60 61 63 69 70 73 74 75 76 77 80 85 87 88 89 91 94 96 97 100 101 102 105 108 110 112 113 114 116 117 118 119 120 121 122 123 124 126 131 132 133 137 138 139 141 149 151 152 153 155 161 162 
 74 4 6 7 8 10 11 12 14 15 16 17 18 19 20 21 22 23 24 26 27 28 29 30 31 34 36 37 41 42 43 46 49 51 53 59 63 64 65 66 67 69 70 71 77 78 79 80 81 84 89 90 91 92 94 95 96 98 100 101 104 106 107 110 114 123 125 128 131 134 142 146 154 160 161 
 77 5 6 7 8 10 11 14 20 21 22 23 24 26 27 28 30 31 32 33 34 35 37 38 39 40 41 45 46 48 49 50 54 56 57 58 62 65 67 70 71 75 78 79 84 85 89 93 95 96 98 102 106 107 108 110 111 112 113 116 117 120 121 123 125 126 127 129 132 135 137 138 140 143 144 147 152 163 
 89 1 2 3 4 5 6 7 11 12 13 14 15 16 17 18 19 22 23 24 28 30 31 32 33 35 36 37 38 39 40 41 44 45 46 49 50 54 58 59 60 62 64 65 66 68 70 74 77 78 79 82 84 86 92 93 94 96 97 98 102 105 106 107 111 113 115 118 119 121 125 126 127 128 130 132 133 135 138 139 140 143 152 155 157 161 162 163 165 166 
 79 1 2 3 4 5 6 7 8 14 15 18 19 21 25 27 28 29 31 32 35 36 37 39 40 41 42 43 46 51 52 53 54 55 56 58 60 61 65 68 71 72 76 77 79 80 81 85 87 88 90 95 96 99 100 101 103 105 109 113 114 119 120 122 123 124 126 128 129 134 141 143 146 151 152 157 158 159 161 164 
 95 1 2 4 5 6 10 11 12 13 14 16 17 18 19 20 21 22 25 30 32 35 36 37 38 41 43 44 45 47 51 52 53 54 56 57 58 59 60 61 62 63 64 68 71 72 73 74 76 78 79 81 83 84 87 91 92 94 95 98 99 100 102 103 106 108 109 112 113 114 115 116 117 118 120 121 122 124 125 126 127 128 130 134 136 137 141 144 146 150 151 152 154 156 158 164 
 78 1 2 3 4 5 6 8 9 10 12 13 17 21 24 25 27 28 29 30 31 32 34 36 40 43 44 45 46 47 48 52 53 54 55 58 60 66 67 68 69 70 71 72 75 78 79 81 82 83 85 86 94 95 97 103 105 106 107 108 109 116 120 123 124 125 128 129 132 136 138 139 144 148 149 151 152 155 161 
 77 1 2 3 4 5 6 7 9 11 12 13 14 16 17 19 20 22 23 25 26 28 29 31 33 37 38 39 40 42 43 44 45 47 50 51 52 53 55 58 60 62 68 69 71 73 74 76 78 86 89 90 92 93 101 107 109 111 112 113 114 115 116 119 122 131 134 138 141 143 145 148 153 154 156 158 159 161 
 88 4 5 6 7 8 9 10 13 14 19 21 23 24 25 26 27 29 30 31 34 35 36 37 38 40 41 42 45 46 47 48 51 52 53 54 55 57 58 59 61 62 63 67 68 70 72 74 75 77 80 82 83 85 87 90 95 97 98 104 105 109 112 113 116 117 119 121 122 124 126 127 128 129 130 136 138 142 144 148 149 150 151 153 157 159 163 164 166 
 77 2 3 7 9 10 11 12 13 14 16 18 19 20 21 23 24 25 26 27 29 30 31 33 36 39 40 45 46 47 48 53 55 59 61 65 69 72 73 75 76 79 82 84 86 87 94 97 98 99 101 102 103 104 106 107 109 111 112 118 121 123 135 138 139 140 141 145 147 148 149 150 153 155 156 157 158 164 
 78 1 2 5 6 8 11 12 13 14 15 17 18 19 21 22 23 24 26 28 30 38 39 40 41 45 46 48 49 52 53 54 55 57 58 59 62 63 64 65 66 67 68 71 76 77 78 90 93 95 97 98 99 103 104 108 110 113 115 116 117 120 121 125 127 128 129 132 136 139 143 145 147 148 150 151 156 157 158 
 74 1 2 3 4 8 10 11 13 15 16 18 20 22 23 29 30 31 33 34 35 36 37 39 42 43 45 48 49 52 54 56 57 58 61 63 64 65 67 72 73 75 76 77 78 82 83 97 99 100 104 111 112 114 115 116 118 119 122 125 129 131 133 134 135 138 142 143 144 145 146 148 154 161 162 
 84 1 2 3 4 8 9 10 11 13 14 17 18 22 24 25 26 27 28 36 37 38 39 40 41 42 43 45 47 48 50 51 52 53 56 59 60 61 62 65 68 69 70 72 74 75 77 79 84 87 88 90 91 92 94 95 96 98 100 101 108 111 113 115 121 122 125 127 128 129 130 131 136 139 140 141 144 145 149 150 151 152 156 159 160 
 78 1 2 3 4 5 6 7 8 9 11 13 15 16 17 21 23 24 26 27 28 29 31 32 36 37 41 42 43 44 45 46 48 49 50 52 54 55 56 57 59 61 64 66 71 73 74 77 80 81 86 89 92 96 97 99 101 102 107 108 110 111 112 116 117 120 124 131 132 136 138 140 145 146 148 154 165 166 167 
 75 3 4 8 9 12 13 15 17 20 25 27 29 30 31 32 33 36 38 41 42 43 46 49 50 53 55 57 58 59 61 62 64 67 68 69 75 76 77 78 79 80 82 83 85 86 87 88 91 93 96 99 103 105 106 111 112 114 117 118 119 124 127 128 129 135 140 143 144 147 148 152 154 161 165 167 
 86 1 8 9 10 11 12 16 19 21 22 23 26 27 29 33 34 35 37 38 39 44 47 48 49 50 51 52 54 55 56 60 61 62 65 66 68 69 72 74 75 76 77 79 81 82 83 84 86 87 89 90 91 92 98 100 102 105 107 109 111 112 115 116 118 119 120 121 123 124 126 127 128 131 133 135 137 141 145 146 148 149 157 158 161 162 167 
 80 1 2 3 5 7 9 14 16 18 21 23 24 25 26 30 31 40 41 42 43 44 45 46 47 50 53 54 57 59 60 61 62 65 66 67 70 72 75 76 78 79 80 82 83 84 85 87 88 92 96 98 104 106 110 111 115 117 118 120 121 124 133 134 135 136 137 139 146 147 148 149 150 152 153 154 155 157 159 163 164 
 75 1 2 3 6 7 8 9 10 12 13 15 16 18 20 21 22 23 24 25 27 29 30 33 34 35 36 40 41 44 47 51 53 55 59 62 63 64 68 71 72 75 76 82 84 87 90 91 93 95 97 98 99 101 102 104 106 107 109 110 112 117 122 123 124 127 130 135 136 137 149 155 157 160 162 166 
 77 1 2 3 4 6 9 10 11 12 13 17 19 20 21 23 25 30 31 32 33 34 35 38 40 41 42 43 45 46 49 51 52 53 54 59 60 61 62 65 67 71 73 75 80 81 84 85 87 89 90 93 95 96 99 100 101 102 107 109 110 111 113 114 115 117 121 130 135 137 138 139 144 146 147 149 151 153 
 80 1 2 3 4 5 6 7 8 10 11 13 14 15 18 20 21 22 24 26 27 29 30 31 32 33 34 35 38 42 44 46 49 51 52 53 56 57 60 61 63 66 69 72 73 75 76 83 84 86 87 88 93 94 95 98 99 100 109 111 112 120 126 128 131 133 135 136 138 142 145 146 148 149 151 154 155 156 157 159 164 
 66 1 2 4 5 7 8 9 10 11 13 16 17 18 26 28 29 30 31 32 34 40 41 42 50 53 57 58 66 73 74 76 78 79 80 81 85 86 87 91 92 100 102 106 109 110 113 117 119 122 124 125 126 130 131 132 133 134 135 137 138 140 143 148 150 152 158 
 81 1 2 5 6 7 8 10 14 16 17 18 19 21 22 23 24 25 28 29 31 33 35 37 38 39 40 42 43 44 45 46 48 51 52 56 58 59 60 61 64 65 70 72 73 76 77 78 80 82 86 87 89 92 97 104 108 111 112 113 114 115 116 117 122 123 124 125 126 128 129 130 135 137 141 142 149 152 154 158 163 165 
 92 1 2 3 6 7 8 9 12 13 14 17 18 19 20 21 23 24 25 29 30 33 34 37 40 41 42 43 44 45 46 47 48 50 53 56 57 58 59 61 62 64 66 67 68 69 70 74 75 79 80 83 84 85 86 87 88 89 90 91 92 93 94 95 98 100 102 103 106 107 110 114 116 117 119 120 123 124 125 127 131 133 135 137 139 140 147 148 156 157 160 162 163 
 70 1 2 3 4 6 9 10 11 12 13 15 16 17 20 22 26 31 33 34 35 38 41 43 44 47 56 57 58 60 63 64 65 66 68 69 70 73 74 75 85 86 87 88 89 91 92 93 95 97 98 103 104 106 107 108 110 118 131 134 135 137 139 140 143 149 154 156 160 162 163 
 67 1 3 5 6 8 9 12 13 14 15 18 19 20 23 26 27 29 30 31 32 33 38 44 47 49 51 53 54 56 58 60 64 68 70 71 72 74 75 76 78 83 84 86 88 90 92 93 96 99 100 102 103 109 110 111 122 123 127 130 132 142 146 153 155 160 163 167 
 78 1 2 4 5 6 8 9 10 11 12 13 16 17 19 20 22 23 24 25 26 28 29 30 31 33 36 38 39 41 45 47 49 50 51 54 56 57 59 61 65 70 71 73 76 77 78 79 81 83 85 89 92 93 94 95 96 97 98 99 100 102 103 104 105 111 114 118 119 128 129 130 132 133 142 143 145 146 161 
 78 1 2 3 5 7 8 9 10 12 13 14 16 17 18 19 20 21 22 25 30 34 37 39 40 42 47 48 54 55 56 60 63 64 66 67 68 69 71 73 75 76 79 82 86 87 89 90 92 94 98 99 100 101 104 105 106 109 110 111 114 118 119 124 125 126 135 137 138 139 144 145 147 150 151 153 158 160 164 
 74 1 2 3 4 5 7 8 9 10 11 12 14 16 20 21 22 27 28 30 32 33 35 39 44 45 48 49 50 51 52 54 56 60 62 63 66 67 69 70 71 78 80 82 83 87 90 91 95 96 97 100 101 104 106 107 108 109 110 111 115 116 117 118 122 131 133 134 137 141 144 145 148 150 156 
 83 1 2 3 8 9 11 12 13 14 16 17 20 24 25 26 27 28 30 33 34 36 37 38 39 41 42 43 45 46 48 49 51 54 57 59 61 62 64 65 66 68 70 72 73 74 76 79 81 84 85 86 90 91 97 101 103 111 113 114 117 118 121 123 124 125 128 130 131 132 134 135 136 137 140 147 150 151 153 154 155 157 162 165 
 90 3 5 8 9 10 11 14 15 16 17 18 20 21 23 25 26 27 29 30 31 32 33 34 35 37 38 39 41 42 44 45 46 47 48 49 51 52 53 54 55 57 62 64 65 67 68 73 74 76 77 78 80 82 85 87 88 90 91 96 97 100 102 103 104 105 108 111 113 115 118 119 120 122 124 126 127 129 131 133 134 136 140 141 144 146 147 156 158 163 165 
 79 1 2 3 4 6 7 9 11 12 16 18 21 22 24 25 27 29 31 34 35 36 39 40 42 43 44 46 48 51 52 53 55 58 59 60 62 63 64 66 67 68 69 70 71 72 73 80 81 86 89 90 92 97 98 99 101 102 111 112 113 114 115 121 122 131 132 134 136 138 144 145 146 147 151 152 154 155 157 164 
 86 1 2 3 4 7 8 9 15 16 18 19 20 22 23 24 25 26 27 28 30 32 34 35 37 38 46 48 49 50 51 52 53 54 55 56 58 60 61 63 64 65 66 69 71 72 75 78 81 83 86 90 91 93 95 96 97 98 99 101 102 103 104 105 108 114 115 117 118 121 122 126 127 130 131 132 134 147 150 151 153 155 157 158 162 164 165 
 78 1 3 4 5 7 8 9 10 11 12 13 17 21 23 27 31 36 37 38 40 41 42 43 45 46 47 49 51 54 55 58 61 63 66 68 70 71 74 80 82 83 85 88 89 90 91 92 96 97 98 99 105 106 107 108 109 111 114 118 119 120 124 129 130 132 133 135 142 143 144 146 147 148 153 158 159 160 162 
 80 2 4 6 7 9 11 12 13 15 16 18 19 20 23 24 25 28 30 31 34 36 37 40 43 47 48 49 55 60 61 63 65 66 67 68 69 70 71 72 74 75 76 79 80 81 82 84 89 90 91 92 94 95 105 107 108 109 110 111 112 115 118 122 125 129 130 131 134 136 140 141 143 145 146 149 154 159 163 165 167 
 81 1 2 3 4 5 6 7 8 9 10 14 15 16 19 21 22 23 24 25 26 27 29 31 33 34 35 36 38 39 40 48 49 50 52 54 55 57 59 60 61 63 64 67 69 70 71 72 77 79 80 81 82 84 85 87 90 93 94 95 96 101 103 105 108 112 117 119 120 122 124 126 137 140 144 154 156 158 159 162 165 166 
