 50 167
 3 3 3 3 3 3 3 3 3 3 3 3 3 3 3 3 3 3 3 3 3 3 3 3 3 3 3 3 3 3 3 3 3 3 3 3 3 3 3 3 3 3 3 3 3 3 3 3 3 3 3 3 3 3 3 3 3 3 3 3 3 3 3 3 3 3 3 3 3 3 3 3 3 3 3 3 3 3 3 3 3 3 3 3 3 3 3 3 3 3 3 3 3 3 3 3 3 3 3 3 3 3 3 3 3 3 3 3 3 3 3 3 3 3 3 3 3 3 3 3 3 3 3 3 3 3 3 3 3 3 3 3 3 3 3 3 3 3 3 3 3 3 3 3 3 3 3 3 3 3 3 3 3 3 3 3 3 3 3 3 3 3 3 3 3 3 2 
 86 1 2 5 6 10 11 12 13 15 16 17 19 20 21 22 24 25 26 29 30 31 32 33 36 37 38 39 40 44 46 51 55 56 57 58 59 60 62 63 64 65 66 67 70 71 72 73 75 76 78 80 82 83 84 87 92 93 94 96 97 98 101 102 106 107 108 109 115 119 120 122 126 130 133 134 138 143 147 148 153 156 159 160 161 162 166 
 79 1 4 6 9 13 14 17 18 19 21 22 23 24 25 27 28 29 30 31 34 35 36 37 38 40 42 46 47 48 54 55 62 63 64 66 69 70 71 72 73 74 75 76 78 79 80 81 82 85 87 94 95 98 99 100 101 102 103 104 106 108 110 111 112 113 119 120 123 128 130 133 134 135 139 147 150 151 153 166 
 76 2 3 4 5 9 10 12 13 14 16 19 20 21 25 27 30 31 32 34 35 36 38 41 42 43 50 51 52 53 54 55 59 61 67 68 69 70 71 75 77 79 85 86 87 91 95 96 97 98 99 100 104 108 111 112 113 118 120 121 122 124 132 134 136 140 141 143 149 150 155 156 158 161 164 165 167 
 78 3 4 5 9 10 12 13 15 16 18 19 21 22 23 25 26 27 29 32 34 39 42 43 44 51 52 53 58 59 61 62 67 68 70 73 74 75 77 79 81 82 84 85 88 89 91 94 96 98 99 101 103 105 106 109 110 111 113 116 118 119 121 125 127 129 130 131 132 137 140 141 142 145 146 147 149 151 160 
 82 1 3 4 5 6 7 8 9 11 13 17 20 21 22 23 28 30 33 38 41 42 45 46 49 51 52 53 54 56 57 58 59 60 63 65 67 68 69 70 72 74 76 80 81 82 83 84 85 86 88 90 91 94 95 96 99 103 108 109 110 113 114 115 117 122 123 124 125 127 128 133 134 136 139 140 141 147 152 156 158 159 161 
 79 2 4 6 7 8 10 11 13 14 15 16 18 19 22 24 26 29 31 33 36 37 40 46 48 51 52 54 55 56 57 58 60 61 62 65 67 70 71 72 74 75 78 79 80 82 83 84 85 88 89 90 93 95 97 98 101 105 111 112 113 114 115 117 119 120 121 124 125 126 127 129 133 134 148 154 155 158 159 163 
 92 1 4 5 6 7 8 9 10 11 14 15 16 17 18 20 21 27 28 29 30 31 33 35 37 39 40 43 44 45 46 47 48 49 50 51 52 57 59 61 64 65 71 73 76 78 84 85 87 89 91 92 94 97 98 99 100 101 102 104 106 108 110 114 115 116 117 118 120 122 123 125 126 128 129 132 133 135 136 141 143 149 150 151 153 157 159 160 161 163 164 165 167 
 86 1 3 6 8 10 11 12 15 17 18 21 22 23 24 26 28 29 30 32 33 34 36 38 40 41 43 44 45 46 47 50 51 53 55 57 58 62 63 67 68 69 72 74 75 77 81 82 83 84 85 87 88 90 94 95 97 101 102 103 105 106 108 111 113 115 116 117 122 126 128 129 130 132 134 135 136 139 143 144 145 147 149 153 158 160 166 
 79 1 2 6 7 10 11 13 14 15 16 19 28 29 31 32 35 38 40 42 43 44 45 47 48 52 53 54 55 56 57 58 60 61 62 63 64 67 68 69 71 74 75 76 77 78 80 81 84 88 89 91 92 95 101 104 105 106 109 110 115 118 119 122 124 126 127 128 135 138 139 141 142 143 146 147 151 153 154 156 
 84 1 2 4 5 6 7 8 10 11 13 14 15 16 19 20 21 23 25 26 27 28 30 32 34 35 36 37 39 41 42 45 47 49 53 54 56 57 60 61 65 66 68 71 72 74 76 78 84 90 92 93 94 97 98 101 104 105 107 108 110 112 115 116 118 119 121 124 125 128 131 132 135 137 138 141 142 145 146 149 151 153 155 158 163 
 83 1 2 6 7 8 9 10 12 13 14 17 20 21 22 26 27 28 29 30 33 34 35 37 38 39 40 42 43 44 45 46 47 50 52 55 59 60 62 67 68 69 70 71 74 77 78 79 82 83 86 88 90 91 93 95 97 99 101 102 104 107 108 109 112 115 121 127 131 133 134 139 143 144 148 149 150 152 158 159 160 161 162 165 
 81 1 3 4 5 7 9 11 12 14 16 17 18 20 22 23 24 28 30 33 34 38 39 40 41 48 49 51 52 56 57 58 59 61 62 63 64 67 68 69 70 72 74 77 81 84 85 86 87 93 94 95 98 99 101 102 107 108 110 112 113 114 119 122 123 125 128 129 131 137 138 140 142 144 146 147 153 154 155 162 163 165 
 83 1 2 3 5 6 7 9 10 11 12 14 15 16 17 18 20 22 23 24 28 30 31 32 33 34 35 36 37 38 42 44 46 47 49 50 52 53 55 56 57 58 59 61 62 64 65 66 68 69 71 72 73 76 79 80 83 87 88 90 94 98 100 106 107 109 110 111 113 115 123 124 126 128 129 131 139 143 148 150 154 156 164 167 
 88 1 2 4 6 7 9 11 12 14 15 17 18 20 21 22 23 25 27 29 30 32 33 36 37 40 44 45 46 48 49 51 52 53 56 57 58 60 62 63 64 66 67 68 69 72 81 82 84 86 87 93 98 99 100 102 104 107 109 112 114 115 116 117 120 122 125 127 130 132 133 134 137 139 140 144 146 147 148 149 151 153 156 158 161 162 163 165 166 
 74 1 2 3 5 6 7 8 9 10 13 14 15 16 17 19 20 21 24 25 27 29 31 32 34 35 36 37 38 39 41 43 44 47 50 60 62 64 68 70 71 72 76 78 82 84 86 90 92 94 95 96 98 102 103 105 106 118 121 125 128 133 135 142 143 145 146 148 151 154 158 160 162 165 166 
 69 1 2 3 4 6 7 8 12 14 16 17 18 20 22 23 24 25 26 27 28 29 31 34 35 37 39 41 45 46 47 49 50 56 57 60 64 66 68 70 72 82 87 90 96 97 100 103 104 106 107 109 116 117 118 124 125 128 132 135 137 141 142 143 145 148 150 151 161 162 
 78 2 3 4 5 6 7 10 12 13 14 18 20 22 24 26 27 28 30 31 32 34 37 38 39 42 43 44 48 49 50 53 54 59 60 61 62 63 64 66 69 72 73 75 77 78 82 85 88 89 90 91 93 96 100 104 105 107 110 111 112 114 115 121 129 131 132 133 136 139 145 146 147 151 153 157 160 162 166 
 83 1 2 4 7 8 9 10 11 13 15 17 18 19 20 22 26 27 29 30 33 34 35 36 37 38 41 42 44 45 47 48 49 52 55 58 59 62 65 66 67 73 78 79 81 82 83 84 86 87 90 92 98 101 102 103 104 106 107 109 111 112 113 116 118 119 120 121 127 129 130 135 136 140 141 144 148 149 150 152 154 158 160 165 
 74 1 2 3 4 5 6 9 10 11 13 15 16 19 21 22 24 27 28 36 37 38 40 41 43 44 45 46 47 49 50 51 53 54 55 58 59 64 66 67 71 72 74 75 77 81 86 88 89 91 94 95 97 102 105 110 113 115 120 121 122 123 127 131 136 138 139 141 143 147 150 152 158 162 166 
 85 3 5 8 9 11 12 14 15 17 21 22 23 24 25 26 27 28 30 33 34 35 36 38 39 42 43 46 48 49 50 52 54 55 56 60 61 66 67 70 75 77 80 82 83 84 85 87 91 96 99 100 101 102 103 105 106 107 108 109 111 112 113 117 120 122 125 126 127 128 129 132 134 135 138 139 142 147 148 150 152 155 159 164 165 166 
 84 1 2 3 4 5 6 8 9 10 12 15 16 18 23 24 25 33 36 37 38 39 41 42 44 45 47 49 50 51 52 53 54 55 57 61 62 63 66 68 69 70 71 72 74 75 77 79 80 81 82 83 86 87 88 89 90 91 92 94 96 99 103 104 105 106 110 112 113 117 118 119 122 128 134 135 142 145 148 153 161 162 164 165 166 
 72 1 2 4 5 6 7 12 16 17 20 22 24 25 27 28 29 32 33 35 39 40 41 44 46 47 48 53 54 56 57 61 63 64 66 67 68 69 70 74 83 84 85 86 88 89 90 92 93 94 102 106 108 110 116 118 120 122 126 127 129 130 131 135 136 143 144 145 152 153 157 158 159 
 73 1 2 3 5 6 7 9 10 11 16 17 18 21 22 23 24 25 28 29 30 32 33 36 37 41 43 44 45 49 50 51 52 54 55 56 57 58 60 64 67 68 70 73 75 76 78 80 82 84 86 87 89 93 94 96 97 111 112 114 115 117 124 125 128 130 134 135 138 143 144 150 159 164 
 72 3 5 6 8 10 12 13 15 16 17 19 21 28 29 35 36 39 40 41 43 47 48 49 50 51 53 54 55 57 58 59 61 63 64 66 70 72 77 84 85 86 87 89 90 91 94 96 97 102 105 106 107 110 112 117 124 127 131 132 133 135 137 140 141 144 145 152 156 158 159 163 166 
 97 1 2 5 7 8 9 10 11 13 14 15 16 17 18 19 20 21 22 23 24 26 27 28 30 31 33 35 36 37 39 40 42 43 44 45 46 48 49 50 51 52 53 54 55 56 59 61 62 63 65 66 68 70 73 75 76 78 79 80 82 83 84 88 90 91 93 95 98 99 100 102 104 109 110 112 113 114 116 121 128 129 131 133 138 139 140 142 143 145 146 147 152 153 154 155 158 163 
 77 1 2 4 5 7 8 9 10 12 13 15 16 17 19 20 21 23 26 27 28 29 31 32 35 40 42 44 45 48 49 50 52 54 56 59 61 63 64 65 66 67 71 74 76 77 79 80 81 84 91 92 93 97 99 100 101 103 104 107 111 115 116 117 121 127 131 132 136 137 149 150 152 154 156 159 161 162 
 80 1 2 3 4 6 7 8 9 12 13 16 18 21 23 24 25 27 29 30 36 37 40 41 45 46 52 56 57 58 59 61 63 64 65 66 67 68 69 70 73 75 76 79 81 82 83 85 86 88 90 92 93 95 96 98 99 101 103 105 107 108 109 110 115 116 119 120 121 124 125 126 129 133 138 145 147 148 150 156 164 
 83 2 3 4 6 7 8 9 10 11 13 15 16 18 19 22 24 26 28 29 31 36 37 38 39 41 44 45 46 47 48 51 53 55 60 61 62 64 65 70 72 73 74 75 76 78 79 80 84 85 88 89 90 91 94 95 96 99 100 101 102 103 104 105 106 108 111 112 115 117 119 121 123 125 132 140 142 143 148 154 155 157 159 164 
 83 2 3 4 5 6 7 10 11 12 14 17 18 19 20 22 23 24 25 26 27 29 31 33 34 35 36 38 39 40 44 47 48 49 53 55 56 57 59 62 64 65 66 71 76 78 79 81 85 86 88 89 90 91 93 99 103 106 107 109 110 111 112 113 114 115 117 119 120 126 130 131 132 138 142 144 146 148 151 152 155 158 159 166 
 68 5 6 8 9 13 14 16 19 21 23 25 26 27 28 30 31 34 35 37 38 45 49 50 51 53 54 56 57 59 60 61 62 66 69 71 72 74 78 80 82 84 86 92 93 97 98 100 103 105 106 108 114 117 119 122 123 125 131 132 135 137 141 147 150 157 158 159 163 
 81 1 2 3 4 6 12 13 14 15 18 20 21 23 25 26 27 31 32 37 40 41 42 44 45 46 47 48 51 55 58 59 60 62 66 67 68 70 73 74 77 78 79 80 81 82 83 87 88 89 90 91 92 93 99 100 101 102 104 105 108 111 112 115 117 120 122 124 125 127 131 133 136 141 147 149 152 154 155 157 163 167 
 78 1 3 4 5 7 8 9 10 11 14 15 16 17 18 19 20 21 23 27 28 29 30 33 35 39 40 41 47 51 52 53 55 56 60 64 65 67 69 72 73 74 76 77 79 80 81 82 83 87 89 92 95 96 102 104 105 108 113 114 119 122 123 135 136 139 140 141 143 146 147 149 152 154 157 159 160 161 164 
 76 1 2 3 5 7 8 9 11 14 15 17 18 21 23 24 25 27 29 30 32 33 34 39 40 42 43 45 50 52 63 64 65 69 71 73 74 77 79 80 81 85 86 87 88 94 98 100 102 104 108 113 114 115 116 120 121 123 124 125 126 127 128 129 133 135 136 137 138 146 152 154 156 159 161 162 166 
 76 1 2 3 7 8 11 12 13 16 17 21 23 24 26 27 29 30 31 34 35 42 43 44 46 48 49 50 52 53 54 56 58 59 60 63 65 66 68 71 74 75 77 78 81 82 89 91 92 94 95 100 101 102 103 104 107 108 109 110 111 112 113 115 117 124 125 126 127 130 133 144 147 152 153 155 164 
 78 1 2 3 4 5 7 8 9 11 12 13 15 16 19 20 21 22 23 26 28 31 33 34 35 38 40 41 42 43 46 47 49 50 51 52 55 56 57 58 60 62 63 64 65 71 72 74 77 79 83 85 86 87 94 96 97 98 99 104 106 114 116 123 126 127 128 129 130 132 136 151 152 155 157 159 163 164 165 
 68 1 2 3 4 6 10 11 12 14 15 16 18 19 28 29 31 32 33 35 36 37 39 40 45 46 48 49 50 52 53 55 56 58 59 61 64 65 68 69 72 76 77 79 81 85 86 88 89 93 97 99 102 107 108 114 115 116 117 123 130 131 132 138 139 141 144 150 151 
 76 2 5 6 7 8 10 11 12 13 15 16 17 21 22 24 26 27 30 32 33 35 38 40 43 44 45 47 48 50 51 55 57 60 63 65 70 73 75 76 77 78 79 81 82 83 85 87 88 89 90 91 92 94 96 104 106 107 112 114 116 118 119 122 126 129 132 133 134 139 141 144 147 156 157 160 164 
 86 1 2 3 4 6 8 9 11 12 13 16 17 18 19 22 25 26 27 28 31 32 33 35 38 39 41 42 46 48 52 53 54 55 57 58 59 63 65 67 69 70 71 72 73 75 77 81 83 87 89 90 92 93 95 96 97 98 99 101 104 106 108 109 111 113 114 116 117 118 120 121 123 125 126 130 137 140 141 142 143 144 146 147 151 153 156 
 78 2 4 5 6 7 8 10 11 12 14 15 16 21 25 29 31 32 33 34 35 38 40 41 42 43 44 46 47 49 50 54 57 58 61 62 63 65 67 68 71 76 77 78 79 81 82 83 85 88 90 91 92 93 94 96 97 99 103 105 106 109 110 115 123 124 126 131 134 135 137 138 140 144 148 154 160 162 164 
 83 1 2 3 4 5 6 8 9 11 12 13 14 15 16 19 24 25 28 30 33 34 35 36 37 39 40 41 42 43 44 45 46 47 50 51 52 59 60 63 64 65 66 68 69 72 73 84 86 87 90 91 92 94 95 101 105 111 112 113 114 116 118 119 120 122 123 125 127 128 130 131 132 134 136 137 138 141 143 146 150 156 157 163 
 75 1 3 5 6 11 13 14 19 20 23 25 27 28 29 30 31 32 33 34 36 37 38 41 43 46 48 51 53 54 55 57 59 60 61 64 65 67 69 71 72 74 75 76 78 81 85 89 92 93 96 100 102 104 105 106 108 110 112 118 119 121 123 127 129 130 131 137 138 140 146 154 157 158 160 165 
 83 1 2 3 4 6 7 9 11 14 15 16 17 18 20 21 23 25 26 27 28 29 30 31 32 33 34 35 37 39 40 41 42 45 49 58 61 63 65 67 69 71 72 75 76 77 80 81 83 84 86 87 88 89 91 92 93 95 96 97 98 99 100 102 103 109 112 113 115 116 118 121 124 126 134 137 139 140 141 144 148 157 159 165 
 83 1 2 3 6 7 10 12 13 14 18 20 21 22 23 24 25 27 28 30 31 34 35 37 38 39 40 41 42 43 45 46 47 48 49 51 56 57 58 59 60 61 62 63 64 68 72 73 74 75 76 80 81 83 86 87 90 91 92 94 98 99 102 103 104 107 110 113 117 120 121 123 125 126 130 138 139 140 148 149 151 154 155 157 
 87 1 4 5 6 7 8 9 10 12 14 15 16 18 20 21 22 25 26 27 29 30 31 32 36 37 40 41 43 44 45 46 47 48 50 51 52 53 54 58 60 61 62 64 65 66 67 68 69 73 75 76 77 79 80 82 83 86 91 99 100 103 106 107 110 111 116 118 121 123 126 127 128 131 132 133 134 135 136 142 143 146 149 150 154 155 159 165 
 79 1 3 4 5 7 8 9 10 11 12 13 14 15 17 18 20 21 24 27 28 31 34 35 38 40 42 43 44 45 47 50 53 54 55 56 57 58 60 62 68 69 70 73 74 77 80 83 84 85 86 88 89 93 99 100 105 109 114 119 123 124 126 130 131 133 134 135 136 138 139 140 148 149 151 153 155 162 163 164 
 86 1 2 3 4 5 6 9 10 12 13 14 15 17 19 21 24 25 26 27 28 30 32 33 36 37 38 42 46 47 48 49 50 54 55 56 59 60 62 65 66 68 70 71 72 75 77 78 79 80 85 88 89 91 92 93 95 96 97 100 101 103 104 106 108 109 110 111 113 114 117 118 120 123 126 127 128 129 130 132 136 137 147 149 157 162 165 
 84 1 2 3 6 8 9 11 13 15 16 17 18 19 23 24 26 28 29 30 31 32 33 36 39 41 43 44 45 46 48 49 50 52 53 61 62 63 66 69 74 76 78 79 82 83 86 87 90 91 95 100 101 103 104 107 108 109 110 114 116 117 119 120 122 123 124 126 128 129 131 133 137 139 140 141 142 144 145 146 150 151 160 161 167 
 78 1 3 5 6 7 9 10 11 12 13 14 16 17 21 22 23 26 28 31 32 33 34 35 36 37 38 41 43 46 47 50 51 54 55 57 63 67 68 73 75 78 79 84 85 87 88 89 91 92 93 94 95 97 98 100 103 105 106 107 108 109 110 111 114 116 122 129 130 132 133 134 137 140 142 143 158 160 161 
 87 5 8 9 10 11 12 13 14 15 16 17 18 19 20 22 25 27 29 31 32 33 35 37 39 42 43 44 48 50 51 53 55 56 57 58 59 60 62 66 67 69 70 75 78 79 80 81 82 83 90 91 93 95 96 98 100 101 102 105 106 107 108 111 113 114 118 121 123 124 130 133 137 139 140 141 142 144 146 149 151 152 153 154 156 157 164 167 
 81 1 2 3 4 5 6 7 8 9 11 12 13 14 15 16 21 23 25 26 28 29 30 31 33 34 35 37 38 39 42 45 47 48 49 51 53 54 56 57 58 63 65 66 67 69 70 71 73 80 81 83 86 87 91 92 95 97 98 99 101 103 107 109 112 113 114 116 118 122 123 124 129 132 135 137 139 145 147 155 156 163 
