 50 167
 3 3 3 3 3 3 3 3 3 3 3 3 3 3 3 3 3 3 3 3 3 3 3 3 3 3 3 3 3 3 3 3 3 3 3 3 3 3 3 3 3 3 3 3 3 3 3 3 3 3 3 3 3 3 3 3 3 3 3 3 3 3 3 3 3 3 3 3 3 3 3 3 3 3 3 3 3 3 3 3 3 3 3 3 3 3 3 3 3 3 3 3 3 3 3 3 3 3 3 3 3 3 3 3 3 3 3 3 3 3 3 3 3 3 3 3 3 3 3 3 3 3 3 3 3 3 3 3 3 3 3 3 3 3 3 3 3 3 3 3 3 3 3 3 3 3 3 3 3 3 3 3 3 3 3 3 3 3 3 3 3 3 3 3 3 3 2 
 77 1 2 3 4 5 6 7 8 10 11 12 13 16 17 18 19 20 23 25 26 27 28 29 31 32 33 37 40 41 44 45 47 48 50 57 58 59 63 64 68 70 72 73 76 78 79 81 82 84 85 87 88 89 90 95 101 105 110 117 118 120 122 125 127 128 132 133 134 138 139 141 144 148 151 156 161 164 
 64 1 4 5 7 9 10 12 13 15 16 17 19 20 22 24 26 30 31 32 33 34 38 40 44 45 51 52 57 58 59 60 63 65 70 76 78 87 90 92 93 94 96 97 98 103 106 109 110 113 120 121 122 124 125 127 128 138 143 144 146 148 150 156 158 
 82 1 2 3 4 5 8 9 10 12 14 15 19 20 22 23 24 28 29 30 31 32 34 38 40 41 48 54 55 56 57 58 59 61 64 65 67 68 69 70 74 75 76 78 81 83 84 86 87 89 91 93 94 96 97 102 103 105 107 108 111 113 120 122 123 124 125 126 127 129 130 132 147 148 150 151 153 156 157 160 161 164 165 
 73 1 2 7 9 13 14 16 17 18 21 22 25 27 29 31 32 34 35 38 39 42 45 47 48 49 50 52 53 54 57 61 63 64 67 68 69 73 74 75 78 80 81 82 83 84 86 89 91 92 95 96 99 100 101 105 111 114 117 118 121 123 127 128 135 137 139 143 146 149 154 160 161 164 
 88 1 2 5 6 8 11 12 13 14 15 17 18 20 21 22 23 24 25 26 27 28 29 30 32 33 36 41 42 43 44 46 48 51 53 54 55 56 57 58 59 60 61 62 63 64 67 69 70 71 74 77 78 79 82 84 86 87 88 90 91 94 96 101 102 105 106 107 109 112 113 115 118 120 124 125 126 130 135 137 143 147 151 152 154 155 159 162 166 
 71 1 3 6 8 9 11 12 13 15 16 21 25 26 28 33 34 37 38 39 41 44 46 47 48 49 51 52 53 58 60 64 66 67 68 70 75 76 77 80 81 83 90 91 92 93 95 96 100 102 103 106 107 110 111 116 117 123 124 131 139 140 145 146 153 154 157 159 163 165 166 167 
 92 1 2 3 5 6 8 9 10 11 12 13 14 15 16 17 19 20 21 22 23 24 26 28 29 30 31 33 34 35 36 37 39 40 41 43 45 47 49 51 53 56 57 59 60 61 63 64 65 66 67 72 74 78 82 83 84 92 93 94 95 96 103 104 107 109 114 115 119 120 122 123 124 125 126 128 129 131 134 138 139 140 144 145 147 151 154 155 159 160 162 165 166 
 82 1 2 4 5 9 10 11 13 14 15 16 17 18 20 21 23 25 26 27 29 31 32 33 37 40 41 42 43 45 48 52 57 59 63 64 65 66 67 68 70 71 72 73 74 76 78 80 81 82 84 86 94 96 99 102 103 104 107 108 112 114 115 116 119 122 125 129 130 131 134 135 136 140 144 148 153 157 158 159 163 164 166 
 74 2 5 6 7 8 9 10 11 12 15 16 18 19 21 23 24 25 27 30 36 39 41 43 44 46 48 49 53 54 55 62 65 66 68 73 74 75 78 81 82 87 88 95 97 98 99 100 101 104 106 108 109 110 112 114 115 117 119 123 125 127 129 132 135 136 137 138 143 145 149 151 154 158 162 
 76 1 2 4 6 7 8 9 10 11 12 13 14 16 17 20 22 25 27 32 34 35 36 37 39 40 41 42 43 45 46 47 49 50 52 57 59 61 62 64 65 67 68 69 70 74 75 76 77 79 87 88 92 93 96 98 100 101 103 104 105 106 116 117 119 124 125 130 132 133 138 141 156 157 158 159 162 
 74 1 2 3 5 6 12 13 14 15 16 17 18 22 23 24 27 30 33 34 37 38 40 42 46 50 52 54 57 59 60 62 63 67 69 70 73 77 79 80 82 85 88 90 91 92 95 97 98 99 103 104 105 106 107 109 116 118 119 120 121 124 126 127 128 131 133 134 136 138 141 145 149 156 165 
 78 3 4 6 9 10 11 15 16 17 18 20 21 22 23 24 26 27 28 30 32 33 34 35 37 38 39 41 42 43 48 49 53 56 57 58 61 68 72 73 79 80 81 84 87 90 91 92 93 94 98 99 101 103 106 107 108 111 112 114 117 118 122 124 125 134 135 138 140 144 146 148 149 151 153 155 157 158 162 
 85 3 4 5 6 7 8 9 12 15 16 17 19 21 23 25 27 28 29 30 31 34 36 38 41 42 43 44 45 46 47 49 52 53 54 55 56 60 61 63 65 66 68 69 73 75 78 79 80 81 84 86 87 89 90 91 92 94 95 101 102 111 115 117 121 122 123 126 127 129 133 134 137 142 146 148 149 150 153 155 156 158 160 161 163 165 
 82 1 2 3 6 7 8 9 10 12 13 14 15 16 17 19 20 23 28 31 32 33 34 35 36 38 40 42 44 46 47 48 50 52 53 54 55 59 60 61 62 65 67 70 71 72 73 75 76 79 80 81 82 83 85 86 89 92 93 95 100 106 109 110 114 116 118 120 124 126 127 130 131 132 133 135 141 143 148 153 155 158 159 
 72 1 3 4 6 7 8 10 11 12 14 17 18 19 21 23 25 28 29 30 32 35 37 38 39 40 42 45 48 49 50 55 57 61 62 63 67 69 70 71 74 75 77 79 80 81 83 84 86 89 92 93 95 97 98 103 105 109 116 117 120 121 122 126 130 132 142 148 149 152 158 161 164 
 90 1 2 3 4 6 7 10 11 12 14 15 17 18 19 20 21 24 26 30 34 35 37 38 39 41 42 43 44 46 47 50 51 55 56 58 59 60 62 64 65 66 67 68 69 71 72 74 77 78 79 81 82 83 86 89 90 91 92 93 96 97 98 100 102 105 106 108 112 113 114 116 118 122 124 126 129 132 133 135 137 138 140 141 144 146 148 150 152 156 160 
 76 1 4 5 7 10 12 13 14 15 18 19 25 26 35 36 38 39 41 44 46 47 48 49 52 53 54 55 56 59 60 63 64 65 66 69 70 72 73 75 77 79 83 84 86 88 90 96 97 100 102 103 105 106 108 109 110 111 113 114 115 118 121 122 125 128 138 141 142 143 144 147 150 152 155 159 165 
 79 1 3 5 6 7 8 9 11 12 15 18 19 22 23 25 26 27 28 30 31 34 40 41 42 44 45 46 47 50 51 52 53 54 56 58 60 66 69 73 74 75 77 80 82 83 85 88 89 90 93 94 95 96 97 98 99 100 101 102 104 106 107 108 112 113 114 115 116 118 123 124 127 129 132 142 150 152 161 163 
 70 1 2 4 6 8 18 20 21 22 23 24 25 26 29 30 33 36 37 38 39 40 42 43 44 46 48 50 53 55 56 57 60 62 64 65 67 71 72 73 75 77 78 80 81 85 86 87 90 95 96 98 104 105 115 119 121 126 128 129 134 135 136 139 141 144 147 148 156 159 162 
 85 1 2 3 6 7 9 11 12 13 15 17 19 20 23 24 25 28 29 31 32 33 34 35 36 39 41 42 43 44 45 46 47 49 50 51 55 57 60 62 64 66 70 71 73 74 76 77 81 85 86 87 89 90 91 93 94 101 102 104 105 110 114 118 121 122 127 130 131 132 134 135 136 137 140 141 143 145 149 151 152 155 157 160 163 164 
 73 1 2 3 5 7 9 17 18 19 20 22 24 27 29 30 34 37 39 40 41 42 43 48 49 50 51 53 56 57 58 59 60 62 64 66 68 69 70 71 72 75 76 79 80 86 88 94 97 98 100 111 115 116 118 119 120 126 128 129 131 133 134 136 137 138 144 146 147 150 151 154 155 158 
 81 1 2 4 5 7 8 10 12 13 14 16 18 19 21 22 23 24 27 28 30 31 33 34 36 37 40 41 42 44 45 46 49 52 54 55 56 58 63 65 67 70 71 72 75 76 80 81 82 86 88 90 91 93 94 95 96 99 100 102 103 104 106 110 111 112 116 117 118 120 121 125 128 131 132 137 142 146 148 150 155 156 
 77 2 6 7 9 11 13 14 15 16 17 18 19 20 21 22 25 26 27 31 32 35 36 37 40 41 42 44 46 47 48 51 52 53 56 58 61 62 64 65 69 71 75 79 87 89 90 94 98 99 100 101 102 105 106 107 109 110 113 119 120 121 124 128 129 131 134 136 139 142 144 146 148 155 156 157 161 163 
 80 7 8 11 12 13 15 16 17 18 19 20 21 22 24 25 26 28 29 31 34 36 37 38 41 43 45 48 49 50 52 54 57 58 59 60 61 62 64 67 69 70 71 76 77 79 81 82 84 85 88 89 90 91 92 98 100 102 104 106 107 108 111 115 116 119 121 123 124 132 133 134 137 138 142 143 147 155 157 159 161 
 82 2 3 4 5 6 8 9 11 12 14 15 19 20 21 24 25 27 29 30 32 33 34 35 36 38 40 41 42 45 47 50 51 52 53 54 55 56 57 58 59 63 69 70 71 73 74 75 77 78 81 82 83 84 86 88 89 90 91 93 96 99 101 102 103 105 106 108 112 113 115 127 139 140 143 144 145 146 147 153 156 158 160 
 93 1 2 3 5 7 8 9 10 14 15 16 18 19 20 22 23 24 25 27 28 29 30 31 33 34 35 36 37 38 39 41 42 45 46 47 48 49 56 57 59 60 64 65 67 68 69 70 71 72 73 74 76 77 80 82 83 84 85 86 91 92 93 94 96 99 101 106 109 110 111 112 113 115 117 118 123 125 126 127 128 129 132 135 136 142 143 147 148 150 152 157 159 166 
 72 2 3 4 5 10 11 12 13 14 16 17 20 24 25 26 27 28 32 33 38 39 40 41 43 44 45 46 47 48 51 53 54 55 56 59 62 63 68 70 74 80 81 82 84 85 88 90 91 96 97 99 100 102 103 109 110 118 122 124 128 129 130 133 134 137 140 151 152 153 161 163 167 
 82 2 5 6 7 8 12 13 15 16 17 20 23 24 25 26 28 33 37 38 39 40 42 43 44 48 49 50 54 56 60 61 64 65 67 68 69 71 72 73 74 75 76 79 83 85 86 87 88 90 91 92 99 101 104 105 107 108 109 115 117 119 122 123 127 129 130 131 133 135 136 139 141 145 147 148 152 154 155 156 157 158 159 
 73 2 3 4 5 6 7 9 10 11 13 14 15 17 20 21 23 27 28 31 33 35 38 39 43 45 47 50 51 52 53 54 55 59 61 64 65 70 73 74 76 77 83 86 88 89 92 103 107 110 111 113 115 116 117 119 121 123 125 126 127 128 130 131 132 134 137 140 141 145 147 152 154 162 
 70 1 2 3 5 6 7 9 10 11 13 15 16 17 18 19 21 22 25 26 27 30 31 33 35 36 37 39 43 47 51 53 55 58 59 63 64 65 68 69 71 72 73 75 77 80 81 83 84 86 87 92 93 96 97 99 101 109 110 111 112 119 123 125 132 136 143 144 145 151 163 
 90 2 4 5 6 7 9 10 11 12 13 14 17 19 20 22 23 25 26 27 31 32 33 37 38 39 44 46 47 49 50 51 52 53 54 55 58 59 61 64 65 68 75 76 77 79 80 81 83 85 87 88 89 90 91 93 101 102 103 104 105 106 109 110 113 115 116 121 124 125 127 130 131 133 136 138 139 142 145 147 149 150 151 152 155 156 157 160 161 162 165 
 73 1 2 4 5 6 9 10 11 12 13 14 15 16 17 18 20 21 23 25 29 34 35 37 38 39 42 43 44 45 47 48 50 54 55 56 58 59 60 61 62 63 65 70 72 78 79 82 83 84 87 91 94 102 103 104 105 108 111 114 116 117 124 125 126 127 128 133 141 149 154 156 162 163 
 81 2 3 4 7 8 9 10 11 12 13 14 15 17 21 22 23 26 27 28 29 30 31 32 34 35 37 38 39 40 43 44 46 47 48 50 51 52 53 55 57 60 62 63 64 73 75 76 77 79 81 88 94 98 99 100 103 107 112 114 119 123 124 125 126 129 130 131 135 136 138 139 140 142 144 145 147 153 159 160 165 166 
 78 1 2 3 4 5 7 8 9 10 11 12 17 18 22 24 26 29 31 32 35 36 39 40 41 45 52 54 57 58 61 67 69 70 72 74 75 76 77 80 82 84 85 88 90 93 94 95 97 98 99 100 101 102 103 106 107 108 110 114 116 119 120 122 126 131 137 138 140 142 145 146 149 153 156 160 162 163 164 
 82 1 3 4 5 7 8 10 11 12 13 14 16 18 21 22 23 24 25 26 27 28 29 30 31 32 35 36 37 38 40 41 42 44 45 46 49 50 51 52 58 62 63 64 66 74 75 77 78 81 82 83 84 87 88 93 99 102 106 107 110 113 116 118 121 123 127 128 131 133 134 136 140 144 145 146 149 151 153 154 157 161 166 
 78 1 2 4 5 6 8 11 12 14 18 19 20 24 26 28 29 30 31 32 33 34 35 36 43 44 45 48 49 53 55 56 57 58 61 62 63 66 67 68 69 70 71 72 73 74 78 79 80 82 84 89 92 94 98 99 100 102 103 104 107 108 109 114 115 117 120 123 131 132 134 141 145 146 154 155 160 163 164 
 75 1 3 4 6 7 8 9 11 12 14 15 16 19 21 24 26 27 28 29 30 33 34 35 36 37 42 43 45 46 47 49 50 51 54 62 64 65 67 68 70 71 76 78 79 82 83 85 87 88 93 94 95 98 99 102 104 105 108 110 111 112 114 117 119 120 121 124 125 128 137 139 147 154 156 161 
 73 1 5 7 10 17 18 19 20 21 23 24 26 30 31 32 33 35 37 38 41 43 46 48 51 55 58 61 63 65 66 67 68 69 70 71 73 75 77 78 79 80 83 84 86 89 90 91 92 95 96 99 100 102 104 106 109 111 114 117 118 119 123 125 127 130 133 134 137 139 143 158 159 166 
 72 1 2 3 4 5 6 8 10 12 13 16 17 20 21 22 24 26 29 30 32 33 34 35 37 38 39 43 48 50 54 56 57 59 62 63 65 66 67 68 69 70 73 76 85 87 88 91 92 95 97 101 104 105 106 109 110 111 113 115 124 125 126 130 133 135 136 139 140 143 148 152 160 
 83 1 2 3 4 5 6 11 13 14 15 16 18 22 24 25 27 28 29 30 32 34 35 36 37 39 41 42 43 45 48 49 51 54 56 59 66 67 68 70 71 78 80 86 88 89 90 92 94 97 98 101 104 106 107 108 109 112 113 119 120 121 122 129 131 132 133 134 135 136 138 139 141 142 144 146 147 148 150 155 157 160 161 163 
 73 1 2 5 6 7 9 10 12 13 14 19 21 23 25 28 29 31 32 33 35 36 37 39 40 43 47 49 51 56 59 60 61 62 63 65 66 71 72 73 74 75 80 84 85 86 90 91 93 95 97 99 101 102 105 107 114 116 118 123 124 126 130 132 133 140 143 146 149 150 153 159 160 162 
 79 1 2 3 4 5 6 8 9 10 11 12 15 18 20 21 23 24 31 35 36 38 39 40 41 42 43 45 47 49 51 52 53 55 56 57 58 59 60 61 62 63 65 70 71 73 74 76 79 82 91 95 98 104 105 106 108 109 110 111 112 118 119 122 123 124 126 128 129 132 134 138 142 143 148 152 155 158 165 166 
 81 1 3 4 5 6 7 8 9 10 13 15 17 19 21 22 23 25 26 34 35 36 37 40 42 43 46 49 50 52 54 55 56 57 59 61 62 65 66 68 69 71 72 74 77 78 79 80 81 82 85 87 89 93 98 102 105 108 110 111 113 115 118 119 120 128 130 133 135 136 137 138 142 144 145 146 147 148 149 154 157 164 
 86 3 4 5 6 7 8 11 13 16 17 19 21 22 23 24 26 27 28 30 31 32 33 35 36 41 46 48 49 50 53 54 55 56 57 58 59 60 61 62 63 66 71 76 78 80 82 87 88 89 92 95 96 97 102 106 107 108 109 110 111 113 115 118 120 121 123 125 127 129 131 132 137 139 140 142 143 145 146 147 149 153 154 155 158 163 165 
 84 1 2 4 5 7 10 12 13 15 16 17 19 20 23 24 25 28 31 34 37 38 40 41 46 47 52 53 54 55 58 60 62 63 65 66 67 68 70 72 74 76 77 78 79 80 82 83 84 86 87 88 90 93 94 96 97 100 104 107 110 113 116 120 121 123 125 126 127 128 130 138 140 142 145 148 149 150 151 152 154 159 164 166 167 
 84 1 5 6 7 8 9 10 11 14 16 17 19 21 22 23 24 25 26 27 29 30 31 32 38 39 40 44 45 52 55 58 60 61 62 63 64 65 68 69 72 75 76 78 81 84 85 87 88 89 94 95 97 98 99 102 103 104 105 109 113 114 116 117 118 120 121 126 127 129 130 132 134 135 136 137 140 141 147 150 152 153 160 162 164 
 75 3 4 5 6 11 14 15 17 18 19 20 22 25 28 29 30 32 33 35 37 40 41 42 43 44 45 46 48 49 50 53 54 57 58 59 60 61 64 65 67 68 70 71 72 78 79 85 86 88 90 92 93 94 95 103 107 112 117 118 122 126 129 131 134 137 139 142 146 147 148 150 157 158 164 167 
 80 1 2 5 6 10 15 16 17 18 19 22 24 26 27 29 32 33 34 37 40 47 48 49 50 51 54 55 61 65 66 68 69 72 73 74 75 76 77 78 79 80 81 83 84 85 88 91 93 94 96 97 98 99 101 107 109 112 119 122 125 126 128 129 130 133 135 136 137 140 142 143 145 146 147 157 158 161 162 163 167 
 77 3 5 6 7 8 10 13 14 16 18 20 21 22 25 27 28 30 32 34 35 36 38 39 40 42 44 45 46 47 51 53 56 58 59 62 63 64 66 67 71 73 75 76 81 82 83 85 89 91 96 97 99 100 103 104 105 113 116 117 119 121 128 129 130 131 132 134 138 141 145 148 149 151 153 157 159 166 
 81 2 3 4 5 6 7 8 9 10 11 13 16 18 19 21 22 23 25 26 27 28 29 35 36 37 38 39 41 43 44 51 52 55 56 57 59 61 62 64 67 69 72 74 77 78 79 80 81 85 89 91 94 98 99 101 104 106 107 108 109 111 113 114 115 118 122 123 124 128 131 132 133 135 139 142 144 150 153 155 156 164 
